0,339,1413,305,274,429,510,492,320,675,287
1,291,169,37,342,337,606,60,253,707,349
2,288,1413,492,1493,739,497,429,291,377,274
3,606,1504,1413,1493,1452,312,1639,113,1626,315
4,332,326,185,12,60,474,455,954,323,520
5,55,1504,165,191,1413,319,812,480,433,44
6,878,125,1504,1493,345,223,844,1413,771,612
7,49,356,126,339,271,1021,1413,1481,337,646
8,257,192,220,649,1504,323,1612,507,326,125
9,1481,1413,894,1504,1643,462,546,1639,131,1626
10,1635,1413,1504,154,212,344,142,945,606,176
11,271,324,110,192,312,1452,287,161,1677,320
12,212,113,948,1493,523,548,126,619,158,1072
13,1413,1643,184,1504,431,968,135,878,132,478
14,749,1413,497,688,630,164,339,611,524,641
15,523,212,474,630,1413,1493,275,497,457,41
16,1504,41,708,241,512,245,530,880,155,184
17,339,407,274,9,528,321,921,13,461,656
18,1504,1643,1635,113,935,1626,1413,407,267,196
19,327,1504,749,719,120,878,162,263,277,256
20,303,211,516,630,30,474,302,275,681,442
21,462,736,1504,1011,113,133,1639,125,606,54
22,135,894,285,132,305,1006,528,1504,345,1643
23,407,212,1504,474,254,1635,523,49,315,113
24,257,498,314,490,649,546,935,316,970,1481
25,681,303,510,312,1493,326,649,1413,302,220
26,271,345,922,161,339,285,1643,1493,500,18
27,962,1504,333,332,1639,1626,256,1009,521,155
28,1504,1493,523,908,407,113,1452,1643,299,1062
29,407,345,581,339,498,1643,477,1038,1504,894
30,270,314,1626,1481,184,498,22,1413,739,1566
31,220,510,935,257,113,301,192,516,302,309
32,1504,749,327,901,250,254,55,277,1626,1413
33,407,1504,49,268,133,474,297,152,257,482
34,1504,293,300,18,507,257,1452,1493,1639,332
35,300,1504,44,708,878,515,169,260,468,822
36,1504,241,512,12,250,1493,510,318,330,13
37,301,322,279,303,422,657,832,839,1452,384
38,546,1481,894,1626,314,269,201,1020,155,704
39,318,296,288,115,241,200,595,681,637,1493
40,44,501,1413,646,177,210,611,655,427,1626
41,1504,606,312,168,691,271,293,1639,660,1045
42,1504,606,18,110,1452,1493,1413,306,1196,1635
43,1504,149,1626,269,282,318,6,314,72,241
44,1504,323,716,12,735,549,514,268,315,746
45,1635,1413,327,113,1504,344,520,281,84,1493
46,407,13,1504,474,482,530,275,212,614,497
47,1504,306,498,407,477,581,878,894,239,689
48,874,523,237,113,318,976,730,185,474,709
49,1504,18,54,323,1639,257,113,606,324,507
50,1504,1413,125,274,330,1639,1626,1625,1493,192
51,1504,1626,512,1639,250,498,1493,1643,1413,486
52,1626,749,935,510,1493,1413,257,495,1643,1504
53,302,516,649,580,1643,323,113,1493,179,99
54,689,1413,1635,282,314,492,1481,1504,301,306
55,1626,1504,269,1413,749,1347,256,1493,688,155
56,332,60,1504,276,507,515,302,614,1639,99
57,1504,107,878,497,477,454,874,614,59,530
58,241,1066,1625,1635,1504,330,16,125,188,270
59,1413,1066,606,332,1625,1064,1504,113,303,1493
60,1504,1639,520,1626,240,1011,603,113,1018,1413
61,1504,241,125,753,18,244,349,433,488,1612
62,468,169,488,241,319,107,135,1504,191,645
63,1504,1413,176,740,880,434,342,245,250,1626
64,270,330,1635,1493,343,677,250,309,28,1504
65,1504,257,1481,498,152,1639,18,1452,1643,297
66,318,270,60,1626,1493,962,761,1504,332,660
67,303,192,301,305,220,268,935,274,271,272
68,1413,1626,346,1047,510,739,326,899,344,113
69,291,1626,1493,750,286,155,302,303,1347,1413
70,339,1504,407,345,282,188,1413,239,639,501
71,1504,326,12,1196,1493,497,274,1413,312,285
72,1413,643,431,184,704,19,1643,602,478,199
73,1413,1493,646,1504,1626,269,223,315,1481,346
74,324,918,343,513,320,1635,110,1643,132,675
75,339,640,557,579,164,497,136,604,179,687
76,1504,878,1626,1643,178,9,311,749,239,497
77,1413,1493,1643,1626,345,895,303,1625,291,269
78,306,878,1504,184,1643,155,1413,643,918,208
79,1493,288,1049,1504,299,497,1643,881,688,845
80,649,1493,507,1452,332,179,134,302,516,339
81,1504,1493,407,470,689,300,1643,345,1626,282
82,269,344,1626,935,192,327,1193,749,257,263
83,1504,1493,1413,1452,312,901,155,1626,14,712
84,339,497,749,343,536,1643,123,1551,513,1413
85,962,603,60,332,735,1504,325,268,1626,1024
86,1504,1413,306,1626,1481,1639,1643,567,1635,176
87,241,200,708,330,155,1504,170,1493,302,59
88,1504,302,303,1413,180,1639,332,1625,192,155
89,1413,1504,485,1626,142,878,301,749,682,164
90,1413,269,894,1481,1626,546,314,1504,1643,287
91,1626,1413,1643,1504,136,523,9,130,706,658
92,339,749,320,342,276,343,271,1452,933,250
93,115,429,1635,407,13,241,537,1566,196,528
94,345,282,753,528,1504,407,537,284,689,747
95,895,113,257,631,10,886,1481,220,1635,709
96,303,1413,895,1066,492,516,345,19,248,211
97,510,12,323,126,255,1072,954,503,1626,511
98,113,462,257,297,520,1504,1009,1639,1481,332
99,300,1504,44,660,729,822,611,281,41,498
100,332,113,698,962,60,1493,709,315,623,346
101,1504,606,306,1493,929,407,41,1413,100,212
102,1504,1413,1625,1635,1639,1643,1626,303,968,301
103,1504,327,305,715,747,528,274,268,321,303
104,606,1504,1413,100,1452,113,462,18,908,324
105,1493,41,1626,497,353,749,510,1141,339,649
106,133,482,407,1504,630,750,614,509,474,9
107,339,500,136,241,510,135,177,708,271,169
108,962,268,0,332,315,303,1504,192,312,95
109,449,312,271,606,469,110,1413,1504,1452,1677
110,1024,512,747,1504,749,298,293,250,339,1626
111,339,1504,1626,897,282,1413,1643,284,482,497
112,330,1504,749,1413,1626,192,935,720,180,326
113,293,318,300,1493,1141,1626,493,280,897,344
114,178,323,58,1136,1504,428,507,468,655,169
115,1504,874,300,4,150,289,125,326,10,245
116,1504,125,188,1625,1413,18,1639,878,508,223
117,962,332,333,49,315,268,60,646,256,1009
118,1493,302,330,320,160,497,777,105,117,1135
119,327,749,1481,257,301,142,339,498,1626,365
120,7,646,302,301,29,220,442,339,655,323
121,257,133,1011,301,58,520,113,220,96,1504
122,1413,1504,968,1643,1639,497,812,113,326,1626
123,268,241,125,1566,330,149,646,1504,537,876
124,330,739,160,546,344,1493,1049,1413,1481,120
125,1504,1413,1626,418,749,142,434,1481,878,135
126,332,962,1504,268,1066,315,1009,832,302,303
127,1626,658,493,1141,344,300,1413,1504,135,150
128,49,1085,1504,113,316,268,7,237,1626,503
129,312,1413,287,1452,876,518,300,1635,1504,895
130,1504,407,212,530,267,156,299,107,514,282
131,474,90,170,13,503,188,1064,330,516,427
132,1635,257,297,1481,1504,54,270,8,522,486
133,274,303,326,1413,1504,327,401,901,749,510
134,1504,125,407,18,1643,345,1493,646,878,1653
135,651,1643,113,314,1413,675,483,123,658,1504
136,1504,244,125,299,156,614,302,407,1639,95
137,1504,1626,1643,1639,1413,1493,660,523,658,212
138,922,407,170,188,18,345,1196,955,1504,223
139,332,268,241,1504,55,901,422,302,303,155
140,1413,1504,344,1626,1493,346,212,306,193,740
141,125,312,881,508,1504,955,192,18,470,300
142,1413,1504,155,55,276,21,1625,274,1626,1493
143,287,1452,895,1677,312,343,649,320,1493,516
144,1504,880,1626,282,193,740,176,254,9,1413
145,305,546,1047,440,739,96,1413,268,287,649
146,1504,257,1639,180,171,268,168,498,125,300
147,256,897,300,715,345,878,751,646,62,327
148,293,269,897,271,1021,257,1193,345,922,1481
149,303,274,248,528,268,646,1413,315,693,301
150,1643,1626,546,1413,1193,269,345,1481,1038,285
151,1504,520,327,192,1493,113,462,508,407,281
152,324,1452,100,306,606,689,422,619,1635,154
153,241,579,658,497,509,1504,13,135,339,522
154,339,510,305,285,320,675,918,274,90,921
155,301,323,812,1413,113,303,192,516,1639,220
156,878,1643,497,1504,1626,47,485,1493,178,133
157,241,747,1504,512,646,135,537,938,528,488
158,302,1493,332,1504,303,326,315,113,192,515
159,179,630,497,211,516,59,639,465,557,1643
160,241,342,305,268,167,1566,537,91,1504,55
161,1413,1493,749,1626,401,86,1504,377,160,327
162,1504,935,1493,113,192,1626,1639,1413,301,315
163,1504,1626,125,300,1413,1493,250,1639,1481,269
164,1504,1413,1626,1639,749,1493,250,524,330,878
165,1504,1413,1493,41,21,288,749,1626,155,524
166,257,894,272,301,49,316,970,546,935,297
167,878,168,289,1045,285,344,606,312,1639,824
168,1504,1085,267,1626,1639,316,168,935,257,187
169,1504,1635,407,113,331,1625,1413,309,1459,1452
170,606,323,1504,1413,516,113,12,126,908,56
171,749,524,1413,434,431,41,501,477,418,1504
172,1504,1493,1643,523,407,179,497,1626,614,18
173,1100,1493,303,302,706,43,115,427,922,497
174,344,1413,431,1626,739,1493,330,1635,1504,196
175,407,1635,1504,1643,345,282,306,356,886,297
176,136,606,1504,1413,179,169,497,515,212,126
177,21,1504,1413,306,1626,749,524,1493,1018,880
178,895,923,631,897,440,163,891,492,269,1481
179,1413,1064,274,346,1493,704,1625,113,523,637
180,344,865,41,337,613,1045,312,281,1141,1677
181,1493,125,689,1635,440,1481,1452,223,309,192
182,1626,1493,1504,344,1413,124,523,936,1481,236
183,275,407,306,1493,1643,1504,523,708,212,314
184,241,13,1635,314,296,510,339,739,1413,1566
185,288,923,482,407,708,465,474,241,318,655
186,1643,461,675,1493,12,1038,323,302,90,922
187,691,1504,1643,100,606,1493,736,1413,1626,312
188,1643,1038,115,546,345,498,236,1626,1481,706
189,1504,155,1493,1626,288,1413,482,636,1452,296
190,1504,1413,1493,303,274,155,284,1626,302,312
191,649,1504,318,1639,241,58,643,507,1141,1626
192,212,1413,9,483,1626,611,254,695,291,142
193,1413,516,895,510,126,606,346,1626,1141,287
194,303,331,1635,606,113,1493,1413,1452,309,384
195,462,113,192,1413,968,1639,297,345,303,1059
196,300,1504,312,691,327,1481,470,1045,299,171
197,1413,1626,880,1504,749,434,306,524,343,894
198,309,12,523,113,1493,649,323,510,1504,275
199,1413,1481,1626,256,1504,962,269,120,677,936
200,643,306,241,342,747,1413,271,248,428,1008
201,1504,878,614,520,244,1050,133,462,1639,96
202,1504,1413,330,196,1566,595,125,1635,344,429
203,1413,306,751,689,241,345,501,1504,492,1008
204,1413,1504,1643,1635,407,1493,1626,113,523,1625
205,303,248,324,220,323,1066,192,110,398,101
206,297,1504,1635,142,482,1481,49,1626,254,152
207,431,1413,306,524,346,184,344,1626,611,874
208,1504,1024,1639,434,1413,165,878,962,920,135
209,339,191,241,1413,1626,44,200,493,518,510
210,1481,293,1626,10,1141,1021,120,300,962,691
211,1504,1626,1493,1643,184,1413,523,503,739,874
212,606,1413,1493,346,1452,698,516,113,548,1626
213,113,606,895,548,516,1452,1220,523,507,698
214,1413,44,749,1626,1504,165,434,501,191,182
215,643,1413,649,1643,1639,1626,31,658,287,178
216,318,104,636,523,1493,155,296,241,286,637
217,150,113,740,660,1413,126,176,54,1626,1635
218,133,655,7,498,29,49,345,268,407,521
219,1452,1493,1504,300,482,41,518,606,507,1141
220,10,125,241,318,4,1566,874,886,537,1635
221,133,1504,482,1626,603,1481,1011,257,1643,236
222,1504,165,1024,1639,180,326,455,962,1413,720
223,689,407,1493,1504,254,482,288,656,124,923
224,274,330,305,510,1413,326,165,196,1006,342
225,271,1452,244,287,1639,1504,220,606,58,301
226,465,275,1493,606,332,516,523,179,211,466
227,1493,470,923,922,327,281,689,293,312,845
228,886,282,130,133,601,152,314,1017,345,459
229,1481,631,895,546,1635,287,1413,657,440,1452
230,318,149,595,241,72,429,193,537,1493,1504
231,133,237,630,1175,612,333,6,1643,46,115
232,1413,1504,894,1639,287,324,1626,271,1643,301
233,339,749,1413,434,501,524,343,13,1626,386
234,1493,1626,749,935,314,124,60,257,504,495
235,330,677,160,250,320,276,270,720,144,1579
236,13,1504,212,326,474,12,1413,55,707,512
237,1504,407,474,13,1413,321,1493,482,630,656
238,655,498,130,970,692,1136,480,13,339,152
239,1504,482,299,897,1452,339,518,152,468,1626
240,1504,1626,120,1481,894,300,1493,749,546,287
241,318,241,1493,309,330,1635,296,1566,510,698
242,84,297,1504,49,1635,407,257,839,651,301
243,428,698,1493,854,510,1413,1626,500,465,422
244,1504,1413,1639,901,1625,55,21,188,342,155
245,1413,1021,434,895,142,182,1626,510,346,150
246,269,1413,1635,1481,344,1626,1504,346,142,1193
247,332,895,58,516,698,1020,296,60,891,637
248,407,306,428,523,1504,1643,1626,1175,521,314
249,1413,606,301,126,1635,434,386,100,342,86
250,606,41,1504,332,1413,1493,962,936,277,378
251,1504,1413,1643,1639,1626,497,12,1493,477,512
252,1626,162,344,878,749,1493,273,311,1347,1504
253,897,152,482,282,689,923,1504,407,300,748
254,327,871,165,1635,300,486,1504,250,264,429
255,1504,1413,1626,254,256,1493,274,193,431,250
256,1504,407,135,188,501,345,522,747,753,538
257,922,528,212,549,429,407,693,309,646,84
258,212,878,1504,503,136,135,1413,407,612,1626
259,1413,303,1504,968,268,88,1047,1625,1050,333
260,1504,749,1626,1413,1639,327,1493,168,936,434
261,241,457,895,1413,708,1635,428,961,492,522
262,522,1635,1612,241,468,1504,39,110,605,464
263,241,1635,1504,18,1566,305,522,1612,167,407
264,1504,936,41,1493,660,606,254,1626,1639,250
265,749,326,60,332,1413,353,1626,165,681,510
266,1504,1493,302,470,327,1038,1049,407,750,377
267,345,1643,285,546,580,649,1639,113,268,968
268,241,708,13,474,961,306,45,753,208,319
269,1635,1413,110,1504,606,522,241,1452,306,1196
270,1493,41,606,878,777,1504,99,1413,59,1643
271,318,296,1493,149,534,13,281,510,1635,325
272,606,1493,1452,922,312,303,1635,1413,302,646
273,1504,407,508,180,192,125,18,1643,1635,955
274,1635,1452,1504,1413,522,241,356,422,301,689
275,1413,1643,1504,1639,1635,516,287,113,812,1612
276,606,301,126,212,1413,901,1504,474,315,100
277,1413,1504,274,1493,1626,1643,510,646,1639,271
278,649,12,244,614,125,267,302,933,335,747
279,1413,1006,274,1504,968,196,431,306,880,478
280,303,689,1413,276,1625,1452,90,308,274,345
281,1504,1639,165,646,191,493,479,1626,920,44
282,1493,330,1504,309,318,343,523,250,530,1635
283,497,1413,874,44,503,1643,184,878,1626,918
284,1413,1504,1635,346,1626,457,296,49,55,303
285,332,1493,293,302,923,300,761,646,515,60
286,1504,241,646,512,1639,479,167,645,660,268
287,1413,894,675,1643,1481,314,1626,524,343,749
288,1504,257,935,268,327,192,309,180,269,305
289,342,749,305,287,1413,894,155,1239,191,55
290,1493,346,895,1413,1064,516,510,296,1626,676
291,12,649,267,1504,614,530,1493,497,326,245
292,658,970,1626,1643,498,177,1141,497,493,490
293,1504,660,741,1413,962,1635,486,646,49,315
294,332,188,1009,1504,254,224,270,901,656,741
295,1413,1626,1643,1639,178,1504,1481,462,606,1493
296,1504,1024,133,1639,55,692,165,509,49,191
297,1635,343,440,304,895,257,314,1481,739,492
298,1504,133,647,509,730,1413,49,603,326,520
299,1504,241,1413,1635,512,1626,429,44,191,13
300,1504,293,256,1626,512,1639,495,920,498,168
301,270,332,18,318,677,1452,241,1504,60,10
302,1626,962,58,191,510,1413,155,512,241,1639
303,1504,1413,326,1018,264,707,1639,37,880,185
304,44,655,501,256,498,923,293,339,897,877
305,305,302,155,125,244,1504,241,330,747,188
306,1504,1626,1493,309,293,257,60,193,250,495
307,1413,150,333,136,771,878,1504,1130,682,646
308,1504,1639,962,660,1626,84,168,257,152,49
309,1413,1493,346,330,1626,120,201,160,344,431
310,1413,303,1504,606,1050,100,1625,21,277,915
311,303,301,271,339,220,516,895,211,422,1413
312,345,646,303,115,922,268,348,302,508,1059
313,269,749,309,440,298,546,1626,344,1133,72
314,1504,1413,537,241,1635,522,643,306,282,771
315,477,263,538,29,483,303,1049,407,345,1100
316,1504,12,512,250,530,649,935,267,933,1024
317,1504,603,1626,281,193,327,749,1493,344,82
318,314,55,241,1504,342,123,13,305,250,749
319,1639,1504,1626,1643,31,54,113,133,643,493
320,327,297,301,303,257,520,1504,192,538,1635
321,1097,343,314,306,1504,498,708,581,270,18
322,1504,1413,113,306,1639,606,1626,1643,462,1493
323,1493,332,1626,60,482,504,923,1504,302,962
324,874,212,1493,834,288,497,115,708,289,961
325,256,938,155,512,164,747,897,305,639,989
326,1413,165,191,182,431,132,270,743,878,54
327,1413,1493,1504,1643,1452,1626,1625,908,524,1347
328,1493,314,1626,1413,749,30,86,523,1452,286
329,303,269,274,315,1413,268,327,6,84,158
330,332,241,1504,512,60,155,649,318,342,514
331,1493,523,113,1504,1643,302,709,125,1626,247
332,740,1626,1504,1413,250,193,314,1635,434,1493
333,462,894,1643,498,131,133,96,1504,1639,113
334,1504,1493,288,1413,523,1643,1625,407,1277,282
335,330,331,309,37,1452,1635,332,270,257,125
336,1626,1493,1413,482,603,1504,269,962,481,523
337,241,275,488,753,497,880,708,637,318,537
338,1626,184,1643,497,1413,314,1504,155,123,241
339,312,606,1504,1452,244,469,171,264,300,449
340,241,1504,1643,1413,314,1635,1626,689,537,407
341,339,314,13,581,343,675,492,960,478,739
342,1413,136,1504,126,1626,1643,606,1639,503,212
343,339,640,492,557,482,356,522,1452,1413,689
344,269,1626,1504,49,0,528,268,9,938,735
345,332,1504,614,185,936,962,1009,1493,603,60
346,333,515,1504,736,328,217,1413,606,822,682
347,1413,1504,274,1626,269,305,72,256,327,303
348,155,241,55,296,482,630,133,512,521,191
349,1413,55,342,86,1635,510,749,1452,56,422
350,256,1504,962,300,293,125,1018,155,120,936
351,303,1413,606,312,301,100,58,192,1452,332
352,1504,477,712,301,180,407,297,192,894,29
353,31,123,516,442,1020,692,812,191,133,749
354,1504,1639,1626,1643,18,241,54,643,201,155
355,305,263,192,935,303,894,968,1504,483,180
356,12,342,330,510,274,326,954,251,746,901
357,55,301,474,342,324,1635,1413,86,422,13
358,1504,1639,894,1643,1413,1481,244,345,968,125
359,749,224,301,55,219,254,434,386,7,1626
360,1504,136,604,1413,878,497,150,212,1626,488
361,1626,1413,1493,41,865,962,604,1347,353,162
362,305,330,968,268,196,274,812,290,167,435
363,1504,1413,1626,1493,155,1639,269,1643,1347,274
364,343,191,287,649,749,490,440,518,339,173
365,606,633,54,126,1639,1481,120,1020,1413,1239
366,125,256,302,1504,878,1639,244,1625,146,646
367,200,115,457,1413,326,874,681,191,492,44
368,303,1413,301,1625,268,133,315,492,113,49
369,1504,1625,113,712,302,462,188,323,606,1639
370,1504,21,1413,133,180,55,1625,305,95,91
371,1413,346,142,315,269,327,1481,192,1021,303
372,1504,407,306,212,454,477,267,1493,1097,314
373,681,346,288,1493,325,1047,344,326,709,332
374,1493,1626,1413,314,1504,288,739,1643,291,1481
375,113,18,1635,523,1493,1643,1504,1452,407,318
376,269,1626,1504,1413,271,514,1639,1643,658,528
377,1504,270,486,241,188,54,1635,1413,297,407
378,1504,332,241,962,428,60,512,1626,55,708
379,241,155,200,191,332,512,640,551,1504,518
380,135,878,44,107,497,509,407,483,970,212
381,1504,282,306,880,41,299,300,468,1018,244
382,326,1413,503,274,497,1626,510,427,483,44
383,241,1504,1413,537,646,1635,1626,407,149,1566
384,643,318,241,658,651,123,208,115,637,488
385,1504,271,398,1639,962,872,747,301,514,342
386,345,244,303,268,29,301,938,415,646,897
387,1504,269,962,256,1413,682,268,213,1626,163
388,47,305,314,1504,1038,886,407,314,1626,1481
389,268,115,133,895,646,1047,304,345,631,49
390,1481,1626,236,611,895,142,113,49,257,498
391,1452,332,1493,1504,287,1626,191,241,518,296
392,546,1481,269,192,125,1085,432,894,201,345
393,1504,689,125,306,407,223,748,282,290,18
394,303,346,1493,854,315,274,510,1413,296,128
395,689,1504,188,407,331,330,508,712,384,308
396,1626,346,113,962,1413,523,543,236,237,874
397,327,339,749,344,681,312,205,377,408,142
398,303,501,606,515,100,822,1413,277,1100,656
399,287,1413,689,339,1452,657,120,312,1481,894
400,1504,1413,155,880,21,1626,282,749,254,1625
401,303,1413,301,312,345,192,492,895,220,315
402,522,339,1504,1635,429,1612,271,649,1413,488
403,1504,345,1413,315,1639,606,462,192,1625,244
404,288,133,750,482,282,325,440,636,104,739
405,200,1493,302,878,1141,177,876,182,493,646
406,318,241,1626,698,255,643,428,1133,314,1493
407,342,287,339,271,1626,1452,155,749,320,518
408,323,268,649,520,1024,647,326,812,220,1083
409,345,689,132,1413,881,4,223,844,19,282
410,1504,660,107,212,250,267,407,645,486,1639
411,191,339,287,155,895,640,133,1626,518,516
412,1566,318,241,595,296,537,149,1635,739,330
413,271,1643,272,1413,516,675,649,895,643,301
414,1504,250,330,1626,1413,486,740,196,28,1566
415,339,922,649,293,507,529,220,1493,280,1452
416,306,1504,771,708,936,762,1413,1493,1626,431
417,220,268,287,332,649,244,303,1452,891,58
418,474,7,12,712,1504,901,935,55,302,30
419,1504,339,1643,343,407,1635,498,1452,18,314
420,962,1413,434,1626,142,162,749,0,182,44
421,268,55,241,1175,1277,115,104,1064,580,891
422,275,301,1640,881,19,223,345,1413,631,287
423,1493,306,523,1626,1643,936,193,1097,314,247
424,188,303,297,301,29,689,626,345,538,741
425,1504,606,41,1493,169,312,1452,507,99,198
426,1613,9,1504,125,876,150,874,1413,289,168
427,288,1504,300,689,1413,1493,677,256,81,125
428,345,271,339,955,646,301,415,323,514,179
429,649,583,692,257,928,805,614,371,970,490
430,1504,125,470,293,299,244,747,312,716,897
431,330,346,326,739,1413,874,1493,370,543,344
432,1413,248,271,663,1639,305,643,342,301,58
433,1493,606,507,1504,649,41,1639,523,332,18
434,318,323,476,241,511,637,18,12,854,1064
435,318,293,280,1493,1141,344,698,309,193,1626
436,271,257,49,293,434,920,301,0,126,1116
437,301,1413,1504,1452,1626,1481,1493,30,113,935
438,497,1504,133,244,878,846,639,179,1643,125
439,878,1504,462,515,606,1639,99,520,736,614
440,1504,407,250,327,254,1493,1626,716,188,498
441,954,309,510,201,1504,1639,1024,962,595,55
442,276,120,936,302,1493,320,41,749,342,330
443,1504,1413,1452,303,332,133,482,21,1635,55
444,1413,606,707,342,326,136,579,457,812,604
445,1413,1504,1643,1625,407,301,656,521,1493,9
446,1504,125,325,407,300,881,1493,1038,750,269
447,1493,739,314,1626,534,552,318,523,344,346
448,303,301,345,192,113,315,465,179,211,30
449,84,1504,407,257,297,651,212,1635,49,520
450,308,274,342,1413,398,1504,61,1006,23,613
451,1504,339,498,470,299,300,327,407,312,459
452,241,155,1504,708,250,318,256,259,512,191
453,1504,407,263,477,269,139,935,327,1085,1040
454,1504,113,1413,873,1066,1625,1493,1064,201,332
455,1504,299,282,407,244,750,188,155,305,9
456,318,293,241,1626,428,269,314,897,891,643
457,509,44,478,135,687,1413,142,1504,812,878
458,155,1493,739,1626,749,256,330,936,688,1413
459,516,41,1493,179,332,465,1452,606,523,649
460,606,126,1413,1635,346,510,287,1481,698,1452
461,1504,1626,749,193,613,342,1018,929,250,1413
462,1643,631,1481,132,19,304,96,675,131,895
463,1493,1626,41,1413,339,280,120,936,1141,749
464,1504,306,1413,1639,176,740,1626,250,342,245
465,18,54,287,1452,1504,324,125,1459,1020,201
466,512,12,342,954,749,1024,60,510,178,959
467,1626,306,1504,1493,523,428,936,314,1413,41
468,339,178,386,271,301,1626,749,136,487,169
469,301,1635,55,305,1413,220,241,191,303,268
470,747,1504,407,271,188,293,514,141,18,5
471,606,276,332,1504,100,56,462,1413,1009,1452
472,271,1413,643,241,510,342,1626,428,522,1005
473,1504,407,482,282,299,1493,1643,1626,190,356
474,1413,123,1626,510,497,457,478,492,1643,658
475,302,1493,723,1626,935,649,256,1347,1193,504
476,1504,1413,1625,1643,1639,1626,1635,1493,303,113
477,293,897,1493,923,500,300,322,120,256,1504
478,125,881,300,269,1504,1643,1038,1493,325,774
479,497,1413,1626,749,739,9,123,1493,461,1504
480,880,1504,749,41,1413,306,524,245,184,1626
481,332,125,649,180,192,326,1639,876,257,302
482,309,1504,330,185,720,201,1493,125,325,113
483,1504,288,880,300,256,1413,1626,155,41,254
484,211,179,332,275,681,557,13,465,630,474
485,482,41,865,579,604,749,603,169,520,707
486,18,318,54,293,10,120,125,881,1481,546
487,1413,656,274,1493,1504,322,158,315,303,321
488,256,1504,1493,936,155,188,1413,1626,306,747
489,55,342,901,56,663,188,323,474,224,126
490,1504,649,933,125,285,312,1038,508,302,180
491,12,323,126,18,267,1635,1504,488,507,476
492,318,125,293,18,881,10,300,1493,546,649
493,300,152,761,1504,897,133,10,332,402,498
494,41,1504,936,708,468,169,332,245,512,293
495,1504,1024,259,133,407,152,25,54,270,18
496,1504,606,100,1413,468,276,1452,306,522,20
497,510,330,1064,274,874,1413,326,739,237,346
498,1452,276,1493,320,689,712,332,302,384,923
499,407,474,18,1504,614,179,1493,523,874,13
500,1504,1626,482,749,142,1413,49,579,418,152
501,342,330,155,276,274,305,55,749,320,250
502,326,874,649,325,595,681,344,1047,876,80
503,303,606,1413,312,844,225,158,128,922,366
504,689,677,1504,300,1481,288,440,1452,470,1493
505,1413,142,434,962,165,968,346,749,1021,1626
506,1504,306,41,1413,1626,1493,606,1452,100,482
507,503,212,483,1413,474,461,196,12,427,274
508,191,287,165,241,1239,58,55,133,1504,337
509,1504,407,935,365,263,327,269,470,1626,250
510,241,1413,269,1481,1566,1635,1021,1626,537,1133
511,1635,4,133,1125,1504,10,874,1413,52,304
512,1504,303,125,268,1493,302,312,1625,1413,244
513,1493,302,312,311,688,523,344,226,1626,1504
514,1504,306,250,747,832,936,293,188,18,144
515,528,1643,1635,1504,658,345,271,272,305,135
516,1504,323,474,407,12,136,212,514,9,275
517,303,274,1625,1413,330,384,1064,331,302,201
518,1504,1626,1493,523,318,614,658,193,897,878
519,125,881,955,345,649,18,348,115,922,318
520,1504,293,468,507,257,337,152,298,60,169
521,126,54,606,1635,165,1504,1639,660,486,326
522,269,1085,1413,315,1626,612,1504,345,600,920
523,304,1635,407,257,297,955,1083,39,323,520
524,318,257,1452,649,507,66,1635,309,18,300
525,1413,113,1504,303,520,1635,192,315,327,483
526,1504,878,290,1159,771,188,433,407,306,751
527,749,894,263,933,305,935,1504,1413,301,1639
528,1504,256,660,512,125,962,44,277,878,486
529,339,510,13,330,241,12,1493,41,708,921
530,9,256,897,345,878,1008,156,747,500,938
531,327,1504,269,254,321,193,72,1413,716,274
532,689,1452,1413,606,161,312,1635,1493,922,1504
533,1504,244,125,180,1639,95,649,133,433,171
534,1504,1635,306,1413,270,176,1125,407,606,241
535,256,302,646,345,293,1493,1504,878,962,244
536,13,497,339,275,407,474,212,9,179,115
537,268,498,302,508,614,1038,646,133,44,1085
538,1643,1493,345,407,886,498,1038,523,1504,115
539,1504,1413,1626,1643,658,1635,271,1639,522,1677
540,257,759,1085,113,709,187,935,293,192,1072
541,1504,244,189,306,1413,1639,282,407,880,356
542,41,241,155,276,708,1413,1493,287,342,332
543,1504,407,1413,212,689,306,288,282,1493,1635
544,288,1493,378,177,200,429,876,481,681,1413
545,1066,303,274,201,1625,330,1009,1413,1156,549
546,309,192,312,935,1493,257,327,384,269,1504
547,1504,878,1493,462,485,1626,1643,614,236,630
548,1504,1481,301,269,894,1413,271,1459,546,1639
549,1452,1504,1635,1493,1481,318,241,18,300,1626
550,677,330,300,191,125,1504,180,1452,1493,689
551,332,515,1504,1452,315,606,60,514,507,303
552,345,689,407,223,1504,753,470,282,922,955
553,1413,1504,254,1626,880,962,241,501,306,447
554,274,510,429,150,193,212,135,1413,740,210
555,1413,1626,1643,497,314,343,184,1493,1504,658
556,515,1504,332,55,49,58,333,707,655,468
557,1504,1639,1413,244,1643,180,125,1635,95,305
558,345,747,753,285,339,528,305,1006,29,407
559,113,516,709,332,302,1064,1493,220,66,548
560,136,878,113,462,706,1643,178,126,516,1128
561,344,689,1493,377,470,327,212,281,1049,845
562,1504,1413,1493,1626,874,274,431,503,330,326
563,125,330,300,302,1493,1504,876,357,167,172
564,1643,894,345,96,580,133,1504,1413,886,244
565,1626,314,178,1643,523,651,658,1493,184,306
566,1413,306,1504,431,878,1643,184,1481,771,1069
567,639,407,156,288,1504,179,282,497,753,630
568,649,326,1493,302,113,1643,510,709,583,1639
569,257,646,220,476,318,1635,241,891,510,268
570,1413,630,1493,457,41,59,497,56,524,492
571,1504,133,874,1635,509,172,407,325,290,482
572,474,1493,523,503,1504,30,113,185,212,407
573,1504,407,18,152,349,482,179,1635,174,47
574,753,115,125,290,497,881,846,1038,878,508
575,1413,1639,1626,256,663,287,643,1643,155,968
576,244,1504,894,299,192,312,462,1639,263,345
577,1504,125,1625,1413,256,244,878,188,146,1493
578,1413,269,315,271,1504,839,301,158,1481,962
579,1626,155,241,428,318,314,339,1493,41,1141
580,878,1504,273,1639,135,1413,126,267,285,1006
581,305,55,268,191,16,241,303,133,13,155
582,1504,878,1413,1643,1639,1626,1481,485,306,994
583,192,110,331,312,125,303,1504,180,1196,1635
584,606,520,895,1493,113,516,100,465,346,332
585,1504,747,342,250,1639,330,901,276,180,12
586,606,126,501,100,276,922,1452,507,691,339
587,126,44,142,501,177,1481,611,1019,327,755
588,305,339,303,342,301,284,933,180,1635,1612
589,318,897,649,293,646,241,348,891,637,115
590,1504,1643,477,261,513,132,133,970,483,433
591,516,113,1493,1452,1413,324,1064,1635,320,895
592,1504,306,18,894,188,54,462,1481,1639,1625
593,1493,1626,495,162,523,1643,302,126,273,503
594,897,640,1504,482,152,133,58,49,938,88
595,1413,269,1626,312,1493,1452,303,315,322,1504
596,1504,212,44,660,107,512,645,426,407,1493
597,1493,523,1504,280,1452,179,922,465,193,1626
598,1504,21,288,321,1413,901,1493,185,482,407
599,346,324,113,1413,269,272,619,698,110,1062
600,261,343,692,54,805,18,245,530,99,31
601,407,1504,18,188,498,257,25,297,113,761
602,1452,1635,332,1413,241,1493,296,346,895,606
603,302,332,256,681,962,551,1114,649,155,876
604,935,7,301,302,303,712,220,257,1493,315
605,1504,1413,1493,315,1625,269,113,873,523,1626
606,113,268,315,646,303,1625,7,302,1413,1085
607,342,434,749,1413,740,55,1626,165,250,704
608,339,301,291,750,923,365,286,314,689,440
609,895,492,304,339,1635,177,631,115,522,1413
610,1504,135,44,509,407,107,13,413,645,497
611,312,604,681,1493,649,1626,1504,865,640,469
612,510,303,681,326,516,1413,649,1493,274,220
613,639,276,1504,155,191,302,180,712,59,317
614,314,1626,1643,658,1038,490,970,1635,649,546
615,339,497,179,13,708,169,1504,1643,136,1493
616,736,333,771,761,606,874,822,306,730,1504
617,1413,1504,244,155,120,1493,688,256,878,287
618,302,1493,115,923,303,681,211,288,1277,291
619,269,398,342,274,241,962,271,528,740,1626
620,330,201,1493,746,523,1504,302,874,125,318
621,270,54,18,257,507,10,1481,1635,53,113
622,342,747,1504,241,155,468,512,244,284,708
623,1493,288,681,1413,330,739,302,303,115,492
624,279,303,315,1193,656,1626,1493,322,256,962
625,332,549,323,507,192,606,125,302,220,303
626,431,1413,306,878,1504,290,184,880,524,968
627,1504,606,1635,356,100,349,37,468,522,1452
628,1504,323,113,12,18,309,407,523,1493,908
629,269,1481,1413,1021,81,346,315,1504,345,546
630,241,689,1504,188,342,747,276,306,250,1452
631,256,345,303,1413,291,239,656,639,1625,1504
632,269,1626,962,337,613,346,428,1413,449,1021
633,1493,606,332,1413,315,346,60,303,1626,326
634,1413,606,1504,1635,126,312,1196,522,289,429
635,302,1493,326,330,1626,510,523,681,1504,495
636,267,212,1504,12,878,136,520,326,1493,1232
637,300,125,10,191,876,133,1504,677,1452,777
638,13,9,318,212,407,339,193,534,314,210
639,332,962,60,1504,315,515,1639,49,333,1009
640,1504,306,1413,270,1625,431,188,184,176,290
641,277,716,300,549,660,1504,741,328,897,327
642,300,1504,241,191,270,708,152,259,10,457
643,1504,345,188,125,407,1493,223,18,470,922
644,510,516,1413,497,123,296,211,133,1626,630
645,1504,125,110,537,1635,522,268,1612,449,1413
646,342,1504,12,422,274,901,326,323,514,510
647,540,325,595,899,269,1504,1024,344,490,1626
648,326,330,1493,302,125,1504,874,325,309,709
649,332,60,482,515,655,164,44,512,504,13
650,1504,268,682,191,880,640,244,95,604,241
651,1493,523,1626,1504,1413,510,275,1643,497,212
652,1504,125,268,244,1639,720,180,1015,95,1625
653,1413,269,303,1635,274,327,1193,1481,968,315
654,945,658,651,604,579,764,615,880,110,647
655,1452,287,698,332,606,507,895,923,1493,318
656,510,516,339,241,649,488,507,1141,126,271
657,1493,498,316,43,1626,1504,257,224,281,1481
658,18,677,1504,270,689,188,125,498,54,180
659,1413,1635,1493,241,318,895,646,500,1626,534
660,1504,1626,1024,1639,935,749,512,305,490,540
661,1504,269,306,1413,1635,282,659,1481,1626,176
662,1504,1413,1626,749,372,865,312,274,1493,613
663,326,510,220,1635,812,516,442,304,113,1413
664,897,269,282,268,923,1504,482,49,537,891
665,407,323,1504,179,614,474,18,12,7,512
666,894,339,305,301,749,7,55,342,178,704
667,303,274,1413,429,241,528,305,1635,522,646
668,1006,1413,285,675,1193,271,274,345,594,263
669,241,1504,1413,188,1625,305,407,356,1635,306
670,689,470,300,288,1504,923,407,1493,299,223
671,649,512,298,241,1504,332,318,1024,60,12
672,1493,739,1626,115,1413,288,339,149,497,13
673,1504,1493,312,1452,257,300,1626,281,325,173
674,606,18,244,1504,345,736,179,955,1452,366
675,1413,751,1504,646,303,44,715,501,277,256
676,962,332,936,1504,1009,1493,256,60,1626,1639
677,1504,113,520,1639,323,326,515,614,647,660
678,241,191,305,184,1566,1504,133,208,1413,155
679,339,500,291,1413,1626,269,895,1017,658,1347
680,339,1413,708,306,241,1643,155,1626,1493,1504
681,318,241,293,1141,1626,339,428,271,280,510
682,474,407,212,515,13,179,465,156,136,630
683,1504,498,314,581,1481,407,894,327,477,418
684,18,881,955,407,1504,345,161,1643,125,651
685,1504,1493,1626,44,498,1639,1643,614,878,660
686,1504,257,300,1635,1481,152,486,1626,498,327
687,1504,1413,312,303,95,1452,244,1635,315,268
688,1493,1626,344,269,1413,325,346,962,1504,87
689,281,482,288,41,185,1493,630,523,603,611
690,1504,1626,1643,1493,497,530,314,184,1413,658
691,115,1493,302,170,693,922,497,465,407,523
692,113,304,1635,84,1196,508,289,606,252,4
693,345,646,1493,302,922,1504,1413,1643,125,303
694,498,1493,302,115,1038,318,10,125,791,1643
695,649,267,198,257,18,205,970,520,1551,1643
696,339,314,13,689,739,1493,288,343,1626,482
697,244,345,878,435,125,1639,1504,249,968,1085
698,407,1504,188,1459,7,345,301,935,750,1643
699,305,180,1504,1024,540,268,165,330,191,250
700,1504,44,878,512,880,245,191,708,241,1413
701,113,326,1504,192,302,709,268,1493,303,508
702,1493,1626,1504,1643,1413,344,493,994,300,1481
703,1626,269,9,339,658,314,500,291,210,482
704,270,677,330,1481,546,689,201,10,1566,432
705,739,750,286,1493,288,9,291,321,155,482
706,407,306,689,188,474,753,1159,282,1175,1277
707,256,302,155,962,723,936,759,1493,279,104
708,155,936,41,1493,330,749,1626,526,250,512
709,1413,1493,606,1643,675,126,1504,749,462,1626
710,165,44,126,326,434,812,135,1413,327,486
711,125,1045,113,192,709,226,312,623,1047,116
712,257,323,301,272,297,1635,935,314,8,894
713,595,876,649,1626,269,173,518,268,493,899
714,318,257,298,891,649,309,220,314,935,507
715,895,1413,1481,1626,1635,1021,631,643,1141,658
716,1504,299,1643,1626,407,1493,269,282,1413,9
717,312,332,60,649,681,220,933,192,226,257
718,1413,1635,339,418,522,478,492,429,196,142
719,113,606,462,1643,1493,1413,516,99,1504,1639
720,1504,1493,716,746,660,277,326,330,188,212
721,1504,180,276,1009,1639,165,192,1413,332,962
722,125,1504,302,1493,120,1459,18,293,546,1639
723,741,793,1481,142,257,962,168,315,868,192
724,1504,1024,1639,682,603,1413,455,268,189,55
725,322,293,280,309,831,193,23,269,318,308
726,285,339,312,1551,50,876,675,135,300,120
727,1504,332,180,741,55,60,901,257,327,37
728,1493,302,332,155,322,321,712,265,832,251
729,936,962,1504,698,1493,1626,271,1413,1639,606
730,342,322,1413,269,271,301,747,428,855,274
731,1413,546,1193,271,285,305,274,287,320,269
732,306,886,651,523,407,47,1643,18,314,1016
733,1413,1626,285,497,344,326,658,177,675,312
734,323,649,309,955,12,464,39,1151,331,257
735,1413,1626,212,878,431,1504,135,150,193,162
736,510,512,332,13,1493,1626,854,474,55,326
737,269,314,546,1481,1635,894,250,528,1626,1504
738,1452,339,689,1635,356,606,1413,743,211,100
739,339,282,482,1504,897,299,1452,314,649,190
740,1504,485,1639,878,1024,515,692,749,58,133
741,1504,1639,267,240,1643,894,1626,477,1413,935
742,1504,1413,306,1625,287,1452,356,125,1639,191
743,1504,268,1413,113,1639,1643,333,6,133,302
744,649,302,339,179,516,323,442,1038,614,487
745,1504,282,244,715,305,327,299,290,303,1050
746,131,1481,895,301,142,611,236,498,96,220
747,1504,269,1626,125,193,1493,595,72,249,67
748,212,1626,1413,1493,1504,523,193,269,9,651
749,312,327,1504,289,44,522,300,165,171,1059
750,1504,603,1024,1626,185,60,1639,286,957,614
751,241,605,191,457,1504,522,165,259,1635,1413
752,689,1635,961,1452,331,8,407,522,13,474
753,110,1504,331,303,268,1635,384,1452,125,282
754,407,1504,345,244,188,125,299,18,268,955
755,345,895,606,1277,940,1481,19,923,689,100
756,323,18,126,188,1504,476,646,136,113,1639
757,54,920,10,805,1085,493,646,498,150,135
758,540,326,818,1504,330,327,933,264,369,512
759,293,300,299,636,1493,244,120,897,1504,125
760,327,1413,192,301,274,968,315,704,263,1481
761,1413,113,523,1493,1643,1626,1635,510,346,275
762,339,241,13,708,41,300,177,343,200,44
763,1493,1504,1413,1626,44,481,344,327,497,874
764,606,342,1413,126,878,1639,488,1006,136,271
765,330,155,241,305,13,55,191,200,320,284
766,1493,1626,1504,41,936,1643,523,178,708,1639
767,1504,720,257,267,1024,749,520,935,603,298
768,1504,1639,878,1643,136,7,178,1626,1413,503
769,136,41,497,606,1493,275,1413,488,1196,326
770,332,901,422,286,251,322,60,832,428,342
771,1504,1493,1626,125,269,1643,1639,935,285,1413
772,1504,614,7,520,543,180,477,462,1024,515
773,876,649,150,709,595,1047,941,493,255,326
774,305,894,935,320,301,339,749,263,933,180
775,1504,241,326,55,332,1413,457,342,510,512
776,332,241,302,1504,1493,155,256,318,962,188
777,288,125,874,4,300,876,172,115,290,223
778,126,749,271,507,606,257,169,192,1626,326
779,1504,257,125,133,18,268,152,407,95,66
780,1413,478,44,509,497,492,878,177,88,611
781,878,289,345,312,1059,366,212,84,922,285
782,49,301,1504,1635,1626,1481,1413,257,418,269
783,1413,1635,1504,1452,191,1481,606,631,522,492
784,257,1504,268,192,546,180,1085,935,125,327
785,113,1504,315,301,462,520,297,257,1639,1643
786,1504,288,1493,299,282,21,1626,281,590,185
787,302,90,7,474,1493,407,170,712,13,465
788,270,343,1635,13,250,257,314,241,339,498
789,606,289,736,878,1493,326,312,1504,515,777
790,1504,1635,356,275,474,407,1413,457,55,1196
791,276,332,55,901,180,1452,56,1504,712,606
792,241,318,762,1504,300,108,677,41,708,330
793,1504,468,747,897,512,407,514,515,1639,152
794,1413,274,1493,675,330,1006,1626,510,193,285
795,1504,1413,1018,434,1639,749,962,254,1626,543
796,241,747,339,646,708,342,200,135,170,155
797,1504,306,250,936,259,762,300,245,254,270
798,269,4,125,876,646,223,10,432,300,325
799,1504,1413,1493,256,1625,155,302,1626,303,21
800,330,320,12,309,180,192,510,302,250,935
801,1504,936,1626,1493,1481,124,1639,1009,1011,236
802,314,241,546,305,440,1459,320,894,301,891
803,188,1504,1009,901,29,7,407,297,301,254
804,1413,646,115,274,429,200,510,182,285,918
805,1413,135,1504,522,429,646,938,49,478,44
806,1504,1639,342,1018,936,178,245,720,326,12
807,44,1504,135,126,326,495,1493,169,285,250
808,1504,747,468,135,342,271,1639,1006,169,339
809,1504,512,250,256,44,749,1626,1024,962,165
810,125,1504,345,188,646,302,1625,18,1493,1459
811,330,1504,250,241,155,1566,305,72,149,201
812,1504,1493,482,1452,1481,124,1626,636,306,523
813,637,646,1413,241,643,876,255,200,1064,287
814,1635,429,305,327,268,303,1413,681,331,196
815,1504,149,241,268,537,429,938,274,72,269
816,330,250,305,1504,1626,149,540,512,749,72
817,303,1413,301,192,113,968,268,1625,315,1643
818,1504,268,305,275,649,488,1643,407,528,537
819,110,324,1452,1635,606,1196,192,161,312,1504
820,1504,1413,1626,269,301,345,49,271,315,327
821,1504,331,303,1635,549,192,125,606,315,1452
822,1635,1504,1413,113,270,1625,306,54,176,1643
823,1504,407,1635,331,297,257,180,113,1625,327
824,1504,192,257,125,327,168,312,267,1639,309
825,962,606,1504,449,253,771,1413,1009,150,398
826,1504,407,212,429,1635,528,327,13,474,331
827,257,220,891,649,318,309,323,735,268,293
828,606,1452,276,1413,332,1635,422,126,475,510
829,115,429,646,922,304,84,1635,1193,303,432
830,133,191,1504,1452,303,287,155,1413,96,356
831,1504,300,152,125,18,407,47,897,771,660
832,276,606,708,306,501,241,126,41,100,677
833,895,1413,606,113,631,1481,19,315,1639,1021
834,1493,523,886,1643,113,1413,497,651,654,658
835,407,13,498,179,1643,339,497,655,474,791
836,115,497,339,407,922,13,135,1038,136,44
837,1413,1504,305,1626,284,196,339,274,739,13
838,1413,274,303,429,326,150,1006,0,404,646
839,606,332,1493,520,327,1504,1635,224,60,126
840,301,1413,55,1626,305,303,274,220,49,962
841,303,1493,1413,1626,274,155,315,268,302,962
842,188,18,747,241,256,293,276,302,1504,125
843,1413,1504,968,327,483,1635,1643,290,1481,196
844,331,1635,274,303,429,1413,1504,196,407,268
845,1413,681,303,256,1050,155,968,551,213,302
846,192,922,508,345,113,125,206,1635,303,1481
847,49,1504,301,315,333,1413,1024,1639,962,113
848,241,1635,1413,522,1504,537,429,1626,510,1566
849,1504,342,749,282,305,250,55,894,155,1639
850,606,507,126,1493,1220,113,462,1072,100,1452
851,1413,1504,878,306,431,1625,176,146,1009,254
852,749,305,339,894,1413,301,314,483,123,739
853,241,191,55,1239,155,643,287,1566,510,1626
854,268,302,407,256,1085,6,104,9,318,1493
855,1504,305,339,1413,250,284,342,303,1635,327
856,689,241,270,1635,407,343,498,1452,18,522
857,1413,271,285,345,1504,1006,312,1643,675,161
858,257,407,18,1504,1635,297,301,324,323,1452
859,1504,1626,1639,1493,606,1141,113,186,1635,660
860,429,1413,646,150,274,537,269,4,135,149
861,1493,1626,523,1643,293,1504,1481,498,10,922
862,1504,1639,244,894,180,99,477,462,260,433
863,303,241,211,422,1452,55,268,305,1413,155
864,435,54,297,894,180,268,132,462,257,345
865,739,330,123,1626,1493,874,314,510,184,1413
866,113,508,315,1493,84,125,192,1504,1635,709
867,498,44,300,191,692,480,165,152,877,270
868,323,805,113,649,788,371,174,318,646,970
869,878,289,1504,743,924,126,260,107,454,477
870,1504,741,455,328,264,37,1635,793,84,327
871,125,1504,18,300,180,257,167,309,37,1452
872,897,269,1504,1626,938,318,6,49,428,537
873,497,457,1504,1635,13,1413,474,212,630,482
874,497,1413,339,1643,492,640,47,643,115,846
875,1504,300,1481,1635,250,1626,498,486,152,1413
876,895,296,241,318,637,516,1064,346,510,199
877,342,339,271,747,894,434,241,522,250,468
878,698,606,113,1452,507,60,332,1133,1493,1626
879,428,1504,239,643,241,962,1626,897,130,306
880,497,339,688,312,284,288,1504,604,749,1413
881,339,1504,9,1493,1038,1626,291,497,407,1643
882,155,428,296,637,241,482,640,630,332,854
883,1635,651,113,1643,1413,126,314,54,643,488
884,1413,269,346,30,201,1625,274,1504,1626,968
885,332,614,1504,293,357,60,660,18,512,507
886,258,1504,878,300,44,277,747,308,501,135
887,1504,1643,874,113,133,498,325,1493,1626,184
888,1504,1413,1626,1677,1493,110,271,269,1643,306
889,330,12,305,1504,510,201,302,739,274,123
890,1493,1626,614,1504,497,9,339,749,1643,482
891,1626,293,749,1504,256,1493,962,504,1481,936
892,115,497,739,429,510,1493,492,274,1413,653
893,1085,612,1626,503,427,316,7,920,1493,219
894,1504,649,1639,125,320,12,530,173,190,284
895,1626,899,490,269,749,649,305,595,1504,540
896,1504,878,306,41,244,59,1413,1493,156,497
897,1504,300,250,293,241,518,1452,120,125,486
898,1504,120,691,844,322,1493,1626,689,1413,1452
899,649,614,735,133,257,332,268,318,66,897
900,269,303,192,315,327,312,1193,263,1413,594
901,268,938,248,682,303,643,333,646,1413,637
902,55,1504,1413,749,1626,503,1643,13,1639,474
903,606,1413,1504,865,469,100,41,312,604,1452
904,1504,1413,1626,250,306,1639,1643,1635,135,241
905,749,1413,339,524,1626,739,274,675,431,434
906,1413,1481,1493,346,1504,567,677,124,315,1625
907,332,315,113,303,60,1493,301,76,515,606
908,1493,1504,878,497,1626,300,523,1643,41,288
909,646,640,303,128,177,332,923,655,897,1013
910,113,315,962,1413,1626,269,1639,1504,236,49
911,1413,492,739,339,291,115,895,1626,497,675
912,1504,306,113,1159,435,462,874,1413,176,431
913,1413,874,431,185,819,254,1493,224,346,543
914,1626,749,503,1493,162,936,523,461,178,193
915,1413,191,1635,492,305,478,812,304,513,1504
916,1413,749,162,524,503,1626,86,461,212,126
917,474,655,407,297,49,515,13,1083,332,7
918,422,1413,241,895,1452,606,1635,522,303,500
919,1413,1626,962,315,303,1493,422,428,521,301
920,300,344,10,330,4,309,125,595,1635,343
921,1085,256,878,612,646,125,920,1504,1643,135
922,649,12,1504,326,1639,1493,302,510,323,178
923,269,1193,344,1626,314,1021,546,67,1481,193
924,269,72,429,312,327,344,274,1635,309,1193
925,339,1504,345,407,753,528,241,282,897,938
926,274,1413,330,1006,1196,285,429,488,308,1504
927,510,12,241,649,954,318,488,323,476,512
928,749,1413,1626,287,895,524,536,339,312,1493
929,115,288,1493,739,300,302,497,104,339,330
930,1504,482,1452,133,356,1413,1635,55,191,64
931,1413,244,303,342,287,1006,305,663,1639,1504
932,339,1413,342,1010,282,284,641,305,1006,579
933,1635,1481,748,268,1504,125,300,689,546,440
934,1504,212,1493,483,1626,9,1413,344,327,461
935,1413,918,643,516,637,1643,1064,663,1493,155
936,305,339,268,303,155,510,301,749,649,442
937,182,1640,1018,197,1639,720,55,245,543,1626
938,1504,276,301,749,1413,901,1639,55,958,332
939,1504,312,327,933,1626,1493,164,518,749,470
940,1504,155,282,1413,306,1626,1643,407,184,299
941,1640,1568,1613,343,1413,894,1452,324,1643,306
942,649,343,961,205,1635,309,300,595,1677,318
