0,275,268,855,300,1613,1674,611,1141,13,483
1,1357,1649,704,318,606,1013,170,1613,478,480
2,583,245,346,317,473,1575,747,1675,125,494
3,1357,480,1613,325,527,1506,170,1021,2,299
4,275,1141,268,874,747,1357,356,881,904,198
5,749,56,356,874,196,1019,1040,249,336,691
6,1649,342,1072,1357,874,270,1564,947,696,269
7,879,751,921,380,345,124,287,614,49,1019
8,1613,128,1506,962,380,305,408,1675,527,285
9,1357,170,1674,29,320,108,627,1649,1613,126
10,486,1613,312,428,1506,426,380,528,516,345
11,1613,1649,1357,342,18,1675,719,63,306,605
12,267,245,524,499,513,542,52,125,141,253
13,762,1357,291,314,327,457,257,508,1613,1514
14,339,1357,323,29,1019,168,85,99,1338,954
15,314,518,596,244,1357,304,301,284,381,1675
16,1613,1649,1357,18,1675,761,465,606,63,1668
17,1674,1613,1155,1457,1357,285,330,291,693,268
18,518,1357,314,1019,723,1155,1613,309,186,1573
19,1675,681,1613,305,293,529,735,303,50,630
20,497,734,304,633,646,1338,97,8,530,303
21,275,1357,132,318,897,1013,1072,1019,269,606
22,1338,1357,330,285,497,508,1675,623,878,181
23,1357,1613,1617,85,863,588,1573,605,488,945
24,318,1654,1613,1668,897,332,1675,245,704,275
25,58,1155,356,1573,518,855,186,56,442,561
26,1357,291,901,1649,1613,99,1674,202,1617,1675
27,1613,510,689,1357,1668,1649,1617,878,1674,1675
28,1357,424,1021,1155,304,296,314,749,490,497
29,1613,306,1675,244,719,302,332,1649,1357,283
30,524,153,309,287,314,749,47,296,31,12
31,1613,1649,268,19,1674,326,844,408,291,349
32,1613,18,1675,269,1357,1649,1668,511,314,1674
33,605,1613,275,268,561,527,1573,1674,747,637
34,897,1668,331,140,1072,269,18,1649,283,1613
35,1357,356,301,1117,1040,479,863,745,1019,186
36,244,201,518,1613,855,309,527,708,1357,25
37,244,518,318,1613,95,241,1649,281,506,82
38,749,180,1357,1668,1573,1613,518,49,1019,813
39,751,1613,29,1357,1674,49,25,305,178,740
40,1357,1675,85,299,1613,1594,168,894,743,762
41,156,327,894,158,878,312,334,233,200,1514
42,1613,1675,281,305,244,1514,1649,156,748,944
43,324,583,675,9,638,1357,1092,424,1675,170
44,267,245,528,125,503,68,322,855,428,317
45,510,296,905,125,12,245,689,503,524,322
46,1613,1675,1674,178,1357,434,546,602,161,357
47,1357,462,150,274,355,506,1617,606,1613,85
48,304,178,479,196,13,276,1155,483,470,338
49,314,18,511,1613,524,1675,1357,269,302,1668
50,312,1295,1613,689,409,244,301,1481,1649,238
51,1357,1155,407,267,1675,1613,879,301,1573,168
52,1613,302,325,1011,248,844,1649,1674,1675,326
53,305,1675,178,879,85,460,115,1613,205,735
54,285,128,1506,1613,878,1357,29,508,330,962
55,2,267,462,247,1613,526,759,480,408,344
56,271,1613,519,922,6,488,486,962,1573,113
57,879,330,324,945,492,9,296,583,476,1357
58,750,1155,245,315,249,470,63,1239,1193,431
59,299,1338,1357,85,1167,1155,353,249,743,1675
60,596,1357,1675,518,1066,271,1613,1594,762,309
61,901,291,1357,310,354,462,566,745,1613,499
62,291,470,483,29,126,1674,921,196,349,315
63,1357,407,318,301,381,518,1594,454,1613,594
64,1649,470,1613,18,269,123,1675,342,326,880
65,188,261,428,925,462,553,768,171,922,876
66,303,1675,1613,681,1348,1357,596,1654,606,87
67,161,603,356,1141,270,983,275,99,1674,1613
68,12,428,918,641,749,769,1008,188,261,47
69,232,905,291,312,510,341,202,331,878,569
70,1613,305,1675,1674,602,178,1573,427,1148,205
71,897,270,245,415,1133,125,232,1018,269,631
72,1357,1613,1674,108,1155,1675,1649,954,167,474
73,331,302,1613,1675,524,719,873,511,1649,326
74,749,1613,486,29,49,1649,1357,315,751,921
75,268,1141,1357,484,307,605,1674,249,945,198
76,646,523,1020,1613,530,19,717,176,344,303
77,312,1357,462,1613,27,1348,117,53,1506,1481
78,1357,606,303,704,670,1013,1217,1668,596,1118
79,310,771,901,686,1148,1613,178,305,256,488
80,1357,29,1613,415,170,527,480,1018,1506,1021
81,1613,267,164,1108,518,722,542,561,855,32
82,741,331,327,1568,689,894,1613,53,117,188
83,1613,1675,346,1674,1575,1649,305,872,29,1357
84,407,291,267,310,1006,1613,181,722,1155,275
85,1613,1357,1649,1675,1674,248,656,629,277,25
86,275,63,1613,499,300,164,161,611,175,315
87,312,256,1613,457,63,1649,291,1506,905,106
88,339,1357,508,299,168,1613,897,291,878,1675
89,318,1357,1613,407,1675,1338,85,640,1594,529
90,324,583,305,461,123,879,178,130,1675,546
91,305,1613,178,1675,1674,49,1573,751,1155,205
92,1675,681,1575,748,1613,346,675,603,306,602
93,522,300,1019,275,518,1613,641,524,407,1155
94,1613,300,63,291,258,407,522,745,357,125
95,249,269,510,905,583,1141,76,897,691,61
96,63,267,245,1613,528,345,428,291,13,499
97,1613,293,735,315,19,750,640,470,264,751
98,1357,1649,704,1072,1613,497,689,1668,318,288
99,339,1357,188,168,18,921,511,323,644,300
100,257,527,309,1506,1021,201,1015,1613,518,404
101,314,344,2,734,304,1357,424,267,594,110
102,962,1613,128,1506,2,854,1573,299,488,527
103,19,1357,751,338,561,862,1613,1217,1674,740
104,1357,1573,1155,1613,1019,518,1674,426,855,186
105,879,1357,1613,330,1481,1348,301,1674,344,38
106,1357,894,1613,1649,318,784,355,282,462,1675
107,1155,879,1674,583,1617,324,1357,1038,1573,503
108,749,1357,314,762,1675,327,1613,519,931,331
109,331,923,983,719,18,741,624,706,905,92
110,1613,1357,268,483,1674,256,1649,132,291,462
111,1613,1675,156,518,1109,1573,241,82,477,271
112,344,1613,301,1357,524,309,855,82,656,201
113,291,1049,408,268,646,462,150,354,176,1357
114,268,275,1141,881,583,343,291,603,407,843
115,128,1675,286,962,1613,1573,1100,865,50,15
116,291,339,1338,1155,325,497,354,1357,55,457
117,305,583,428,879,460,461,178,1675,791,447
118,1357,749,142,274,1613,170,324,1649,518,1674
119,1675,1613,1357,325,346,1674,1348,306,480,1649
120,1357,1674,1013,945,85,1613,1217,879,1573,740
121,285,497,408,302,210,483,291,176,481,740
122,301,108,879,1357,747,474,51,330,191,296
123,1613,245,125,1675,460,332,282,1674,306,1457
124,1675,21,1613,1066,681,10,1668,277,519,541
125,1357,150,274,945,1617,863,474,825,1613,106
126,1613,1357,1675,1674,332,506,306,603,170,346
127,300,269,1357,650,522,1019,71,947,132,342
128,291,730,646,6,497,19,261,150,905,199
129,1613,1109,1573,486,153,49,1675,180,140,1598
130,511,291,1155,330,524,702,12,31,296,510
131,275,269,282,1613,268,474,22,1357,1674,90
132,198,161,1573,245,299,1613,338,249,268,168
133,305,1675,872,178,349,205,8,470,346,1613
134,1613,1357,486,1674,274,1649,142,749,49,1142
135,1357,115,1675,1617,130,85,178,1649,881,846
136,1357,1613,310,743,433,1675,1674,1617,1050,1649
137,1613,302,1675,305,314,248,14,178,236,962
138,1357,325,511,480,492,170,524,2,344,629
139,1675,1613,305,1357,1674,314,178,271,1573,304
140,331,18,299,749,1613,312,1675,741,595,1506
141,1613,855,518,486,1573,82,426,428,312,749
142,879,1357,1613,330,1675,1674,301,1573,305,1155
143,1613,1357,1674,170,330,527,211,305,1675,1506
144,1357,196,304,479,1649,749,1675,178,921,541
145,82,1021,244,527,1514,232,108,679,878,1506
146,1613,291,268,527,1357,206,179,310,962,297
147,1613,305,751,1675,178,735,161,723,407,205
148,291,474,1457,344,306,123,346,1097,447,165
149,299,1654,1573,1613,268,897,408,269,503,497
150,1613,271,275,241,282,518,407,1674,1357,300
151,245,1064,1613,317,346,306,63,602,748,1675
152,310,291,275,285,267,1006,1613,1141,52,407
153,407,1357,1155,284,275,1613,343,655,85,518
154,583,879,1573,428,1155,881,1338,1674,85,1348
155,1573,299,85,1613,219,1357,274,488,1506,212
156,1357,901,483,1613,132,740,1649,1019,522,507
157,1613,1027,233,121,310,603,1357,484,983,653
158,267,519,503,68,261,730,314,428,672,1096
159,510,291,516,202,156,186,901,200,507,261
160,186,356,516,241,1064,317,510,518,345,341
161,921,524,125,1613,689,486,380,245,479,483
162,1675,1613,233,346,178,698,123,312,457,1649
163,18,1357,1675,1613,644,187,1338,87,56,1155
164,1357,1675,1613,196,178,50,743,92,921,1155
165,18,1613,1668,1357,299,606,331,749,110,1649
166,302,288,314,551,377,497,248,974,325,692
167,462,454,899,1357,588,168,188,448,268,518
168,1613,1357,29,1506,527,480,1674,751,1649,53
169,1675,1357,1613,1649,29,813,921,1564,677,270
170,297,519,76,1613,261,291,741,905,316,240
171,1338,356,353,1617,9,1357,644,85,187,1038
172,332,269,583,245,734,1613,303,1654,497,1668
173,258,300,553,1045,762,1613,519,314,1675,522
174,125,245,1675,747,356,317,221,1575,510,472
175,1675,675,583,123,472,130,259,1357,1617,291
176,1613,1357,1674,1155,855,301,356,561,1675,13
177,1613,380,879,330,345,1506,49,287,1573,1675
178,318,1675,407,275,471,98,305,24,320,1573
179,181,302,1155,325,285,1338,655,508,603,1357
180,751,299,49,29,287,1019,921,749,50,650
181,1357,407,1613,275,267,594,462,1617,611,1038
182,474,1357,108,342,1613,1649,301,1674,252,126
183,305,1675,735,407,427,529,85,178,602,1613
184,1573,8,1675,660,1613,1155,1338,485,320,881
185,560,675,353,328,1675,681,115,259,130,606
186,267,1613,211,615,305,306,330,247,526,344
187,1675,1613,302,1357,1649,1109,1072,813,424,288
188,1613,63,21,1675,1674,745,123,346,470,460
189,300,1613,1064,306,769,125,31,252,1357,1675
190,312,1675,1613,1357,1514,1506,1348,288,750,8
191,518,310,1613,686,1357,284,1108,855,186,244
192,1613,257,527,923,1649,1514,1219,325,1506,272
193,1357,291,282,1617,150,462,479,1674,178,644
194,623,211,285,330,879,443,583,199,569,1617
195,1649,1357,1072,546,1613,326,269,465,248,342
196,291,462,901,1613,1357,310,1649,275,300,63
197,268,1613,1674,324,488,647,1357,1155,1141,1573
198,583,1097,123,346,693,473,748,918,136,671
199,681,1675,1357,596,303,606,353,1338,560,314
200,99,1357,863,108,356,901,310,653,709,484
201,518,300,1613,139,275,899,855,488,561,164
202,918,269,304,583,720,497,1072,749,606,848
203,1613,310,901,771,507,285,686,527,1506,712
204,1613,132,1649,874,180,1357,582,315,1674,481
205,29,921,49,1675,287,124,751,879,614,1040
206,302,248,1613,344,1675,325,501,424,658,25
207,315,1613,63,486,481,483,874,1649,1674,686
208,1357,301,1675,259,327,283,156,1617,353,688
209,878,330,285,1357,232,747,296,569,1613,1021
210,878,1357,1514,894,457,1613,1649,281,508,339
211,1675,865,1613,291,407,169,168,336,63,761
212,1613,82,518,244,95,561,615,895,1024,1064
213,1357,108,1674,1155,301,1613,167,99,901,474
214,1617,1357,901,292,745,1649,863,828,1613,274
215,905,476,693,333,240,191,510,658,748,6
216,325,18,474,106,150,344,342,1193,303,97
217,1613,1357,518,1675,920,1196,899,519,1007,186
218,310,508,354,1613,285,901,1357,257,762,771
219,1357,282,1613,508,29,1675,1674,168,878,614
220,275,285,1613,408,318,315,522,241,582,57
221,511,330,2,1008,380,296,879,408,1021,510
222,196,304,1357,178,608,479,1675,92,1674,881
223,503,1141,931,429,187,519,1668,1342,18,512
224,1675,1613,314,203,1357,173,497,1674,302,1649
225,2,480,524,426,170,314,325,344,1357,141
226,1613,1357,1649,1668,1674,462,1675,920,519,518
227,1506,527,330,879,1613,29,426,476,740,1481
228,318,518,275,1357,407,24,478,897,655,268
229,1613,63,344,293,405,346,470,248,306,242
230,1613,464,87,1675,506,1668,346,51,68,290
231,181,284,302,655,482,184,182,1357,191,328
232,18,1613,92,1357,303,324,512,338,1674,110
233,1040,56,561,1357,1128,79,874,356,747,311
234,304,314,497,261,734,846,717,22,271,424
235,302,719,560,18,314,325,1675,331,353,677
236,1357,1649,342,689,326,1613,696,339,29,270
237,258,1613,1675,314,339,1357,762,511,553,743
238,332,282,1613,647,269,881,1674,170,320,92
239,603,1613,826,478,1357,1649,270,133,983,326
240,1155,516,211,1092,1613,106,233,12,296,1573
241,1613,1675,314,331,519,681,1514,1109,1506,1668
242,897,1072,197,1357,133,326,1109,1675,270,328
243,497,483,176,426,646,13,97,267,750,1155
244,331,749,106,108,1357,18,1118,469,1649,342
245,323,749,12,1155,1357,769,324,855,186,524
246,314,1613,315,304,717,735,349,428,992,519
247,1027,117,79,1357,749,142,29,1613,751,49
248,1613,199,1573,267,512,503,660,290,1506,47
249,302,291,517,524,497,511,918,905,501,474
250,301,1357,232,824,878,1613,291,82,125,524
251,1613,1573,1674,275,125,245,407,1675,1506,268
252,353,87,312,1668,606,20,256,1013,1617,76
253,275,332,87,19,299,242,899,1613,282,407
254,128,285,312,1155,158,205,1100,39,314,1506
255,569,1675,312,221,317,1348,1617,747,879,68
256,519,314,267,1196,47,528,68,1613,166,37
257,312,117,256,750,894,761,158,53,131,273
258,269,1613,1072,483,481,641,918,874,1674,1649
259,108,1613,1649,658,1674,51,474,779,693,481
260,1357,318,1613,85,743,894,508,1675,762,407
261,1613,170,325,615,1357,527,1674,603,632,561
262,1649,1613,761,1357,342,291,341,1141,63,275
263,749,1072,153,428,180,197,1573,49,874,681
264,1613,488,300,121,762,894,901,1675,305,1568
265,301,1357,1613,433,124,1019,407,312,120,1675
266,301,124,318,1357,1019,627,204,879,720,614
267,428,275,874,510,356,483,1573,13,317,1141
268,879,510,881,479,841,878,583,85,291,460
269,301,108,1357,296,191,1675,879,9,688,517
270,901,745,190,1649,1617,1357,317,292,494,184
271,1613,267,1064,114,310,82,712,528,499,125
272,1613,518,23,114,895,1357,82,1668,244,1654
273,1357,1649,1613,1674,1617,901,301,1668,1675,704
274,285,19,740,349,236,507,408,739,155,1175
275,1357,1021,296,108,232,510,330,1613,133,156
276,310,1613,343,325,139,527,603,983,512,1024
277,1357,1613,1674,1649,483,749,426,689,656,740
278,301,186,524,655,182,310,518,1357,646,499
279,1357,1613,18,546,465,983,92,1675,1649,603
280,897,269,254,537,332,689,1018,415,299,408
281,1613,1674,962,300,899,527,1357,488,1675,272
282,304,606,1357,1338,314,497,303,184,132,269
283,1613,1675,326,300,1357,1649,753,1674,339,168
284,749,271,304,647,1072,918,1357,461,8,92
285,269,897,275,268,881,332,415,320,489,606
286,302,245,285,408,1613,332,527,1097,125,165
287,269,918,245,44,486,18,152,254,1613,297
288,318,1357,518,1654,596,1613,1013,244,381,704
289,312,353,331,1118,832,880,767,288,633,618
290,55,1155,524,312,314,516,706,479,304,251
291,1675,1573,1575,197,897,1613,881,245,1668,133
292,133,1109,241,99,1613,128,901,1573,284,237
293,291,297,310,285,325,1613,55,511,524,256
294,1613,305,257,236,962,325,1675,386,19,527
295,1613,1649,1481,1675,241,113,748,248,1011,302
296,1357,287,1675,1613,656,424,304,921,314,49
297,377,325,342,1613,1649,750,288,633,302,923
298,56,482,561,134,245,660,356,320,1357,881
299,332,269,826,1613,254,689,1649,245,1564,18
300,1357,1613,1675,524,314,511,485,309,1155,12
301,1613,312,753,1675,331,1064,1045,128,1109,283
302,1613,474,1357,252,325,1674,342,63,300,291
303,1613,121,1675,465,1649,1027,602,761,677,312
304,268,275,537,1573,1018,407,330,318,408,881
305,29,1613,354,1674,1357,751,1506,85,285,275
306,85,219,1573,638,1038,488,381,649,518,870
307,1613,530,717,1674,241,291,483,693,447,166
308,1613,275,1357,1649,82,325,285,139,605,63
309,1357,1613,325,480,492,527,1649,355,291,1506
310,299,879,1675,1348,878,1357,1573,588,124,188
311,320,318,24,170,424,1010,649,85,1547,181
312,87,18,474,644,482,182,253,468,68,594
313,747,19,464,242,412,51,303,355,474,346
314,304,846,627,259,1357,918,314,287,379,479
315,63,256,291,297,810,825,338,1613,1006,276
316,1357,1613,1675,301,1649,518,156,1514,1617,596
317,275,1613,518,241,244,1649,318,1357,482,269
318,1675,1613,346,1348,741,569,1506,748,1575,878
319,1613,518,140,56,153,302,468,1675,314,482
320,1357,170,1155,485,12,415,232,511,320,339
321,1357,1613,1155,1674,310,522,524,518,901,55
322,282,1357,751,357,300,1613,1674,168,161,1675
323,1675,314,287,522,921,1019,723,188,1357,203
324,481,874,275,886,161,320,935,1072,483,643
325,241,301,82,1064,345,317,1040,1613,120,312
326,706,749,638,804,92,519,1155,8,314,1598
327,510,188,345,125,1141,275,268,745,483,689
328,108,484,747,346,1617,474,1357,1613,1649,494
329,1613,1357,899,407,1675,357,920,168,518,1594
330,344,855,426,201,1015,155,1613,428,1118,324
331,1357,1021,1506,527,1613,480,170,330,945,257
332,1613,1649,1357,1675,326,1674,716,689,741,271
333,330,268,527,503,476,1021,1573,637,843,296
334,1675,1613,1357,407,1573,267,1155,305,434,723
335,1613,1675,300,1064,306,1196,161,1045,1066,602
336,1357,1675,282,1613,188,541,921,688,479,460
337,1613,546,303,523,1674,1338,136,338,473,660
338,1613,407,305,241,267,275,615,271,1573,1674
339,275,1613,283,407,318,281,1357,1654,95,784
340,330,170,527,211,1613,1357,1674,476,268,1021
341,108,268,686,300,291,1613,1674,29,637,484
342,323,1357,503,1021,1155,268,852,1013,1338,170
343,1357,1613,1674,1649,196,356,1675,1155,481,167
344,641,291,479,188,483,269,196,151,753,522
345,326,318,1649,465,281,173,291,339,113,270
346,314,497,704,1357,1668,288,318,184,1013,689
347,306,1613,325,344,1357,1675,719,18,624,1674
348,244,1357,1072,1649,301,704,596,477,1151,25
349,443,302,1357,1675,284,1338,709,99,181,779
350,18,1613,297,268,245,125,198,1141,51,1668
351,1357,1649,167,1613,658,447,1674,465,461,546
352,1613,1357,1675,1019,29,1649,1674,1573,120,161
353,983,603,108,1027,658,211,1613,233,106,356
354,1613,1357,1674,1649,483,522,176,656,524,426
355,1357,1613,331,1675,1649,29,492,404,355,894
356,1357,1613,1675,1338,1155,1674,170,320,1573,56
357,267,306,512,211,228,1155,448,542,247,1092
358,1357,1613,132,1019,1573,318,1506,312,85,289
359,304,1155,1357,291,323,479,846,511,1338,881
360,275,519,1573,271,1613,1141,407,268,507,261
361,1613,1011,281,527,344,711,748,333,330,67
362,108,983,342,1064,106,658,232,951,1092,1357
363,1357,1613,1649,342,1674,344,325,474,1668,18
364,1675,1357,1613,282,407,168,115,1594,15,85
365,318,301,302,285,1613,82,275,1357,124,582
366,1675,245,125,735,1613,460,879,346,332,614
367,1613,878,1357,285,508,330,346,1675,1514,281
368,1613,1675,1674,125,1573,245,1357,1155,380,31
369,1613,488,85,274,755,305,1027,1674,178,324
370,312,353,878,945,569,106,117,749,879,747
371,749,897,299,269,18,8,485,197,50,606
372,681,302,267,560,314,305,1675,303,1613,596
373,325,18,719,480,339,511,1357,2,595,170
374,1357,1155,480,170,339,354,325,2,1613,954
375,1141,1617,87,341,51,199,78,275,605,152
376,1668,1357,1613,1654,704,1348,1649,301,689,618
377,1613,1575,1506,476,245,748,1573,739,1148,1481
378,1613,1357,1674,1155,518,324,1573,855,647,708
379,518,310,1109,244,465,515,156,139,1357,140
380,268,291,285,128,408,275,962,771,1141,1148
381,300,310,1108,488,179,268,518,854,515,708
382,1155,291,530,1239,178,220,1338,99,302,284
383,1357,1155,1675,99,356,1092,9,1338,1613,863
384,291,282,300,297,268,316,269,769,43,90
385,1357,232,1613,1021,296,1675,1155,99,330,813
386,1357,324,945,213,863,330,703,1092,170,561
387,826,1613,270,747,302,1649,1024,1357,108,330
388,275,318,1357,407,268,1674,1338,1617,1613,740
389,1357,2,128,1613,168,1019,1018,480,508,407
390,962,519,314,205,302,220,706,267,47,128
391,408,349,236,962,19,1613,305,1506,6,8
392,503,297,1097,905,344,693,97,1008,408,261
393,497,749,734,304,1357,606,633,269,303,1072
394,269,332,18,918,1357,1668,303,56,606,1072
395,1675,1613,602,681,1064,1040,1649,761,447,1575
396,879,583,330,460,282,305,268,1617,408,462
397,826,302,191,688,517,1072,245,332,918,60
398,63,988,291,139,1613,18,310,256,753,312
399,1357,1675,1613,85,305,188,762,407,1573,1674
400,1613,1675,326,300,282,258,407,1357,508,522
401,269,874,76,291,61,63,651,1148,1141,750
402,987,897,878,8,349,270,173,339,905,510
403,876,486,1613,488,345,162,63,741,528,1027
404,312,1118,840,894,596,681,870,117,85,749
405,1357,267,344,325,1613,594,1217,546,1338,303
406,1613,1357,1649,291,82,301,310,342,1675,719
407,342,524,1613,1357,1649,252,921,1674,656,18
408,275,24,241,19,268,318,935,320,1219,285
409,275,407,901,128,188,202,1141,1019,510,291
410,1027,749,1613,1357,274,1649,142,233,931,300
411,1357,749,479,188,921,304,364,720,196,314
412,1613,1674,483,426,315,1506,886,1357,1573,481
413,524,886,918,1357,1613,1674,304,1155,13,153
414,1357,1613,1155,1675,1649,1674,749,29,813,524
415,854,1613,1357,512,1573,267,503,462,488,588
416,1613,1357,267,1675,306,448,899,407,1050,1348
417,1613,170,1357,424,426,1674,344,922,2,304
418,1357,1019,318,522,287,301,518,762,407,1675
419,1357,170,424,344,1613,304,303,480,2,734
420,1613,518,244,1357,1668,1649,140,1072,275,318
421,268,674,1573,1674,1613,1141,275,693,428,886
422,1357,1613,1019,29,1675,921,1649,650,522,124
423,325,923,1138,658,983,302,693,244,1047,248
424,408,1613,380,285,462,2,291,297,128,268
425,686,901,1613,310,312,241,315,516,409,745
426,245,1613,332,1675,322,1064,895,82,125,1024
427,1613,21,1668,269,681,1649,1675,332,519,927
428,879,305,1675,1613,1357,1674,330,1617,477,346
429,121,156,653,310,330,762,305,346,516,901
430,1613,1357,1675,1674,1617,1649,1348,1573,1506,605
431,1613,878,879,1675,460,305,748,330,1481,537
432,1675,161,1357,1613,407,627,275,1674,320,60
433,1357,299,480,18,1021,339,170,353,232,1613
434,945,1357,188,510,879,479,749,462,345,201
435,983,747,356,125,245,603,1064,283,18,644
436,874,1573,1575,749,1128,311,1613,274,356,486
437,735,56,750,479,196,749,336,1338,865,1155
438,268,879,510,1573,583,740,1674,408,945,881
439,1357,1613,29,901,132,1649,179,300,1674,1219
440,1613,305,1675,681,293,748,1410,735,1348,621
441,1064,637,1613,488,345,516,1027,121,855,305
442,1613,1649,527,1506,486,315,248,1674,686,241
443,314,349,304,8,960,427,1338,312,706,203
444,947,323,1072,269,749,641,518,483,261,524
445,1357,1613,1649,1674,1072,478,99,108,1675,518
446,1613,345,241,855,528,428,637,1674,245,879
447,1072,704,1357,918,734,482,429,323,503,518
448,349,8,497,304,291,29,285,99,872,205
449,1613,50,8,874,1573,1148,750,962,1506,269
450,1357,339,18,897,478,784,270,323,430,475
451,303,879,428,1118,735,38,583,561,596,1217
452,317,1613,275,241,291,191,510,407,1674,202
453,245,1613,748,63,332,345,1064,486,561,671
454,18,1613,524,297,1357,749,511,63,1155,12
455,170,325,338,1613,300,161,268,561,527,332
456,1613,1675,1357,285,275,1674,407,1617,1573,1338
457,1357,339,846,291,327,644,323,188,184,328
458,1675,1088,50,1613,299,420,245,203,302,169
459,472,1675,407,1617,602,282,305,357,346,115
460,1613,302,1675,133,284,1649,1674,156,1357,1109
461,1357,85,1675,1613,1155,324,1674,1338,1573,1342
462,462,1613,63,19,274,291,256,150,1617,488
463,1357,126,339,18,474,342,511,921,1649,689
464,19,236,285,155,526,1506,1613,305,1175,257
465,55,99,1155,1015,310,658,457,233,516,312
466,749,304,1155,1357,8,479,92,196,1674,918
467,1617,87,275,353,1141,291,1338,202,1013,494
468,1357,291,647,85,1155,92,1674,15,282,178
469,1613,508,128,1357,291,1675,762,339,1674,1155
470,156,314,158,318,1514,762,894,281,327,1109
471,344,302,1613,285,1011,281,301,409,305,1481
472,1613,305,346,211,282,1675,306,407,615,1141
473,1357,878,1675,299,1613,249,168,569,1338,312
474,1675,161,128,1613,434,287,751,1202,921,50
475,1675,603,50,306,983,1613,161,1357,325,921
476,1613,1357,480,1506,486,749,426,1674,492,1649
477,301,124,420,344,1357,455,377,312,1155,443
478,244,318,704,901,670,19,1013,409,1617,241
479,522,300,518,1019,1613,241,855,1357,275,1018
480,325,1357,1613,480,2,1674,170,1155,354,176
481,1613,1649,1668,312,1357,689,156,76,238,331
482,1613,506,244,561,1675,615,895,1573,290,478
483,285,275,1613,407,128,161,526,245,247,615
484,879,477,637,740,1506,1613,330,201,1357,49
485,518,300,749,310,515,186,1357,1613,139,1108
486,170,1357,945,1021,480,503,852,749,1008,426
487,106,342,863,1357,150,474,825,18,256,312
488,1357,1617,644,863,506,181,182,306,484,1613
489,524,342,1357,749,947,522,269,304,196,483
490,302,1675,326,1649,1357,983,133,1613,1072,306
491,291,19,126,497,408,474,190,470,276,457
492,1357,1019,1573,879,1675,318,301,878,124,1155
493,480,2,511,18,325,344,1357,331,492,1613
494,1357,762,301,894,124,2,309,213,1675,480
495,261,689,1613,201,31,1066,287,596,1295,314
496,314,497,301,353,692,302,288,344,312,560
497,304,879,510,1155,479,791,1675,583,490,881
498,1613,312,293,117,1649,288,93,331,1668,27
499,325,354,285,2,480,141,377,176,267,763
500,743,1613,291,1357,407,1675,762,508,901,86
501,1072,140,288,1649,761,244,1109,636,606,1668
502,881,583,1338,85,1675,115,1674,1617,497,1573
503,325,18,269,1613,254,338,923,332,983,512
504,1613,275,1141,407,63,168,291,282,1675,1617
505,1072,271,1109,1649,241,518,1613,318,326,140
506,1675,1613,1064,312,120,283,1109,761,273,309
507,1357,518,323,1019,186,1072,300,594,1613,1649
508,275,300,1613,268,282,24,527,161,1018,1674
509,331,719,569,480,1675,1514,353,299,457,18
510,688,1675,123,497,511,560,918,259,583,905
511,1357,330,1021,170,296,480,1155,211,1613,1506
512,1613,305,312,178,1675,879,1674,1357,1506,447
513,1357,596,303,299,85,606,1217,1613,1338,594
514,1613,761,256,87,164,63,293,93,139,336
515,1613,306,407,508,310,291,1617,433,267,1357
516,689,318,878,1018,1357,897,415,720,704,740
517,1613,518,314,407,1357,519,1654,522,1675,156
518,285,527,771,302,408,905,128,1506,507,1021
519,1613,527,1649,895,254,18,245,1674,753,1668
520,31,287,1675,460,511,688,10,188,479,259
521,1613,1357,518,271,488,1675,1674,1649,257,899
522,299,325,170,1357,110,606,480,424,649,504
523,302,1088,285,141,377,497,431,288,267,714
524,408,1613,1357,257,291,480,285,527,206,236
525,1357,1674,170,1613,1649,320,627,561,970,108
526,1613,1675,537,1573,407,125,128,1064,245,1568
527,330,285,408,291,843,1021,2,497,302,1155
528,1613,1675,305,306,1064,748,602,1674,346,488
529,291,339,470,126,19,865,354,3,871,1338
530,482,275,1141,291,323,1357,202,474,356,182
531,125,245,1675,1613,688,332,511,921,18,1357
532,1613,1675,1674,1357,349,1649,29,8,25,1506
533,1357,244,1649,704,1613,518,605,1668,1514,527
534,1613,248,302,923,325,113,1011,1649,527,326
535,285,318,1613,257,281,527,19,330,704,944
536,324,1357,1155,328,9,284,181,186,709,85
537,325,344,524,474,176,1613,1193,1155,1674,252
538,1675,518,681,197,723,283,1109,1613,1573,156
539,1613,1357,1649,325,342,18,923,310,291,474
540,1141,275,268,467,488,311,1613,85,300,407
541,897,1357,753,1216,415,232,1613,198,1649,82
542,1118,267,344,596,303,304,324,1348,1155,1015
543,305,879,1675,330,477,1613,614,1348,287,124
544,305,205,346,178,285,962,879,653,236,457
545,275,518,407,241,1141,1357,901,186,1613,356
546,1675,1613,1357,1674,1649,29,1348,921,173,813
547,1613,606,87,1668,303,1649,256,274,672,18
548,299,749,1613,1357,269,485,170,18,29,198
549,1514,1649,312,1613,53,29,331,1357,1109,117
550,346,473,1675,126,583,115,178,881,319,1457
551,1613,275,245,82,302,161,753,1202,288,140
552,897,269,297,689,753,1613,76,1668,18,275
553,1357,878,353,1613,312,126,514,232,1649,29
554,1613,1573,854,488,267,1506,1348,299,588,899
555,1357,1613,1072,1649,1668,749,342,813,153,1674
556,256,312,63,743,1613,526,715,325,293,750
557,325,1613,1357,1674,1649,326,501,473,339,480
558,291,1141,268,1613,603,897,465,275,462,18
559,275,268,407,1141,1617,168,1338,1613,85,1674
560,1613,1674,333,658,603,826,1097,501,326,346
561,1613,605,1357,1649,561,332,82,747,244,1024
562,1613,29,1357,1649,522,210,1674,1019,198,285
563,1613,1649,288,1668,302,750,244,248,86,281
564,482,503,323,1155,1357,561,267,660,655,1141
565,310,1613,301,762,156,312,901,743,1328,1357
566,518,1613,1357,527,855,300,1674,271,170,708
567,1617,747,878,1357,1675,312,863,569,1613,353
568,1357,1649,1613,465,244,901,342,606,1674,1617
569,314,457,101,14,511,285,497,302,291,1675
570,1357,1649,1613,1674,19,740,483,190,274,29
571,1357,897,268,168,1141,1613,275,1573,323,339
572,2,287,485,170,12,1675,897,511,1018,415
573,1613,1357,164,407,357,1674,1675,300,178,447
574,503,322,518,594,482,12,1654,23,1668,114
575,288,1613,1675,681,332,302,87,1668,1649,767
576,275,318,1357,1613,300,1649,897,518,753,268
577,312,117,878,356,747,221,945,894,219,1573
578,1675,1613,1573,49,309,1357,706,1064,153,1109
579,1613,300,753,275,522,161,1202,408,650,640
580,245,125,511,68,460,1675,267,30,1457,583
581,497,1072,302,481,269,734,633,288,113,1649
582,1613,1357,1675,1674,1573,1155,1338,1617,85,1348
583,1613,1674,905,658,1155,693,1506,497,1357,285
584,300,63,1613,553,604,256,252,486,276,310
585,256,291,63,743,346,1613,247,306,267,312
586,325,170,480,2,424,1357,344,110,18,492
587,299,1357,1675,897,270,29,287,813,339,18
588,921,1675,1613,1357,751,1649,29,464,299,274
589,357,479,15,460,188,1675,196,282,304,472
590,603,343,133,233,1141,1357,983,1573,181,1155
591,291,285,1141,1155,1006,199,1573,128,1338,133
592,1613,245,332,267,344,228,1348,293,306,672
593,1675,1613,1357,271,197,478,518,897,1573,283
594,1072,269,749,153,918,314,874,519,304,180
595,1357,318,1649,704,826,270,1613,1072,1668,478
596,1357,518,1613,689,201,1573,477,527,268,605
597,1613,1357,518,1674,646,267,1668,519,482,503
598,270,326,331,232,1649,923,1613,826,254,696
599,275,640,291,408,824,339,285,269,1216,168
600,301,304,314,479,191,259,524,1357,879,186
601,457,327,263,291,101,349,762,872,339,314
602,2,267,1155,1338,85,1357,1100,330,170,299
603,479,1155,196,188,427,1675,15,56,149,749
604,1357,186,301,188,644,291,182,202,479,314
605,1613,1357,1675,407,1674,282,1654,330,462,899
606,261,518,749,1357,646,483,271,507,186,641
607,472,1064,602,1675,761,1196,1066,652,1109,681
608,244,561,1613,506,605,79,518,241,1668,681
609,518,1357,855,1613,594,301,267,186,499,561
610,1675,1613,311,1357,479,85,1038,357,56,168
611,85,1357,1617,1675,115,318,1613,606,901,1649
612,1613,330,344,879,301,108,305,155,1506,257
613,18,339,299,1357,480,325,353,595,249,1167
614,1613,1357,124,605,1348,301,1019,879,561,311
615,1357,1649,355,1013,704,1617,606,353,747,670
616,318,60,627,107,305,275,24,735,337,302
617,1613,1675,761,87,606,465,529,1338,681,1649
618,290,245,1094,1613,285,730,275,199,317,322
619,244,241,1613,317,828,1649,1011,779,840,748
620,1357,1613,507,1506,349,210,483,132,740,1514
621,325,1613,527,302,1357,170,2,480,24,318
622,1675,284,602,317,1613,681,407,652,471,472
623,1357,1674,1613,879,1573,330,1506,49,886,1155
624,269,18,753,512,297,268,325,958,1239,323
625,749,267,312,336,299,542,426,524,518,515
626,918,269,583,474,90,482,641,1072,271,920
627,1613,1357,1649,826,1675,1072,342,270,326,300
628,1613,519,1675,465,1617,267,156,291,743,37
629,18,703,719,12,331,309,106,1027,170,983
630,275,291,1141,1613,407,202,282,745,1617,268
631,18,511,1613,297,1675,291,1357,512,603,473
632,275,1573,753,132,686,1219,962,507,771,1108
633,1613,1649,1011,686,1357,300,342,1674,252,248
634,271,1613,1357,1675,1674,1654,647,1594,113,920
635,1613,275,301,318,407,281,1357,330,1675,95
636,221,353,327,1617,878,747,569,312,188,130
637,318,288,332,1654,1668,269,897,730,275,1094
638,1357,506,1613,244,596,142,325,561,342,1649
639,305,205,1674,285,178,739,1613,302,1155,879
640,284,1155,1613,55,99,178,1357,434,304,291
641,314,465,560,331,18,606,519,539,327,749
642,474,1357,252,342,175,301,499,13,1613,291
643,1613,1357,1675,1674,480,656,170,309,300,1348
644,510,879,702,1155,1674,886,1357,1457,330,125
645,301,1357,296,518,863,186,82,79,448,156
646,1357,1675,1613,301,287,688,281,614,511,1649
647,524,125,12,18,188,511,753,245,769,336
648,1613,1357,1649,743,1675,310,761,677,944,256
649,1613,658,923,1109,1649,121,686,716,156,25
650,330,879,1357,170,301,124,1021,287,627,24
651,1675,1613,477,281,1654,257,271,688,327,173
652,1675,314,688,10,331,283,681,259,706,873
653,242,506,1613,748,346,211,672,1348,624,40
654,341,244,108,605,1027,779,828,356,366,561
655,749,304,153,524,905,314,918,1072,47,706
656,302,546,560,303,314,497,192,50,245,1675
657,1141,1617,1613,87,150,462,1342,606,488,274
658,1357,312,1675,1613,1155,301,1092,296,1506,309
659,291,1357,323,644,1155,188,479,511,524,202
660,1019,1357,522,287,29,2,1018,524,170,415
661,518,1357,1613,1573,197,1675,219,588,186,649
662,689,281,314,1613,302,1668,704,331,1649,238
663,356,1573,1141,58,561,605,855,516,341,945
664,1675,305,303,115,178,123,675,583,346,276
665,1357,170,424,1155,323,325,320,304,324,492
666,271,638,1573,461,1613,1674,530,749,1072,6
667,18,747,1357,689,125,1613,511,983,921,331
668,282,1613,305,460,879,276,1675,357,647,1674
669,1357,747,1675,318,275,1649,1613,813,921,1019
670,299,527,1506,211,385,325,480,426,811,1613
671,1357,325,1613,506,326,1675,321,677,1649,603
672,522,128,275,1216,1613,1018,1019,380,285,82
673,1613,1649,1675,326,349,921,1357,751,522,288
674,291,1155,1613,128,305,178,513,434,205,191
675,1675,1357,1649,283,652,1613,1072,197,688,761
676,1357,18,1613,1675,524,644,1649,511,331,314
677,1357,168,188,479,1675,865,291,921,1155,15
678,479,304,510,428,583,1155,314,924,524,154
679,1141,311,1573,221,219,87,1613,588,1617,125
680,569,344,524,312,353,106,511,497,296,720
681,302,47,603,1613,511,133,330,527,1675,826
682,312,356,1155,426,516,106,510,428,749,345
683,1613,1357,282,274,299,1573,268,588,311,1675
684,1357,287,846,188,1675,282,879,85,304,762
685,323,1357,1155,646,641,503,524,644,291,12
686,1613,1357,462,1649,901,300,1674,27,63,1514
687,1357,1613,1674,1649,1338,1675,1155,646,176,480
688,1613,1675,1357,1649,283,306,652,300,761,407
689,1613,306,1675,302,346,305,1674,465,615,677
690,1613,267,1155,302,285,1674,615,344,306,1457
691,840,1357,681,1514,606,754,894,244,85,1649
692,275,318,291,878,202,285,1617,494,704,1141
693,1613,1649,1357,1675,1564,18,269,1668,813,921
694,291,1357,268,275,1338,1155,508,1674,1617,99
695,1357,646,901,1013,186,150,85,261,381,184
696,1357,1617,1338,407,85,1613,354,433,182,655
697,879,583,305,461,447,191,726,324,317,123
698,1357,324,325,85,150,1338,743,1613,1674,354
699,1357,1649,244,1613,901,1514,318,132,301,1668
700,527,1613,1021,1506,1357,2,426,309,480,344
701,428,304,314,735,717,447,1096,267,1155,479
702,291,474,510,462,689,297,1357,702,511,150
703,1155,954,99,501,302,161,557,320,55,1357
704,325,326,1613,1649,1564,342,677,923,248,270
705,878,1357,1613,301,1675,1649,330,312,747,1514
706,305,205,615,1675,128,284,60,603,306,302
707,339,1338,353,1357,85,354,291,878,1617,3
708,457,1613,291,312,872,285,281,1675,293,314
709,253,1675,18,169,1155,1088,644,603,306,181
710,1613,267,722,638,1108,324,512,447,1038,488
711,312,331,894,117,156,327,1514,749,53,878
712,324,1155,1021,330,170,557,2,1357,181,424
713,299,894,219,296,312,569,588,1357,117,156
714,1675,306,1613,748,346,332,125,245,688,31
715,918,303,749,1357,123,304,606,1118,1649,689
716,1675,1357,1613,197,606,1649,1668,1617,1674,1342
717,305,596,1613,1675,257,672,681,488,477,1348
718,1613,527,962,771,488,1573,1506,268,285,257
719,1613,244,518,302,281,82,240,1668,519,47
720,299,1573,749,312,117,1613,233,336,1506,516
721,1613,1675,346,326,748,872,1649,291,1674,1135
722,1613,1506,63,299,312,212,1573,1141,285,198
723,762,457,349,1066,305,698,178,121,1613,1675
724,1675,302,1613,468,50,1338,1357,320,735,652
725,312,120,1613,117,356,289,1506,1027,750,605
726,749,518,1668,1013,704,606,219,1357,1654,223
727,1357,1613,1649,606,1674,1338,1675,482,1668,605
728,1357,1613,1649,897,18,326,465,339,1668,1514
729,285,291,878,1613,330,408,1506,510,457,312
730,681,748,1575,1675,317,21,730,240,1062,1094
731,1675,1613,1357,346,614,1649,1348,305,173,1674
732,269,1072,1357,606,132,323,753,482,947,1649
733,325,1357,342,1613,51,474,1649,1564,270,108
734,1668,1072,1357,1649,704,429,689,1613,606,478
735,686,1613,315,256,63,447,178,771,55,310
736,901,745,301,291,1617,1357,566,462,1613,407
737,1357,1613,170,18,1675,299,480,1348,1674,511
738,310,284,407,1613,901,518,762,156,52,314
739,511,408,380,245,921,1613,125,614,124,126
740,1357,339,314,327,743,762,1338,291,263,62
741,1613,407,258,1675,357,306,743,508,282,1674
742,1357,1613,518,18,606,899,1668,187,299,1654
743,314,1613,309,1675,1357,762,518,156,2,257
744,314,267,1675,2,1613,762,309,128,14,258
745,268,275,1613,1674,1357,879,1617,330,637,285
746,1675,1357,197,747,299,813,675,9,54,283
747,879,330,124,614,1357,170,301,211,2,38
748,1357,299,606,1613,132,85,1338,1675,269,303
749,314,1675,353,1357,720,223,30,203,1348,511
750,1613,291,63,1674,43,282,1357,743,300,473
751,275,291,407,1141,202,1617,901,99,745,168
752,1613,245,741,254,125,486,18,297,1675,380
753,271,1613,647,1066,519,518,1675,920,1674,1357
754,462,1613,1668,876,689,67,469,257,27,488
755,153,524,749,1155,47,302,513,660,706,1573
756,1357,627,1675,1613,1674,879,301,170,287,1019
757,638,85,324,749,606,649,1573,660,709,1357
758,1613,1573,1141,1617,407,519,1675,510,1674,267
759,1613,248,305,346,751,1675,1011,1674,748,332
760,1613,331,300,342,1045,142,448,18,604,1357
761,1357,1019,2,170,309,518,287,1155,762,480
762,1675,675,305,560,583,115,306,602,192,346
763,1675,1357,464,921,747,1649,688,130,115,126
764,1357,1613,1674,1649,478,241,482,271,1675,244
765,1613,275,268,1141,1674,1649,1357,527,19,605
766,261,1021,503,330,1357,689,296,510,314,408
767,332,299,1348,537,1613,879,1573,1675,380,245
768,275,1613,87,407,1141,899,897,465,1617,1649
769,1613,282,346,305,1674,1675,268,1617,1141,473
770,1613,681,332,1675,519,488,518,271,537,965
771,344,244,301,1613,596,719,267,1357,302,1348
772,56,735,161,468,1202,320,1675,196,245,1613
773,855,1613,344,245,524,561,191,1064,267,82
774,1357,1613,743,301,1675,524,377,314,344,342
775,291,43,277,1649,474,465,901,150,411,342
776,309,1357,518,424,1015,723,749,49,1613,153
777,897,895,537,518,826,125,12,82,1072,343
778,1613,921,524,312,1357,331,147,63,18,511
779,275,874,481,1613,161,315,241,1649,605,269
780,1357,749,1649,342,196,269,947,918,304,1072
781,92,983,233,845,15,603,948,121,286,427
782,1613,1357,1675,1649,1674,18,332,918,269,1668
783,1613,1649,1675,1357,689,326,281,277,1514,464
784,285,1613,878,275,1357,497,51,96,245,1617
785,1357,1649,897,1668,1514,749,180,894,813,606
786,1675,331,18,741,706,681,299,47,314,719
787,275,901,285,462,1617,407,318,1613,944,1094
788,1573,753,300,56,168,897,1613,519,161,50
789,18,269,325,1357,339,511,1072,170,769,342
790,300,139,1027,1613,1649,897,741,518,605,876
791,317,528,267,513,428,56,447,745,735,186
792,261,314,518,519,428,188,641,528,186,510
793,314,1357,762,1613,2,522,304,524,1674,1155
794,476,879,6,19,330,257,477,1506,274,853
795,1357,353,1649,412,767,342,301,288,689,1668
796,117,1613,750,53,377,29,312,1357,749,132
797,511,53,457,291,286,297,331,63,18,339
798,285,507,510,275,901,241,291,483,522,1613
799,1357,1613,1338,1617,1675,353,115,346,623,1674
800,1613,1357,1675,448,518,300,899,299,168,1649
801,312,221,356,317,1675,569,1038,479,311,879
802,271,647,1613,31,717,1674,261,305,836,428
803,407,1357,1613,1675,433,1617,291,644,1338,743
804,546,306,983,675,706,560,181,583,192,191
805,1613,63,21,245,297,291,86,768,293,1649
806,606,1357,18,1668,546,749,303,187,681,1072
807,1613,1357,1674,1649,126,275,474,190,1457,1675
808,1357,318,1668,606,1649,288,1072,704,314,1654
809,1613,1357,1649,1674,63,1675,605,342,1348,312
810,296,1675,156,1613,330,1357,1573,10,1348,1506
811,1675,1613,306,346,448,968,748,1348,299,1064
812,897,603,270,753,1357,1613,18,895,12,1573
813,317,510,191,791,693,341,296,356,879,202
814,244,1118,681,596,1668,1613,678,506,672,322
815,1613,1675,1668,18,1649,87,21,269,1357,606
816,125,1613,1675,921,245,808,188,745,315,1568
817,314,524,291,55,511,457,285,497,1021,1357
818,1357,1338,323,1013,353,184,188,339,897,318
819,1675,1613,1357,762,448,300,306,15,1064,516
820,1357,1675,749,1613,1118,196,1348,1092,49,130
821,897,299,1675,18,1357,1613,1649,283,1668,606
822,314,191,284,560,302,317,646,186,267,184
823,1675,1613,1357,424,305,178,50,306,314,304
824,330,211,503,945,296,879,1021,462,527,1506
825,269,468,1357,1338,735,288,318,56,87,258
826,318,275,901,407,1357,1613,1617,518,1649,241
827,304,314,497,720,261,749,490,1216,524,483
828,518,257,219,1573,261,503,527,488,268,271
829,524,1613,18,1045,753,12,486,300,31,511
830,285,302,1613,288,312,1649,377,281,824,750
831,1613,63,331,315,1649,76,21,486,741,312
832,330,268,408,170,843,285,2,527,1021,211
833,1357,85,1338,132,1019,1013,1613,1675,1617,1155
834,583,460,479,510,125,1675,879,1155,881,245
835,474,150,19,1674,152,90,1613,920,1357,670
836,689,688,716,741,469,476,879,748,1675,1575
837,1613,1675,748,241,332,1575,1481,688,477,681
838,344,1613,301,1357,524,191,1328,302,1674,1021
839,300,1613,1357,316,1108,92,753,1674,603,686
840,1675,1613,1357,1514,1649,173,281,318,326,1617
841,1357,19,303,1613,274,1674,282,126,1348,276
842,905,716,476,9,232,749,108,239,233,270
843,179,488,1613,268,92,274,1357,1573,903,603
844,1155,12,1357,516,323,324,1092,604,644,769
845,1675,1613,1357,448,125,213,300,588,12,168
846,428,510,245,125,483,918,345,275,874,651
847,1357,29,1649,326,1613,1674,270,716,492,339
848,1357,1613,301,1675,901,508,99,1649,433,1674
849,1617,1613,1675,311,221,462,1141,467,299,865
850,457,25,739,349,872,780,1481,628,314,737
851,1613,305,1675,1573,1674,962,1506,178,349,460
852,1118,754,19,288,1613,248,1514,894,244,1506
853,518,271,133,519,1066,241,156,1064,343,936
854,1613,47,518,1573,922,527,1668,1506,309,1357
855,1649,1613,1357,749,901,180,274,292,931,1668
856,1613,1357,1675,357,594,1674,282,1594,656,332
857,1675,330,305,476,879,477,1613,346,173,1357
858,1357,1675,1613,18,603,644,753,769,1674,1649
859,301,283,1675,688,879,747,878,125,330,1613
860,8,132,1613,481,302,497,1506,29,1072,415
861,1613,108,1064,686,344,302,82,248,923,983
862,518,1357,762,309,310,2,1613,480,527,515
863,1613,522,314,281,1649,745,1675,901,723,762
864,518,304,1357,1155,1019,271,749,1573,186,287
865,318,407,305,1613,1675,267,357,1410,247,601
866,492,1357,511,346,1675,716,457,330,1613,878
867,1357,85,1675,99,407,197,1617,478,653,603
868,539,749,274,492,292,1118,123,905,583,879
869,133,1613,156,316,302,603,343,1066,291,519
870,1649,291,86,342,465,277,43,87,1357,743
871,1357,1072,749,1649,29,424,132,518,1109,1613
872,1357,879,282,1675,590,168,1613,85,588,462
873,1357,99,1155,301,291,1675,644,202,1570,356
874,1357,268,282,1674,1613,462,1342,1617,271,1649
875,1613,1675,1357,82,1573,267,527,1506,302,309
876,133,1072,603,1357,284,271,465,181,983,1649
877,1338,1357,353,325,339,1155,497,134,354,249
878,312,1357,1613,1506,524,426,1021,301,201,404
879,519,931,936,44,1064,749,510,240,76,682
880,275,268,462,897,1141,407,1613,1573,1617,899
881,314,304,267,1338,1155,497,734,511,303,706
882,325,1613,719,306,923,342,18,983,546,344
883,1357,749,606,1649,1613,1668,1675,274,180,813
884,931,749,188,1668,76,519,327,606,336,56
885,261,428,314,191,317,483,692,351,186,497
886,1613,357,723,1675,762,314,309,518,1066,305
887,1357,1613,339,1675,168,291,1674,522,1649,640
888,749,1357,1649,1613,947,921,180,342,1668,689
889,275,1141,407,268,291,1617,1006,1016,282,343
890,1675,1613,1573,245,302,1654,407,47,681,133
891,288,314,293,735,750,312,618,267,302,497
892,1613,312,301,281,1357,1348,480,1506,344,82
893,583,353,497,303,670,87,560,606,730,239
894,1613,755,1027,448,948,1675,488,1064,79,274
895,681,1613,244,241,730,1410,477,271,748,582
896,1357,1613,457,1617,355,1675,346,305,878,263
897,901,1357,1617,301,190,1613,318,305,494,1649
898,244,241,1613,1072,302,332,248,140,1649,481
899,895,1613,518,82,244,826,322,1675,1654,1668
900,1613,1064,923,983,1506,331,233,232,741,905
901,1357,1649,1613,606,179,1674,339,1668,650,168
902,291,1357,1155,323,168,479,188,524,1019,268
903,281,1613,344,124,614,1675,301,1481,689,759
904,301,1613,380,1357,1019,426,524,499,1674,124
905,894,299,754,203,1675,878,85,50,8,339
906,257,1613,19,1675,1649,299,1674,274,1506,488
907,1357,1109,314,309,762,518,424,302,1613,974
908,24,318,275,751,124,1357,170,1019,354,740
909,349,314,457,762,305,178,1357,8,1514,304
910,545,1613,267,1654,518,302,306,181,1594,899
911,1357,354,1613,19,901,132,163,740,1649,1506
912,1613,190,1675,1357,1649,277,357,921,656,314
913,497,1338,304,1675,675,468,424,320,1357,115
914,1613,331,1064,125,1649,1675,291,245,82,156
915,744,338,106,356,1092,1573,428,638,211,1155
916,1357,1613,1649,1675,1674,656,606,142,813,222
917,300,338,92,15,488,255,1613,755,603,1477
918,518,309,2,524,1357,1155,314,1573,749,1613
919,689,688,1675,879,173,878,259,510,921,1357
920,153,47,314,706,749,309,753,1109,302,524
921,18,297,258,741,254,331,553,12,689,104
922,1613,1357,1675,29,921,751,1674,1649,282,1564
923,301,688,1675,332,344,10,1613,281,306,1654
924,301,1072,191,779,244,9,283,284,1675,517
925,268,1613,1675,1357,897,508,1568,537,1573,407
926,314,749,734,497,1118,304,303,633,1668,681
927,1357,749,605,299,170,117,1573,79,1613,29
928,560,303,730,461,681,1613,447,1668,314,1675
929,82,1064,1613,527,615,285,826,156,1024,241
930,315,1613,269,21,1649,689,1668,277,745,63
931,170,12,769,1357,424,287,561,627,594,1155
932,1675,1357,541,688,921,287,1649,326,282,1613
933,511,245,18,344,332,524,125,1008,31,12
934,1613,716,1649,257,1357,689,326,1514,281,741
935,211,325,1155,663,170,330,285,354,1021,431
936,305,1357,85,15,1675,508,282,29,751,178
937,518,519,186,931,641,300,753,56,515,749
938,569,1675,878,299,1357,296,188,644,353,327
939,1613,1064,1675,356,1573,1668,177,245,322,518
940,483,510,428,268,945,507,44,1573,749,641
941,1613,346,305,879,211,63,1457,526,1674,1675
942,879,510,878,1617,460,462,330,670,317,583
