0,407,261,886,174,651,113,895,88,301,49
1,495,196,317,131,98,602,132,482,135,505
2,343,314,346,345,218,10,330,1062,149,728
3,250,1038,325,429,315,1573,1647,314,312,259
4,323,205,301,651,269,149,528,208,314,18
5,191,123,527,656,605,126,518,356,473,602
6,1632,156,1072,1617,1647,527,519,136,332,771
7,49,135,356,492,134,1021,126,196,879,968
8,312,962,1632,204,126,1647,315,250,5,501
9,1632,1647,962,1617,126,317,482,495,1573,250
10,1159,235,58,698,693,1647,8,968,135,1617
11,281,315,314,125,735,271,346,312,317,407
12,610,886,528,489,49,407,198,1448,627,1020
13,174,662,245,431,651,8,301,663,457,1064
14,530,515,1353,659,291,271,601,495,693,753
15,143,312,356,126,428,185,191,156,297,315
16,49,13,901,248,407,241,9,1632,185,483
17,250,407,315,886,1632,1647,631,581,511,610
18,492,530,508,512,477,356,208,135,428,49
19,420,1617,627,878,288,132,537,552,664,407
20,191,126,631,315,581,314,474,356,55,204
21,314,901,149,18,528,185,518,315,123,136
22,88,1632,115,407,136,261,473,511,133,1647
23,314,315,271,18,301,922,1632,317,11,356
24,314,407,315,496,222,659,514,49,123,185
25,312,495,482,132,1632,962,198,429,483,505
26,315,332,155,520,640,63,312,662,245,271
27,149,314,41,343,345,249,182,194,1632,49
28,1632,261,407,113,88,241,133,429,128,473
29,204,514,126,1632,962,495,1647,519,312,250
30,895,511,704,473,174,133,886,58,407,261
31,126,297,49,356,191,47,22,204,134,245
32,10,271,314,49,1580,11,126,317,249,514
33,245,47,135,126,41,1506,662,18,305,602
34,312,23,128,10,308,303,514,1647,332,317
35,56,96,326,832,182,312,10,1024,138,269
36,249,314,341,245,1632,344,330,204,267,49
37,326,968,8,138,156,142,950,1125,819,7
38,248,185,49,614,298,46,149,428,143,194
39,47,1062,49,298,341,429,228,735,297,407
40,49,918,305,1632,113,88,128,9,11,202
41,49,325,135,70,495,173,1234,1578,312,610
42,315,314,250,317,495,1647,407,514,962,271
43,49,1064,11,918,88,515,305,429,249,651
44,314,315,143,312,49,173,125,407,271,301
45,241,305,56,13,752,602,123,407,314,11
46,241,261,407,250,314,47,58,895,1632,962
47,660,512,182,88,656,482,126,428,7,640
48,714,473,646,13,921,524,133,693,1064,557
49,1632,113,182,88,204,853,514,49,183,918
50,49,271,173,194,185,143,204,249,203,688
51,13,317,407,1632,136,49,315,1647,1617,223
52,1647,1617,315,581,312,962,196,527,191,250
53,8,457,315,281,41,520,245,271,662,654
54,356,196,662,510,524,126,610,47,489,1497
55,49,317,245,346,314,271,878,240,315,330
56,314,305,514,428,69,49,165,18,269,241
57,323,205,305,183,314,23,32,200,1064,853
58,343,1632,345,314,143,315,346,149,136,237
59,88,1632,407,261,113,343,346,250,1647,1617
60,132,288,1632,1617,1647,407,878,552,49,346
61,136,49,172,185,530,210,204,198,271,495
62,136,13,1632,204,344,1136,962,9,514,10
63,204,136,514,1136,1632,126,9,222,901,962
64,125,431,271,1497,135,317,458,49,489,495
65,49,194,143,173,185,1632,312,297,182,613
66,297,312,49,429,1632,523,245,613,1647,341
67,13,136,407,123,125,204,495,483,886,511
68,134,126,49,41,135,431,210,22,58,356
69,602,49,11,482,271,317,477,512,135,356
70,315,314,305,123,514,60,13,8,9,920
71,315,312,332,696,314,271,125,250,958,631
72,524,918,921,651,1072,663,515,512,88,9
73,314,315,271,126,1632,143,1647,356,11,317
74,41,49,249,245,185,149,183,84,172,267
75,511,12,473,407,301,22,220,395,134,895
76,651,407,123,305,261,515,9,222,60,136
77,476,353,346,245,344,431,879,968,135,429
78,58,492,922,524,895,921,512,693,812,656
79,514,222,527,191,126,579,312,656,483,901
80,185,156,271,317,222,420,1632,55,1072,143
81,271,495,196,489,198,135,49,602,482,317
82,96,182,309,173,194,264,512,1062,317,1277
83,271,317,407,1617,315,482,1647,250,495,49
84,49,407,429,241,133,704,47,482,13,483
85,726,222,123,9,8,473,407,165,7,198
86,325,173,249,271,204,1647,49,519,1580,194
87,269,302,8,920,222,113,745,428,1038,903
88,457,1038,428,312,63,958,602,356,656,332
89,1064,196,276,1573,1617,235,696,958,1008,1647
90,182,343,10,344,56,96,308,317,512,276
91,962,1632,126,514,191,13,136,613,55,222
92,968,49,495,704,346,317,476,288,1136,698
93,473,13,1632,514,407,250,113,123,126,59
94,520,640,185,312,156,901,222,614,191,315
95,126,312,1632,962,297,613,483,346,265,529
96,343,346,431,298,627,49,47,245,923,880
97,314,18,315,271,245,60,305,317,536,32
98,155,16,10,194,185,143,183,356,49,126
99,314,305,315,271,514,23,1676,328,10,899
100,271,49,312,204,143,68,194,173,317,10
101,49,198,88,515,429,512,245,1632,1062,134
102,314,248,315,312,271,10,346,301,1632,11
103,49,886,314,143,173,203,315,201,301,194
104,49,135,271,1578,495,1632,477,11,356,204
105,495,317,656,428,514,602,1632,271,189,204
106,314,18,149,345,136,261,41,9,241,58
107,514,1632,13,407,250,9,314,1647,136,188
108,341,449,476,225,265,1159,962,684,207,361
109,285,689,317,240,271,276,315,1647,899,865
110,314,407,248,346,315,305,752,245,920,60
111,318,315,659,1647,314,962,317,514,1136,1617
112,457,312,431,429,297,968,1578,1038,269,303
113,344,136,58,261,895,88,646,134,473,492
114,306,1632,174,511,645,520,407,113,222,473
115,304,344,88,1632,126,182,343,895,47,204
116,314,49,1632,113,204,315,222,1580,47,128
117,314,245,18,1632,41,305,60,113,267,1506
118,288,346,13,614,332,675,753,1617,515,223
119,305,317,698,245,261,241,935,1136,514,346
120,132,318,528,647,344,482,429,241,407,483
121,58,1159,245,1617,136,8,210,315,511,1647
122,126,58,136,13,492,204,211,513,647,505
123,314,41,182,345,269,515,528,301,159,88
124,49,173,508,125,81,407,203,886,309,70
125,298,47,297,431,346,457,410,748,523,1020
126,194,968,120,225,264,1024,309,95,269,741
127,56,250,312,407,1525,326,305,314,205,301
128,18,407,305,56,317,922,123,250,518,220
129,1064,312,324,301,326,457,194,338,135,96
130,752,56,5,346,457,314,250,315,602,487
131,473,9,123,602,528,921,191,530,208,518
132,47,245,58,341,429,269,49,513,126,903
133,47,63,49,317,748,173,281,264,1647,70
134,1632,241,245,49,134,58,210,135,126,198
135,1632,1647,13,407,1617,315,317,250,482,527
136,1632,172,222,1580,183,49,519,113,23,257
137,204,1647,1632,315,173,496,527,206,222,886
138,602,656,640,126,1573,505,1647,63,128,482
139,407,47,250,241,133,1632,482,735,132,85
140,281,240,325,1060,216,795,1219,32,627,878
141,55,1632,126,191,210,613,22,13,640,237
142,332,315,330,281,312,1219,353,249,314,346
143,495,135,1647,647,250,482,204,317,492,132
144,248,149,185,305,314,49,301,951,901,113
145,512,356,196,317,179,656,923,291,660,632
146,346,343,5,735,241,935,1617,728,317,315
147,1021,886,257,344,88,304,895,115,918,220
148,47,330,304,513,18,627,314,344,245,662
149,1632,47,297,314,32,200,346,10,1578,248
150,318,261,512,886,220,492,895,343,508,527
151,312,325,1647,70,63,82,565,317,1573,1038
152,958,8,468,306,191,155,58,41,662,55
153,662,468,640,356,196,179,1632,524,602,133
154,245,241,346,18,60,314,305,261,457,13
155,660,196,133,431,524,655,602,487,662,1020
156,56,514,518,314,407,250,529,123,310,318
157,135,1064,198,495,1632,505,468,726,1647,196
158,332,312,726,315,520,156,155,222,746,13
159,10,155,520,191,356,179,345,126,237,515
160,314,315,249,332,330,696,271,876,345,854
161,1647,315,63,281,312,271,306,222,1580,332
162,315,126,271,314,1647,204,312,962,143,317
163,627,1617,662,281,240,364,1647,512,696,315
164,429,305,245,135,693,241,515,482,458,407
165,344,343,314,771,1647,346,1632,1617,728,1277
166,1008,726,332,23,527,164,338,514,1072,288
167,317,21,271,125,494,527,164,495,154,659
168,47,627,106,1175,317,662,272,245,49,169
169,132,1647,312,317,96,1573,579,525,962,1580
170,315,356,520,49,407,271,11,8,196,602
171,512,191,222,165,126,496,901,206,812,1580
172,301,182,56,314,343,49,11,1632,10,194
173,291,240,878,346,330,689,1617,315,386,317
174,689,495,317,303,428,49,656,923,512,1497
175,41,304,343,149,134,345,182,245,91,1632
176,1632,134,126,22,49,210,613,194,640,149
177,49,173,271,317,203,194,495,143,264,1647
178,288,32,95,315,143,326,156,927,281,1064
179,380,420,306,128,222,1156,923,169,537,43
180,968,681,315,185,659,281,353,4,567,288
181,312,495,49,132,317,271,1632,519,962,204
182,58,206,581,69,492,514,85,8,698,169
183,1136,58,492,693,1632,879,126,1159,962,261
184,47,126,962,135,879,317,495,1062,58,935
185,132,318,689,317,962,514,527,777,495,68
186,9,514,13,1136,495,189,1632,123,428,812
187,128,1647,1632,1617,216,740,132,317,613,13
188,220,285,395,323,344,922,205,261,895,18
189,49,10,271,126,317,204,68,194,143,330
190,314,315,346,312,1632,125,250,271,1647,962
191,305,18,651,314,41,9,381,54,205,149
192,47,748,495,125,302,989,735,85,126,523
193,191,312,156,332,726,640,155,271,901,527
194,126,132,962,1632,47,317,346,49,1647,613
195,923,98,317,356,196,602,1578,922,31,1497
196,173,1062,68,962,512,143,96,49,632,132
197,49,918,524,88,1072,512,356,134,1632,660
198,60,8,18,245,315,237,314,305,115,271
199,49,194,431,1277,182,429,1632,968,338,343
200,204,962,126,10,514,323,1632,495,692,879
201,314,149,1062,269,341,41,245,681,315,18
202,343,271,344,1676,317,288,49,1632,1617,149
203,581,304,220,380,18,922,47,85,345,356
204,315,314,185,271,332,305,520,281,248,659
205,143,149,1062,218,185,271,793,345,315,173
206,495,135,325,958,1038,271,1353,1234,198,1647
207,1647,495,505,1617,958,210,196,315,312,132
208,704,433,895,968,5,377,49,338,962,492
209,407,610,250,49,315,1632,133,314,5,241
210,501,312,958,1647,204,962,1159,415,495,325
211,8,315,659,169,1617,125,407,271,753,43
212,468,1632,662,8,271,315,1647,196,245,1578
213,1632,473,23,250,7,1008,922,602,1072,1064
214,49,431,1632,640,660,126,298,614,613,429
215,55,126,179,356,191,271,155,237,1632,1072
216,326,298,156,272,302,380,138,297,420,85
217,512,356,524,518,88,123,305,656,182,126
218,41,515,58,921,512,524,356,656,428,651
219,317,315,1632,314,271,49,537,10,346,1578
220,314,10,56,155,202,315,306,330,126,346
221,315,314,281,143,886,55,420,345,203,173
222,495,65,738,876,428,154,312,69,348,514
223,125,312,738,96,154,315,309,793,1617,271
224,126,356,524,49,135,134,133,204,1021,196
225,49,13,514,429,305,189,901,128,9,407
226,1632,511,407,261,250,220,473,47,113,136
227,346,495,271,689,10,125,317,312,411,811
228,318,508,862,512,689,303,7,1083,305,482
229,312,495,298,614,514,675,164,154,527,965
230,315,281,728,627,314,420,878,1617,32,240
231,407,886,174,1066,1175,662,8,196,581,261
232,735,47,315,85,314,317,581,302,125,169
233,508,1125,482,512,483,602,530,196,495,473
234,886,58,492,1632,88,49,133,196,136,511
235,346,132,291,735,689,13,581,5,85,771
236,123,407,527,136,514,1632,512,164,250,610
237,306,315,32,314,627,346,407,281,1632,1647
238,288,5,473,338,496,345,645,12,99,149
239,315,149,314,245,271,41,332,696,515,1676
240,344,49,204,134,1632,194,304,301,429,126
241,346,935,314,458,245,315,735,386,344,689
242,314,407,250,5,922,895,631,261,301,44
243,285,305,13,223,1064,189,333,128,425,495
244,303,128,260,269,773,920,222,189,331,82
245,515,428,530,9,149,41,921,305,185,614
246,1632,1647,317,315,204,1617,271,49,886,173
247,428,515,269,812,333,182,9,185,41,149
248,514,314,1632,9,59,315,222,60,123,113
249,431,660,291,1632,632,646,482,512,276,487
250,126,47,49,1632,962,317,143,315,204,613
251,126,314,1632,18,317,315,602,356,47,11
252,135,317,477,271,922,508,1647,492,968,1676
253,132,173,49,309,318,962,377,512,1647,317
254,204,126,49,344,47,1632,182,194,68,304
255,726,968,514,1647,312,1159,1573,189,428,128
256,241,22,59,473,126,901,1632,149,134,614
257,56,689,312,303,309,750,965,96,317,63
258,1632,156,312,63,271,155,356,55,317,10
259,324,457,958,1038,1580,812,429,1049,649,1024
260,306,23,332,155,582,314,899,1632,146,1573
261,128,899,514,1136,1632,317,1159,346,9,13
262,508,512,527,518,482,492,496,123,206,530
263,49,134,208,968,149,704,301,492,135,41
264,143,126,312,314,692,315,191,356,297,281
265,13,8,1632,250,407,315,514,271,631,125
266,1632,126,356,11,49,602,134,245,662,301
267,18,314,126,241,514,149,305,356,518,47
268,13,752,22,241,528,473,223,602,505,921
269,346,288,920,614,381,675,514,13,9,303
270,530,901,495,271,49,126,518,356,291,317
271,356,41,126,196,8,271,191,149,11,651
272,49,241,18,126,245,149,429,1062,134,356
273,314,18,315,58,305,123,514,241,407,261
274,1632,49,312,11,1647,317,63,47,429,1578
275,1632,126,356,49,134,47,11,22,602,113
276,314,514,317,10,315,18,899,922,47,1632
277,317,514,656,602,1632,495,13,271,63,305
278,12,172,1159,641,101,156,8,612,269,332
279,9,514,1159,812,13,899,258,958,24,693
280,689,308,303,10,240,534,878,514,305,743
281,49,301,407,194,173,1632,113,314,185,143
282,314,315,407,47,250,297,245,301,126,22
283,245,314,60,346,47,315,267,32,407,18
284,248,185,10,149,143,428,314,301,49,194
285,457,324,515,689,346,241,530,305,429,303
286,314,514,305,315,18,537,317,271,1632,113
287,314,315,136,271,249,204,10,1072,1632,580
288,312,332,1632,519,143,23,194,1647,95,264
289,1578,968,49,317,135,477,325,271,106,70
290,1632,613,1136,13,514,962,1217,136,346,210
291,1632,126,204,191,962,514,317,495,356,428
292,191,196,126,356,524,602,656,179,640,655
293,10,49,317,312,271,1632,495,143,204,1578
294,245,315,314,958,8,267,60,1038,281,457
295,895,492,512,304,135,356,886,196,482,1062
296,317,514,656,1632,85,305,922,602,250,1525
297,312,495,173,49,1647,602,610,204,482,135
298,407,245,1632,13,241,136,261,429,9,473
299,346,457,298,740,128,534,306,613,297,871
300,194,301,49,312,323,429,495,173,204,271
301,314,245,346,1159,899,149,60,315,41,1632
302,47,126,18,356,317,204,1021,49,1632,58
303,63,312,281,356,126,222,297,49,143,185
304,305,407,261,123,1083,18,113,241,895,610
305,323,528,250,314,56,241,407,429,344,18
306,429,269,49,245,267,523,903,126,47,135
307,1632,245,1159,429,1064,88,135,133,200,91
308,344,249,204,1632,88,49,330,1580,276,194
309,1632,317,223,1072,196,602,473,656,237,527
310,47,627,1647,32,523,341,325,407,610,1632
311,1573,132,1647,128,1632,514,482,579,899,250
312,301,1632,1064,431,182,1072,134,529,660,56
313,457,689,269,1062,302,748,968,428,270,880
314,58,18,245,261,8,492,41,115,314,305
315,305,752,44,18,689,123,314,920,315,958
316,49,315,271,185,143,173,317,210,356,126
317,315,312,958,696,495,271,332,1647,125,1353
318,317,315,1617,63,271,1647,281,346,49,420
319,194,10,202,155,63,182,49,249,297,333
320,132,962,632,343,482,5,497,1632,512,317
321,1632,640,511,662,174,1066,196,22,210,520
322,126,356,602,22,457,134,495,196,191,660
323,346,920,245,1632,248,381,332,32,128,312
324,13,241,473,59,136,483,1136,431,646,901
325,324,876,812,530,338,241,9,1159,671,1008
326,492,58,135,428,879,922,356,126,524,196
327,1647,1632,317,527,271,514,136,512,1617,315
328,315,126,314,271,1647,356,317,1632,11,602
329,457,302,47,281,298,269,903,698,523,627
330,41,343,88,182,923,918,149,344,646,49
331,1632,194,1578,297,312,182,95,49,923,1647
332,173,1647,281,203,1617,49,314,125,315,143
333,356,602,512,11,662,656,473,222,520,515
334,343,345,346,291,314,10,420,514,38,306
335,249,325,49,204,468,126,194,91,55,330
336,968,428,457,595,281,391,1062,8,923,654
337,343,245,59,58,291,261,346,241,345,60
338,1632,13,473,136,511,505,602,483,482,196
339,428,312,968,495,4,965,514,185,264,82
340,132,344,1632,346,343,49,449,431,962,595
341,298,47,248,879,46,297,704,150,351,968
342,429,431,133,1632,22,126,49,47,134,135
343,602,11,515,656,477,8,174,208,301,662
344,514,317,126,315,1632,602,962,495,250,13
345,49,204,68,317,525,173,271,1647,1632,132
346,249,312,332,194,271,126,143,356,63,155
347,1647,271,315,264,332,1578,281,32,1632,63
348,249,245,58,126,333,468,267,135,41,429
349,482,126,602,495,133,483,56,1632,317,204
350,1647,1617,696,315,1676,1008,271,1573,1277,331
351,291,182,317,514,345,343,1632,10,512,204
352,271,317,315,495,204,514,136,1632,659,13
353,261,305,407,241,920,250,752,174,123,473
354,343,344,1632,49,346,88,429,433,182,431
355,49,271,194,249,185,173,332,143,180,149
356,312,63,271,7,428,317,495,185,1647,264
357,285,132,714,1008,1159,13,508,220,473,250
358,49,1632,312,407,11,47,317,271,173,204
359,1632,13,126,473,123,483,640,527,482,602
360,126,495,47,879,482,133,317,605,602,196
361,285,276,317,271,344,132,1632,689,13,771
362,614,901,185,248,222,515,951,520,9,529
363,314,10,96,330,315,317,328,56,345,514
364,291,343,58,149,492,1062,693,241,530,18
365,155,249,306,245,1632,333,1580,202,942,314
366,1632,899,10,23,514,1578,519,128,317,204
367,333,155,222,128,918,726,640,901,9,23
368,49,314,47,1632,126,113,735,429,514,407
369,276,285,689,132,344,482,317,512,343,632
370,1647,317,240,512,204,923,173,1617,271,182
371,346,457,343,315,314,728,240,281,217,1617
372,49,303,305,429,407,113,1136,514,128,523
373,298,1062,581,96,191,138,633,748,143,987
374,49,194,495,173,317,356,660,182,171,312
375,271,317,495,315,1632,514,49,11,530,482
376,495,317,428,49,63,1578,356,656,271,602
377,602,1632,317,250,1617,922,407,632,196,133
378,315,314,271,886,1632,1647,631,250,1617,581
379,305,689,407,241,56,18,602,605,482,735
380,343,220,261,895,18,344,395,285,922,318
381,191,126,1038,649,468,487,656,640,958,135
382,196,58,662,487,135,8,245,602,386,581
383,49,173,317,1632,1647,962,512,264,11,271
384,323,250,326,310,610,473,56,31,407,752
385,222,314,514,185,520,901,165,44,496,315
386,1632,588,88,465,511,918,179,128,182,136
387,49,1580,128,1506,10,1024,202,182,194,180
388,298,126,895,47,487,962,133,879,5,473
389,508,610,477,7,407,198,1038,489,312,309
390,126,515,198,640,58,245,49,191,356,135
391,901,241,49,149,314,315,735,614,126,518
392,681,325,457,341,269,219,1353,428,968,1038
393,1632,312,317,271,1647,519,10,962,49,204
394,610,895,528,301,512,407,49,56,11,133
395,1647,923,1617,431,1632,1219,759,216,1159,281
396,49,134,126,1632,660,356,133,191,196,22
397,495,49,271,317,530,482,173,198,312,131
398,346,312,13,315,250,514,936,887,735,899
399,49,1632,317,1578,315,210,245,495,353,1647
400,288,581,420,886,1617,527,220,169,496,164
401,495,962,135,250,482,49,492,131,317,530
402,143,185,173,315,271,312,332,496,520,203
403,514,222,428,1580,63,579,189,10,901,312
404,248,218,143,150,185,1073,871,469,210,122
405,431,298,457,346,660,487,5,880,614,871
406,1632,49,11,429,519,198,1580,514,88,602
407,314,530,428,305,56,324,18,205,922,323
408,18,305,605,318,689,241,56,518,777,126
409,922,317,312,495,10,96,602,271,315,968
410,49,495,210,185,198,271,315,429,207,704
411,1632,143,962,613,315,173,1647,49,317,210
412,132,962,495,968,704,250,1136,879,514,482
413,49,356,126,317,134,1632,204,428,271,41
414,271,49,11,198,301,63,901,315,640,305
415,428,530,968,495,317,512,49,271,965,189
416,222,428,514,726,189,9,128,1632,1580,82
417,898,271,10,333,495,740,317,1064,428,276
418,49,602,495,483,482,656,614,13,640,98
419,13,514,602,241,56,689,9,656,123,126
420,182,345,343,1072,529,518,179,512,291,38
421,1632,314,315,18,204,271,32,1064,317,304
422,49,88,245,58,135,126,1632,512,134,356
423,314,305,315,920,44,60,752,18,675,381
424,41,245,149,267,60,314,249,457,18,639
425,527,310,655,581,191,85,656,514,610,512
426,341,269,245,257,429,325,273,1506,113,128
427,1632,312,317,13,132,204,1647,271,483,495
428,49,271,356,11,126,301,149,18,901,134
429,317,512,656,356,689,514,49,605,428,305
430,314,315,407,312,125,47,1647,63,627,281
431,47,1062,356,126,96,895,143,314,610,317
432,18,886,407,123,314,528,305,271,136,489
433,495,681,958,968,428,325,204,1159,82,417
434,314,18,315,245,60,305,1632,514,47,113
435,315,297,314,312,47,245,32,281,267,1647
436,581,704,1125,407,886,196,614,735,5,1066
437,1062,1617,1353,377,793,281,1647,312,143,315
438,317,899,346,1632,285,132,771,344,330,962
439,528,305,135,656,602,524,126,249,852,11
440,314,315,407,49,429,269,1647,11,1580,1632
441,1021,182,88,1632,194,468,356,49,31,524
442,305,303,49,528,901,750,918,56,113,11
443,407,185,222,314,173,165,315,11,49,305
444,581,191,206,514,58,164,659,69,428,8
445,88,49,918,512,515,136,149,182,54,651
446,1632,49,194,519,134,204,198,332,312,126
447,126,812,323,134,241,895,429,649,1004,56
448,291,345,343,581,59,18,196,922,518,58
449,315,1647,312,958,1573,696,1038,1617,271,250
450,923,751,32,240,878,276,281,771,1219,38
451,512,331,689,579,1104,1580,876,128,656,291
452,1632,204,314,126,271,315,249,49,143,10
453,312,125,204,495,1647,565,962,250,315,81
454,1647,482,1632,198,135,512,1573,610,126,602
455,1632,204,249,136,1072,126,155,191,519,1647
456,49,1632,356,11,512,317,482,602,271,173
457,1632,47,133,58,407,261,511,8,113,473
458,303,689,308,264,331,309,325,750,965,56
459,581,315,314,13,237,220,345,291,518,752
460,407,250,315,1632,8,631,511,13,473,156
461,346,132,276,317,271,1647,495,1353,1617,878
462,610,196,135,211,944,477,492,895,915,480
463,315,1647,514,1632,1617,8,317,962,222,659
464,204,1632,1647,317,1021,88,135,492,1578,514
465,878,314,306,10,1632,315,271,1072,143,248
466,312,1632,495,962,204,514,13,519,483,126
467,49,495,1632,135,968,1578,317,204,134,356
468,602,482,656,317,527,473,1632,512,632,922
469,315,143,271,314,173,1617,317,631,95,1632
470,312,93,56,314,125,315,250,332,309,338
471,314,245,346,315,60,267,1506,627,306,429
472,18,305,49,41,8,60,271,314,651,245
473,271,315,1647,1632,126,1072,1617,356,518,134
474,514,9,23,332,13,726,10,164,901,312
475,49,194,1632,173,968,172,1578,95,98,156
476,1647,312,1632,315,519,271,49,1617,198,11
477,492,581,922,428,206,204,58,356,69,18
478,651,512,515,185,222,356,49,8,662,88
479,651,8,659,58,123,496,492,261,512,136
480,346,407,315,735,1617,250,314,245,241,1647
481,312,317,63,271,315,495,49,602,428,11
482,318,344,968,1136,704,433,49,879,343,261
483,49,68,47,126,1062,317,495,173,171,204
484,88,512,646,515,473,524,660,58,134,1632
485,495,191,126,204,704,196,49,962,356,658
486,326,356,512,196,944,191,477,222,182,269
487,49,1353,325,1580,681,219,391,495,331,965
488,182,96,10,240,225,308,143,194,330,923
489,323,18,245,249,41,429,267,344,305,149
490,8,651,662,326,420,520,380,281,381,315
491,143,185,1072,156,356,173,55,237,271,1632
492,173,49,194,301,95,271,143,205,1632,204
493,143,10,271,194,317,1632,923,217,315,204
494,297,191,640,579,298,269,222,626,312,126
495,223,305,128,303,43,285,918,381,115,89
496,314,332,315,520,743,515,155,901,248,11
497,515,640,155,191,740,59,674,333,921,615
498,305,314,56,528,123,610,310,407,18,488
499,306,1632,159,345,1004,174,113,59,843,645
500,41,245,267,468,88,1632,134,126,269,91
501,332,23,308,306,534,832,947,687,1024,146
502,968,704,58,343,318,1136,433,88,261,492
503,245,457,235,458,958,515,135,386,331,1353
504,689,288,276,343,346,338,285,899,317,923
505,194,269,356,182,143,173,126,191,428,49
506,429,1024,61,346,144,1580,1506,1060,1219,1632
507,285,133,1632,508,473,482,220,135,261,13
508,428,356,182,194,49,208,185,269,968,153
509,312,1647,173,264,1632,194,923,1578,204,317
510,1632,49,13,317,1136,128,514,47,346,613
511,317,1632,602,356,689,656,10,271,63,514
512,173,271,1647,315,1617,317,49,143,312,264
513,1632,204,317,1647,1578,315,8,32,514,537
514,23,1632,332,128,514,519,312,333,1580,899
515,136,1632,13,886,407,315,1647,511,271,123
516,8,174,740,213,662,520,156,704,41,515
517,314,315,1062,627,1647,1314,281,341,159,1617
518,132,431,179,126,1632,184,317,923,655,771
519,346,689,935,317,241,132,343,962,318,735
520,314,18,149,41,315,245,305,49,11,185
521,640,614,49,901,483,1632,11,301,126,198
522,132,285,968,689,495,303,135,317,429,482
523,220,886,304,1632,771,343,136,314,581,420
524,49,204,172,257,659,173,886,1632,1647,271
525,962,318,1136,514,13,250,241,126,735,407
526,41,457,1062,134,245,149,895,356,126,304
527,185,173,222,49,305,537,514,182,512,317
528,1632,1647,128,1580,429,126,431,88,1573,202
529,689,305,317,315,271,602,656,314,240,44
530,314,315,627,271,56,305,1676,18,696,407
531,428,182,923,968,194,4,572,49,1580,63
532,610,407,198,1647,132,125,886,315,250,483
533,312,297,640,429,332,198,325,63,1038,126
534,968,1159,704,288,431,744,463,1632,1617,338
535,314,56,429,301,269,323,250,407,11,305
536,58,126,136,511,1632,47,13,133,473,492
537,356,126,191,317,602,495,656,179,512,10
538,895,492,886,610,407,47,135,49,18,1062
539,1632,126,429,1580,962,1647,245,1506,514,812
540,968,135,8,704,269,391,477,457,428,431
541,126,1632,47,514,250,297,962,602,191,133
542,514,1632,962,126,812,1580,222,113,250,512
543,126,47,662,1632,356,613,317,640,49,1062
544,49,281,662,63,640,269,245,11,520,429
545,332,1632,582,136,1580,1647,1159,1072,669,182
546,49,344,1632,245,271,134,431,1647,315,429
547,191,126,204,182,579,222,512,356,525,1580
548,49,204,1647,495,63,1580,126,317,222,271
549,185,288,173,49,95,143,264,194,182,659
550,326,959,38,923,1072,1064,915,356,32,662
551,429,49,11,317,271,602,63,1038,305,1647
552,13,305,241,1632,920,9,602,514,689,303
553,173,317,49,312,271,194,1647,96,143,356
554,315,245,312,346,505,297,429,198,640,126
555,196,356,126,602,22,133,317,662,134,581
556,13,407,223,640,174,740,1632,128,520,346
557,314,126,528,245,610,241,58,1632,250,22
558,331,1647,276,659,249,812,1580,647,1159,1573
559,344,49,429,134,301,88,431,133,895,194
560,662,174,31,133,473,610,655,196,524,640
561,312,332,495,13,483,505,132,377,1008,198
562,1062,495,962,143,49,1647,315,173,210,312
563,1632,1647,886,49,1617,173,449,315,407,204
564,429,245,241,528,314,18,47,513,407,693
565,514,1632,191,527,222,128,655,126,579,588
566,1632,133,714,468,473,31,128,588,323,511
567,656,13,605,602,689,191,614,1125,303,726
568,49,886,407,495,317,492,659,482,271,173
569,47,31,895,605,689,1021,85,18,133,304
570,305,515,512,407,11,473,113,88,123,1632
571,407,250,314,315,123,8,305,612,610,113
572,8,58,315,957,314,60,47,245,18,356
573,9,222,128,136,1632,515,918,514,614,113
574,272,662,8,281,156,306,651,326,380,32
575,627,1647,512,1580,240,1573,1506,1617,610,88
576,303,689,222,965,128,514,920,1083,189,656
577,312,613,297,1632,265,10,346,143,962,217
578,495,968,135,271,317,8,1578,477,1647,131
579,245,429,353,314,149,61,301,300,1064,205
580,333,468,88,191,640,126,674,1632,524,155
581,515,1632,241,518,529,198,11,660,482,13
582,1632,13,126,473,514,133,482,602,317,962
583,269,183,325,314,297,341,429,49,47,245
584,343,288,338,1159,1277,1156,968,1617,744,496
585,281,1219,353,410,740,272,330,391,245,349
586,1064,323,899,8,1632,23,514,922,557,968
587,272,8,213,457,368,662,248,920,740,773
588,288,1015,312,968,308,348,264,65,309,338
589,241,13,18,735,407,1136,291,261,461,49
590,315,581,13,314,752,250,123,602,18,44
591,204,1632,55,271,474,126,631,317,237,511
592,271,317,865,21,656,305,63,356,315,696
593,514,314,1632,315,222,250,164,1647,317,407
594,1632,271,126,136,1072,134,518,356,11,317
595,314,315,312,10,271,346,1647,317,1676,332
596,248,346,314,315,143,125,353,312,1632,95
597,271,315,1647,317,314,264,878,240,1676,173
598,1159,1647,968,1,341,325,748,449,312,1617
599,1632,126,47,581,962,655,85,291,512,632
600,918,305,9,123,429,88,528,113,1136,515
601,428,812,1580,269,514,314,204,49,1038,1506
602,344,429,1632,204,132,962,49,285,126,777
603,343,304,895,537,298,314,182,664,709,645
604,126,210,740,457,245,356,13,505,602,743
605,1632,1647,312,332,519,1159,315,1617,353,204
606,126,602,656,191,1632,514,13,482,356,512
607,291,240,345,923,330,689,878,272,413,512
608,495,958,196,1353,135,505,271,126,315,125
609,495,196,135,602,477,271,324,482,317,96
610,249,10,314,202,1632,639,41,330,245,344
611,689,317,303,271,276,189,240,1617,632,923
612,407,1632,49,11,133,223,250,489,482,271
613,326,312,297,56,250,156,301,1038,610,5
614,407,47,610,133,886,49,489,513,18,135
615,49,317,495,482,689,777,344,514,305,126
616,615,5,345,895,660,298,182,487,191,1007
617,495,196,317,191,356,126,525,660,923,1497
618,923,449,68,132,595,632,317,173,96,70
619,297,449,748,47,312,298,962,341,1043,692
620,249,245,41,271,267,60,515,49,155,314
621,222,515,59,514,901,155,126,9,520,159
622,527,512,495,169,704,482,656,123,485,164
623,1632,126,602,356,196,317,133,482,135,431
624,47,126,429,49,1632,431,133,88,245,1506
625,1578,135,495,1021,204,317,47,477,1525,133
626,333,726,276,640,128,660,468,602,189,1064
627,330,344,314,249,245,899,1506,202,1632,10
628,1632,1647,962,132,312,204,519,1617,483,613
629,312,23,10,332,832,348,217,308,216,927
630,314,315,407,241,346,1632,49,11,245,520
631,49,301,56,312,7,173,81,602,407,508
632,315,1647,281,314,173,1617,317,32,204,271
633,245,346,32,353,315,1219,1632,267,60,332
634,1064,271,602,285,305,656,317,223,11,315
635,1632,1647,332,1580,306,222,182,315,1617,155
636,132,285,552,407,429,777,13,523,344,303
637,314,271,315,346,49,1676,878,332,305,149
638,689,303,318,305,614,735,461,49,1136,777
639,49,126,1632,429,88,47,245,1580,204,198
640,5,473,645,1632,174,895,343,220,133,31
641,312,332,125,101,315,936,297,13,341,1219
642,1632,312,22,301,134,126,429,1097,297,250
643,312,1647,1573,332,1580,315,1038,519,325,429
644,126,191,473,1632,22,602,356,133,123,179
645,317,923,1647,173,1632,632,49,271,1617,63
646,1578,968,1632,49,1617,1647,271,654,353,317
647,288,338,309,301,968,323,49,194,377,7
648,314,312,126,315,514,204,143,96,962,10
649,305,49,1632,407,11,223,303,301,614,482
650,250,56,312,315,271,495,602,583,528,530
651,315,1632,1617,420,306,156,407,1647,346,332
652,308,901,529,951,518,512,750,614,56,49
653,537,303,317,689,1083,514,656,305,7,420
654,298,961,968,47,879,1130,962,250,361,903
655,1062,895,298,879,962,735,968,49,343,433
656,13,514,291,346,9,1136,317,505,241,675
657,315,191,126,312,271,356,602,156,250,1632
658,47,968,135,133,1578,895,196,879,302,1020
659,9,429,515,530,812,901,198,188,165,241
660,962,204,49,1632,886,173,207,527,318,7
661,457,174,8,520,662,381,920,515,487,752
662,249,271,126,330,194,332,325,1580,958,312
663,407,483,473,13,1632,198,640,133,511,250
664,346,245,457,13,740,60,1632,241,613,248
665,314,58,693,649,854,126,812,1632,59,241
666,656,123,514,169,164,527,305,310,488,222
667,248,381,174,8,968,411,288,305,205,32
668,602,640,483,605,13,656,482,614,660,56
669,196,480,610,489,508,1020,886,125,527,407
670,344,285,353,132,125,49,346,476,431,429
671,1159,1632,136,9,261,346,899,128,245,740
672,317,96,689,291,962,632,68,495,1062,21
673,331,271,1580,1647,965,428,325,317,249,63
674,689,135,693,879,324,922,495,492,605,285
675,56,407,895,309,49,173,610,301,5,132
676,640,155,306,662,272,740,222,297,269,333
677,204,96,962,1647,126,1632,312,182,132,692
678,128,305,202,303,689,918,88,1632,488,113
679,1632,407,49,250,315,301,314,11,248,271
680,56,346,96,735,314,315,125,962,317,250
681,431,135,429,49,245,639,333,457,425,1578
682,49,1632,134,126,640,356,22,179,660,133
683,56,610,495,49,508,482,309,602,312,483
684,895,149,492,182,134,428,343,496,208,58
685,8,58,191,126,196,656,428,1632,356,520
686,1632,1647,315,962,126,314,514,346,47,1580
687,1647,1580,899,344,962,1632,812,317,514,132
688,172,185,49,257,95,194,173,183,709,281
689,312,332,204,156,519,271,10,23,290,565
690,47,317,748,96,125,735,1497,330,126,1020
691,271,317,923,315,49,1578,125,63,495,312
692,346,314,339,32,752,125,315,631,56,411
693,1632,49,968,1578,1647,431,317,133,88,482
694,59,305,9,241,58,60,261,515,514,345
695,1632,407,261,220,136,473,511,250,113,314
696,285,689,18,305,317,205,47,271,922,314
697,323,395,205,344,200,261,968,537,305,411
698,323,314,250,899,429,188,812,528,324,612
699,49,495,173,171,185,271,248,317,194,204
700,317,512,356,271,656,123,11,602,610,407
701,49,886,204,173,501,1632,407,895,88,494
702,49,194,204,173,68,525,317,126,143,495
703,276,1064,135,1159,235,431,58,714,1647,524
704,298,537,924,735,689,1059,248,420,346,154
705,47,314,315,317,420,203,330,537,281,173
706,288,343,261,220,338,922,496,557,609,381
707,317,271,173,68,495,204,21,688,49,143
708,312,143,332,271,194,315,95,173,10,519
709,126,1632,602,47,514,962,133,13,482,655
710,58,261,241,13,1136,123,693,492,169,514
711,281,341,420,924,878,537,125,346,253,552
712,343,288,344,49,143,149,173,728,476,194
713,183,185,49,248,95,194,89,678,332,172
714,49,356,63,317,126,55,47,156,271,1632
715,495,47,317,879,13,85,656,514,482,602
716,407,315,314,250,346,1617,1632,1647,886,13
717,312,1647,204,565,222,519,1632,173,172,264
718,958,515,530,428,324,165,876,1353,496,649
719,407,662,640,627,133,174,610,223,602,489
720,49,429,315,1647,125,312,132,346,407,271
721,662,196,356,656,317,602,8,1497,512,63
722,49,305,185,407,11,271,901,63,222,489
723,353,32,315,325,66,368,271,1578,312,125
724,305,271,11,314,317,689,381,515,315,63
725,514,312,565,832,494,962,23,222,204,308
726,222,257,273,172,659,428,341,269,514,204
727,315,314,1632,1647,1617,126,514,962,317,346
728,312,1219,1647,332,353,315,198,49,125,271
729,172,312,204,501,185,519,198,495,332,726
730,689,69,18,317,495,305,271,656,605,329
731,968,689,485,303,317,132,698,128,235,656
732,241,735,261,59,343,407,346,291,318,18
733,285,344,132,495,271,1617,1647,135,753,276
734,49,13,429,1632,204,495,1136,126,777,344
735,13,9,726,473,920,223,640,407,8,174
736,9,222,901,191,515,123,59,136,58,155
737,49,1632,173,133,194,301,88,407,1578,317
738,125,312,143,96,297,248,314,735,56,315
739,271,312,56,11,317,315,602,301,356,922
740,305,689,317,18,271,602,518,241,303,291
741,126,191,196,13,495,198,271,602,505,489
742,315,8,407,314,222,520,306,662,60,169
743,514,126,191,901,356,123,602,518,962,222
744,332,520,38,155,306,839,23,146,515,726
745,288,95,49,332,271,312,173,314,143,315
746,962,126,1632,879,514,660,47,22,482,707
747,301,11,314,182,49,194,1632,356,305,205
748,49,495,1353,271,431,276,317,210,198,194
749,18,314,381,248,32,41,47,317,537,305
750,49,245,429,704,241,135,1136,476,58,198
751,740,46,428,514,191,155,656,614,333,10
752,495,1038,123,165,965,958,656,530,164,219
753,1647,198,1159,210,519,1632,332,1617,49,315
754,305,325,303,528,47,273,407,488,314,627
755,514,128,132,318,689,899,1632,303,962,1136
756,49,1632,314,194,149,11,173,126,204,88
757,200,968,323,428,204,1632,1021,853,514,172
758,315,312,281,185,271,173,125,264,314,203
759,1156,496,420,343,288,968,744,338,1062,298
760,878,343,314,240,688,318,420,923,537,308
761,185,901,23,222,514,143,314,951,182,518
762,305,651,18,41,245,8,314,515,115,58
763,317,312,1647,132,632,495,1617,264,1632,271
764,58,581,18,220,261,473,922,123,536,492
765,58,1136,136,241,962,59,514,1632,9,13
766,250,407,962,126,602,482,133,241,47,1632
767,495,428,1038,530,196,958,191,492,793,271
768,315,314,1617,271,346,317,1647,250,1676,288
769,8,1159,1632,1647,514,1617,1573,968,222,428
770,318,704,879,132,449,1092,1136,1059,298,968
771,315,314,47,281,407,627,49,1647,1062,610
772,704,9,473,1136,918,13,483,123,429,58
773,318,1058,344,465,777,49,901,308,588,1632
774,314,343,220,1632,1072,315,1647,182,771,304
775,614,222,514,7,407,483,113,529,1632,901
776,420,923,537,380,886,47,304,343,709,1175
777,182,23,1072,54,222,528,88,146,515,326
778,341,314,245,315,269,429,49,1062,428,457
779,49,1578,194,449,173,968,431,312,500,70
780,895,49,88,134,512,182,610,660,509,433
781,923,326,281,32,356,96,106,196,420,915
782,1632,343,49,182,645,174,113,88,407,149
783,1647,1580,1632,182,1573,512,204,317,126,514
784,18,314,49,305,428,149,356,269,301,11
785,1647,512,514,1632,527,128,482,317,222,656
786,56,47,689,312,579,989,514,314,297,743
787,132,128,1647,482,527,512,303,1632,317,483
788,155,126,41,191,520,345,356,22,245,662
789,245,314,343,32,346,304,344,18,923,728
790,305,726,189,1647,11,222,198,7,477,271
791,49,429,301,344,194,245,149,1632,88,134
792,312,1632,49,10,297,248,332,126,519,11
793,1632,58,126,514,8,473,222,123,407,136
794,407,314,60,245,261,241,174,315,113,1632
795,1647,317,514,273,1580,264,494,128,331,68
796,249,49,204,681,194,812,1580,429,88,530
797,421,968,288,429,341,753,552,309,49,303
798,886,47,304,133,1632,220,895,196,317,245
799,1632,1647,315,314,514,1617,1580,512,88,962
800,314,10,315,271,332,149,249,245,248,312
801,341,49,314,173,257,185,315,194,281,95
802,581,1632,291,136,126,18,237,345,220,317
803,407,113,222,1632,514,314,1580,11,529,49
804,174,288,473,261,645,5,8,12,1010,515
805,1632,47,49,204,317,126,514,407,1578,55
806,346,132,276,878,285,1647,1353,552,753,431
807,1632,520,317,514,407,356,315,662,47,602
808,47,314,315,125,627,407,735,126,32,330
809,314,407,315,346,735,1632,49,47,962,250
810,968,537,899,1632,1578,428,250,346,1647,288
811,457,748,281,1353,1062,738,317,312,1309,330
812,182,88,660,31,512,923,662,524,1632,179
813,343,314,288,346,143,315,1632,332,345,149
814,303,305,689,656,189,1083,7,512,965,428
815,314,281,96,240,741,10,738,160,330,264
816,314,126,457,10,297,315,514,356,520,155
817,49,1062,356,171,173,180,41,203,185,143
818,346,514,10,56,1632,314,13,312,315,317
819,204,10,143,194,16,271,126,185,312,356
820,317,495,47,85,879,735,962,169,492,514
821,407,288,314,250,315,49,5,496,185,529
822,1632,136,204,271,511,1647,886,315,519,126
823,314,515,149,10,155,305,332,901,9,315
824,640,222,988,1580,312,750,579,269,364,198
825,314,315,345,346,149,343,5,520,1062,143
826,314,149,18,305,271,530,11,315,428,301
827,55,474,191,41,126,155,183,314,356,641
828,126,356,49,134,895,133,301,1632,602,135
829,314,315,136,13,901,241,461,528,518,271
830,126,312,194,301,49,134,271,143,356,204
831,312,314,315,297,332,126,10,281,143,63
832,323,895,31,56,832,692,649,615,126,670
833,271,317,10,315,126,356,63,312,11,1647
834,315,962,291,581,514,496,346,345,1617,338
835,196,191,356,602,656,126,271,512,489,662
836,271,315,508,250,530,288,7,495,496,173
837,1136,241,49,812,476,1159,530,429,9,188
838,8,656,356,428,222,514,488,602,326,156
839,1159,1632,58,9,812,505,210,136,1647,962
840,128,240,317,1647,271,63,1580,689,331,303
841,297,126,457,47,22,1038,468,602,155,267
842,182,88,1632,249,333,323,23,194,1024,1580
843,13,514,317,9,305,189,1632,271,1647,128
844,346,276,771,343,132,1159,344,962,899,707
845,314,323,962,514,1632,250,204,182,56,812
846,288,530,149,496,659,49,681,1676,492,1166
847,407,314,250,610,315,269,735,44,281,752
848,1632,317,1647,128,63,1578,514,49,428,189
849,312,70,125,309,49,81,495,173,0,377
850,49,1632,134,301,182,194,179,88,529,149
851,222,428,269,1038,726,165,7,312,63,185
852,49,968,132,1632,194,377,173,433,431,495
853,428,9,191,58,8,333,740,812,726,126
854,208,610,191,126,153,356,11,612,301,641
855,314,126,315,56,10,317,514,47,312,271
856,261,346,407,476,1159,245,250,886,315,735
857,271,1632,1064,315,317,1647,495,1578,13,8
858,346,306,343,1632,38,332,314,128,155,771
859,132,1632,407,133,527,886,47,482,1020,49
860,285,689,305,303,288,317,223,407,310,128
861,245,346,1159,429,458,431,1647,693,1632,1580
862,301,49,194,205,149,134,1064,249,429,171
863,1632,407,312,49,173,250,1647,519,529,962
864,528,901,136,407,9,13,918,529,314,123
865,60,245,314,735,18,241,407,261,47,346
866,528,305,515,901,301,11,518,651,123,165
867,528,205,174,651,18,301,395,115,305,285
868,208,7,323,473,1632,645,1069,301,250,191
869,204,126,495,1632,191,514,1578,428,317,519
870,297,410,47,298,341,353,200,32,748,183
871,312,225,325,1647,281,738,449,741,748,341
872,281,312,315,314,325,125,160,93,271,738
873,407,49,1632,356,133,662,11,886,196,602
874,1632,473,511,136,134,88,645,1072,126,174
875,18,314,315,317,271,602,47,11,126,356
876,901,126,514,13,315,222,1136,271,49,241
877,125,407,47,610,13,250,489,1525,310,527
878,271,315,317,312,495,332,63,356,696,602
879,126,345,182,291,134,1632,343,1062,962,149
880,1580,165,126,901,198,1038,312,495,530,271
881,298,495,49,132,879,70,962,126,312,317
882,1632,431,1159,174,88,463,5,511,1617,133
883,515,59,9,165,901,123,222,58,149,530
884,968,317,132,923,1647,632,512,1617,844,485
885,305,269,689,205,303,301,428,183,762,11
886,326,299,678,285,689,32,122,303,1578,1525
887,317,514,656,602,1632,126,63,356,271,47
888,1632,315,305,314,407,271,223,11,245,1647
889,480,133,126,191,473,47,581,602,655,511
890,317,689,96,495,196,457,602,1497,271,1353
891,126,1647,315,198,356,1632,222,1580,1038,1573
892,271,317,312,315,125,63,173,11,49,1647
893,431,196,133,1632,602,662,482,660,487,524
894,49,429,407,241,1632,495,13,250,1136,207
895,656,1021,49,356,524,512,918,477,106,495
896,457,431,968,298,872,923,662,312,297,1578
897,514,428,182,512,356,10,901,518,185,614
898,968,492,135,477,428,895,704,496,508,612
899,1632,132,13,588,962,465,483,126,527,514
900,496,428,309,65,173,738,659,263,69,876
901,317,271,659,428,173,204,512,495,21,923
902,126,135,958,191,22,495,1038,457,134,674
903,317,514,968,495,632,428,1647,923,161,485
904,301,1632,315,49,346,314,271,134,317,245
905,245,346,314,241,735,47,18,315,135,317
906,315,1647,314,346,1617,317,281,240,32,899
907,343,317,632,132,344,1632,923,291,1617,922
908,656,8,968,602,428,514,477,222,512,7
909,356,317,581,922,514,143,96,632,895,428
910,305,261,651,381,512,407,477,968,288,8
911,1125,656,428,8,968,196,704,689,477,1019
912,220,8,886,1021,223,1072,1632,285,271,115
913,41,515,49,126,149,901,58,530,428,241
914,346,429,13,245,1632,241,267,407,314,60
915,1632,136,126,88,58,473,511,133,524,482
916,581,345,514,58,206,380,85,44,496,962
917,9,128,812,514,58,235,512,206,862,331
918,317,968,1159,1647,1632,899,514,962,495,1573
919,1632,204,962,126,1647,519,315,514,312,812
920,288,344,132,844,968,1277,309,264,1647,312
921,285,344,318,132,49,552,407,303,288,1632
922,126,312,1632,22,640,429,134,297,155,198
923,508,7,968,704,477,527,173,632,512,482
924,49,344,194,301,343,173,264,317,309,180
925,315,18,314,271,245,317,125,305,60,1632
926,968,923,681,32,353,1060,826,120,1159,106
927,962,241,1062,1136,126,5,777,429,298,346
928,179,356,126,518,514,512,1632,191,901,291
929,315,314,627,420,281,306,169,1617,125,696
930,314,315,346,407,627,306,514,1632,56,735
931,492,58,191,512,126,222,59,704,206,123
932,191,527,640,483,655,465,179,491,13,901
933,627,315,407,314,610,1617,245,1647,886,429
934,1647,132,1617,315,1277,314,240,225,878,728
935,968,182,1064,323,660,343,1632,922,921,646
936,704,527,968,132,508,632,7,98,86,512
937,726,8,1125,156,326,477,153,1038,7,269
938,312,271,63,315,332,281,1038,317,428,356
939,156,353,1632,315,8,271,1647,332,312,49
940,49,1632,126,483,13,312,198,901,407,495
941,70,132,317,1647,482,495,1632,49,1578,86
942,249,332,185,681,641,958,333,155,353,204
