0,1064,113,88,168,11,515,646,301,473,197
1,168,482,317,142,284,407,177,131,704,495
2,126,186,291,297,312,49,662,345,750,275
3,285,317,315,63,482,407,267,250,189,259
4,237,6,88,261,267,245,521,518,178,54
5,473,482,602,479,407,133,191,99,512,1202
6,99,524,518,190,179,7,222,131,178,134
7,301,407,356,63,97,126,317,426,602,302
8,1021,199,287,150,1064,503,126,133,168,49
9,317,99,131,482,190,602,168,962,63,478
10,317,250,56,315,241,123,285,63,482,407
11,168,312,21,317,173,63,11,407,962,420
12,244,747,407,520,134,1128,302,80,662,284
13,431,249,267,49,304,261,134,133,1020,704
14,312,271,275,215,211,317,169,318,268,142
15,317,97,204,194,63,184,186,356,602,479
16,482,113,168,126,49,172,133,477,268,11
17,317,169,271,63,962,284,274,13,113,482
18,511,63,483,962,113,317,482,11,7,55
19,125,142,168,212,282,173,86,484,189,131
20,181,133,356,339,97,126,271,514,63,474
21,181,249,257,11,312,54,474,171,180,407
22,123,427,7,482,168,284,473,602,478,301
23,63,271,317,315,314,11,49,426,97,407
24,168,312,11,49,173,257,113,63,515,407
25,317,312,356,602,63,49,407,99,271,11
26,49,407,11,168,126,177,133,63,602,529
27,312,301,155,126,407,11,474,168,177,99
28,317,63,126,356,11,113,407,271,168,97
29,317,482,63,113,250,602,514,483,478,656
30,99,113,168,88,178,473,55,133,284,482
31,301,49,63,474,271,11,177,317,482,314
32,168,317,49,189,63,177,78,482,315,312
33,315,511,115,515,284,646,302,523,346,407
34,317,63,173,189,271,49,131,7,282,190
35,92,49,614,194,250,173,708,7,99,193
36,126,186,204,181,55,194,227,49,143,171
37,125,7,312,282,172,495,49,150,285,484
38,55,297,126,11,149,301,113,97,962,420
39,55,168,284,962,21,188,189,115,420,169
40,407,49,301,482,167,11,168,602,133,172
41,173,168,171,49,525,21,63,495,317,479
42,317,63,257,113,301,312,271,482,168,172
43,285,325,315,189,314,518,332,63,199,82
44,168,312,407,482,63,49,317,198,656,602
45,407,168,47,510,602,99,11,646,222,113
46,314,237,271,407,63,356,41,22,99,11
47,191,11,49,167,172,7,126,482,477,656
48,285,13,474,58,473,305,196,123,8,319
49,297,126,275,197,514,268,474,252,55,155
50,332,21,49,173,189,315,11,171,175,63
51,482,317,168,962,222,63,343,11,407,312
52,317,312,63,647,285,271,525,177,514,198
53,269,314,49,41,271,63,315,267,245,317
54,11,178,63,173,198,99,49,88,314,21
55,49,63,312,317,301,171,271,315,177,180
56,317,271,63,312,49,172,301,315,97,482
57,301,886,474,54,257,1021,151,22,237,513
58,474,155,237,41,314,11,99,178,55,301
59,267,250,245,407,482,99,133,168,284,301
60,49,173,312,21,95,171,203,180,63,143
61,7,49,11,483,480,477,172,962,434,653
62,962,174,168,284,222,482,49,133,55,11
63,168,113,172,11,312,173,49,55,88,301
64,315,63,317,271,356,426,407,314,49,97
65,49,173,271,317,63,97,11,171,356,21
66,63,49,55,317,267,285,271,245,189,126
67,268,312,301,407,172,482,515,477,177,49
68,312,177,49,168,126,482,133,301,529,291
69,317,97,173,356,11,49,168,479,482,63
70,302,315,8,314,126,13,356,63,97,514
71,305,312,317,285,318,271,901,647,222,962
72,407,191,473,11,126,222,602,113,178,660
73,63,271,317,312,11,514,356,97,314,49
74,614,49,529,312,812,704,7,284,168,133
75,301,407,126,22,184,134,510,426,356,653
76,314,237,172,271,63,11,651,88,113,483
77,49,271,317,63,422,171,426,312,704,97
78,511,55,922,113,123,267,317,962,284,115
79,285,317,63,97,514,315,274,113,356,482
80,271,63,222,11,172,312,514,317,113,44
81,63,49,317,407,271,426,168,602,482,495
82,525,168,21,143,173,407,312,264,78,479
83,317,168,271,482,222,63,189,962,312,190
84,482,407,177,301,168,133,602,317,135,49
85,49,172,11,314,171,271,63,237,180,473
86,63,168,312,49,173,317,407,171,214,143
87,115,267,285,189,511,315,1064,346,261,58
88,285,325,312,175,126,189,317,482,647,177
89,99,317,168,113,478,407,164,602,479,47
90,21,525,356,63,47,317,173,143,314,479
91,11,49,962,63,99,602,271,88,126,173
92,317,168,312,482,113,301,250,188,481,132
93,482,284,113,133,514,126,407,473,317,168
94,49,312,301,257,180,11,708,271,173,735
95,346,301,267,317,899,227,6,922,204,407
96,55,301,95,407,99,520,22,227,54,143
97,285,305,343,317,284,196,962,426,482,126
98,194,95,11,63,173,143,171,49,10,1011
99,317,315,63,356,97,514,525,314,426,126
100,312,63,49,173,317,271,11,143,168,95
101,63,168,407,317,11,113,482,602,271,88
102,312,482,49,317,962,172,7,268,113,704
103,49,171,312,180,407,63,126,301,41,356
104,49,301,180,11,173,172,257,95,171,312
105,317,271,177,49,312,495,482,426,63,305
106,474,268,237,314,271,59,41,18,962,13
107,113,514,63,482,407,315,285,172,651,168
108,312,95,1640,899,748,454,944,300,21,116
109,271,63,317,312,923,68,281,749,222,21
110,271,314,301,317,315,8,515,63,268,312
111,63,271,495,49,317,312,198,315,171,514
112,63,309,312,113,317,21,55,168,10,420
113,473,11,178,602,514,314,49,482,356,113
114,314,155,178,88,473,134,126,407,41,646
115,168,99,126,186,198,55,156,133,519,479
116,315,63,126,317,514,314,11,97,356,189
117,407,314,126,113,514,315,261,11,356,189
118,261,189,188,630,935,99,432,326,706,901
119,312,271,317,63,482,495,222,11,49,44
120,317,514,407,482,177,356,63,315,271,301
121,212,168,131,142,529,133,630,487,605,49
122,346,407,301,261,284,8,136,302,123,126
123,301,55,474,22,10,237,155,407,304,11
124,173,168,171,49,525,21,496,227,479,172
125,159,323,645,895,472,269,704,511,304,133
126,95,312,221,173,120,194,844,269,257,741
127,285,514,317,482,325,312,495,135,647,305
128,285,426,482,126,602,407,356,495,196,177
129,317,312,204,647,305,97,177,184,377,519
130,317,505,63,305,271,132,647,56,312,514
131,284,55,126,407,473,962,511,528,653,113
132,11,172,63,49,173,271,97,237,301,21
133,21,168,189,317,312,63,86,113,160,175
134,317,63,113,97,271,514,962,315,482,314
135,284,482,317,407,113,962,511,63,514,55
136,227,95,194,49,249,167,134,173,226,179
137,168,312,407,49,11,113,99,173,63,198
138,126,41,63,271,314,520,55,222,49,962
139,317,315,63,285,8,482,13,514,407,56
140,312,189,168,21,125,327,240,311,288,264
141,49,126,482,177,171,133,168,11,186,477
142,317,97,63,356,186,126,204,78,21,49
143,317,63,168,407,49,482,426,271,602,173
144,126,175,186,88,168,156,47,113,11,197
145,271,749,55,63,520,317,962,99,426,654
146,317,346,315,314,407,63,515,271,250,241
147,407,708,301,284,512,704,515,482,614,123
148,275,704,301,285,268,305,317,55,962,513
149,49,268,312,172,935,90,188,180,171,11
150,512,482,478,250,407,123,479,602,708,483
151,168,63,632,317,21,407,173,86,496,113
152,285,749,407,301,302,204,922,202,54,8
153,99,126,660,134,179,178,407,602,191,186
154,317,482,312,284,962,133,480,177,135,271
155,482,126,133,284,407,479,602,478,131,510
156,113,168,1038,514,481,10,55,126,317,204
157,99,168,518,317,407,198,602,479,482,63
158,291,49,180,346,171,173,21,315,168,661
159,178,155,126,11,55,312,99,191,474,92
160,314,315,56,267,271,63,245,41,317,356
161,312,222,63,49,317,168,11,482,189,962
162,315,317,356,63,97,314,126,407,514,271
163,99,407,314,168,312,63,291,21,271,222
164,315,482,407,512,63,317,250,314,301,168
165,312,168,317,741,250,647,965,479,78,567
166,704,18,275,268,675,962,211,422,301,305
167,63,315,495,82,514,47,271,198,317,314
168,49,312,173,7,317,172,271,63,482,11
169,315,63,317,271,56,314,97,267,189,291
170,407,168,11,49,63,126,113,482,312,602
171,407,168,63,21,88,317,11,173,113,510
172,317,482,63,113,97,514,168,250,407,301
173,515,169,346,21,241,317,271,318,303,407
174,49,317,63,356,495,171,315,271,426,97
175,237,155,55,41,474,178,99,432,88,326
176,126,113,11,55,186,49,168,191,356,63
177,312,49,173,168,63,171,21,180,317,172
178,49,271,180,172,268,171,150,314,63,269
179,250,901,188,581,18,708,90,300,962,432
180,312,49,271,173,180,171,21,317,96,63
181,312,49,177,317,180,171,482,173,198,63
182,168,188,113,99,482,284,250,483,513,7
183,482,317,133,113,478,241,284,602,169,512
184,317,271,962,312,168,63,284,190,426,482
185,1038,285,325,525,288,189,391,142,346,606
186,172,477,285,59,268,918,49,222,482,962
187,515,257,407,63,301,317,168,315,271,314
188,186,317,581,468,1141,22,131,178,97,212
189,49,312,171,173,180,63,271,95,11,317
190,317,315,63,356,97,514,314,407,8,271
191,312,168,99,143,113,407,204,1038,301,208
192,317,482,132,495,606,407,63,479,343,525
193,126,356,63,514,271,11,317,97,191,314
194,49,317,126,271,407,312,356,63,21,97
195,962,749,55,407,196,63,317,426,97,602
196,525,171,173,479,49,356,63,602,317,495
197,63,407,11,314,356,315,271,113,317,602
198,301,407,515,8,922,250,482,513,241,123
199,301,49,63,317,269,177,271,173,426,407
200,186,204,126,487,22,184,191,92,479,99
201,614,301,708,704,168,227,172,250,7,49
202,49,271,317,63,312,305,177,171,150,901
203,275,22,284,211,922,301,8,267,317,55
204,271,315,63,314,317,356,97,514,11,21
205,49,11,312,173,21,257,203,301,95,191
206,317,63,315,271,56,426,356,132,482,495
207,63,271,49,317,315,495,198,426,171,173
208,168,133,482,198,99,49,479,478,481,483
209,317,63,271,49,426,97,482,356,315,11
210,481,525,113,168,202,317,482,198,204,284
211,168,169,315,317,63,312,407,195,56,271
212,189,168,126,49,63,407,21,222,261,173
213,88,646,113,511,11,407,922,168,962,58
214,482,49,126,177,168,479,317,186,133,171
215,11,356,55,97,126,514,63,113,317,10
216,346,270,227,391,226,189,128,1038,1062,115
217,514,407,126,356,113,482,602,47,473,11
218,285,222,530,514,962,480,511,191,113,55
219,268,317,285,8,312,97,514,482,149,126
220,126,186,55,63,99,181,317,41,198,503
221,21,63,749,314,10,271,11,356,143,173
222,346,21,391,49,173,537,78,171,203,142
223,312,21,317,142,168,525,68,143,78,647
224,11,126,113,49,191,482,656,172,602,168
225,168,315,407,63,189,11,49,312,126,21
226,88,168,113,99,11,237,178,47,473,133
227,271,305,312,285,317,495,68,63,735,301
228,704,7,305,132,480,962,18,484,422,377
229,271,317,63,495,659,962,426,215,343,305
230,312,168,317,68,647,177,99,49,240,965
231,407,512,284,267,478,168,133,483,708,245
232,317,962,346,285,922,97,241,58,63,189
233,482,133,177,49,487,602,478,512,431,131
234,407,22,426,653,602,482,49,63,317,133
235,271,305,318,275,923,314,675,901,317,962
236,407,168,99,602,482,479,177,317,47,478
237,317,482,63,168,312,177,495,407,632,285
238,92,191,343,588,133,921,58,652,660,473
239,49,271,301,63,312,317,257,172,177,482
240,63,49,271,317,285,312,305,56,177,126
241,49,312,301,317,177,482,899,704,180,315
242,284,632,478,512,482,527,343,524,407,168
243,271,315,314,13,63,285,918,60,461,59
244,312,285,125,168,495,482,317,189,264,647
245,149,482,515,206,172,514,301,268,167,126
246,63,11,49,407,317,271,172,113,168,482
247,312,474,126,49,11,345,514,55,113,175
248,113,317,482,55,189,514,284,168,962,99
249,99,177,901,133,284,285,250,529,482,131
250,126,49,479,482,189,186,11,317,356,191
251,317,63,482,514,271,356,97,126,177,602
252,317,301,482,250,312,63,168,113,497,495
253,312,168,173,422,484,317,142,99,95,7
254,126,186,149,345,191,49,41,55,339,356
255,285,530,7,82,172,222,317,189,511,271
256,133,482,284,49,177,126,602,198,473,529
257,317,63,495,132,86,125,632,284,168,530
258,11,63,126,317,49,602,113,186,97,482
259,168,99,189,155,156,326,49,88,173,291
260,269,194,186,49,645,179,126,317,297,63
261,250,317,267,56,482,285,241,245,314,63
262,407,482,168,495,479,656,602,510,478,343
263,49,704,7,171,172,482,133,301,135,167
264,55,10,749,317,63,186,21,236,519,97
265,407,301,49,482,168,602,177,11,172,473
266,407,126,168,63,99,113,55,356,317,11
267,407,113,11,356,473,126,301,63,167,88
268,473,13,178,512,59,123,339,431,518,133
269,312,125,168,177,529,1038,935,135,647,126
270,63,271,407,356,317,749,426,97,602,11
271,407,301,168,11,510,126,167,55,515,113
272,407,284,317,55,962,99,63,314,267,222
273,407,168,482,515,113,11,47,514,312,510
274,317,63,49,173,171,21,271,97,312,11
275,49,11,126,301,482,113,602,97,312,356
276,312,317,55,514,113,63,962,126,647,482
277,126,317,186,271,49,63,189,191,97,356
278,285,886,54,716,1021,429,879,871,170,513
279,317,293,275,85,55,268,274,267,236,762
280,304,346,221,21,128,962,327,95,297,173
281,49,312,172,482,268,11,113,301,168,515
282,49,11,171,63,180,198,168,173,429,482
283,315,317,314,267,63,8,97,514,56,1064
284,49,126,312,171,186,177,482,189,11,173
285,346,332,261,894,314,270,319,282,285,250
286,189,21,11,63,55,10,113,88,97,317
287,301,275,317,63,271,356,426,22,97,749
288,312,168,143,317,647,113,21,204,78,525
289,312,49,168,180,173,495,125,171,482,172
290,312,317,126,514,55,113,271,1038,63,97
291,191,312,113,126,190,222,317,11,55,168
292,602,126,482,407,656,473,479,11,356,133
293,301,49,482,317,97,177,426,126,63,356
294,285,250,63,168,245,188,317,483,222,482
295,301,407,99,602,478,656,426,317,63,482
296,271,317,63,314,962,169,268,13,514,315
297,49,126,168,317,482,479,495,177,63,173
298,168,189,407,126,284,222,49,482,174,133
299,899,250,285,270,482,58,267,614,133,235
300,95,171,525,325,172,49,171,63,525,1038
301,270,267,301,177,250,602,512,356,479,58
302,186,126,11,49,656,97,482,317,113,602
303,1640,312,97,317,126,63,315,11,173,186
304,136,323,381,656,343,305,614,602,426,514
305,133,482,126,962,317,63,284,426,186,55
306,172,407,301,512,483,113,482,167,428,123
307,55,284,188,168,133,99,245,267,113,962
308,312,168,113,189,116,175,197,514,182,88
309,284,407,168,962,49,99,133,174,274,1202
310,317,63,315,97,301,356,11,21,173,407
311,343,482,132,133,317,284,131,479,198,527
312,177,198,479,1011,482,602,99,133,182,126
313,317,271,63,325,315,299,281,199,56,530
314,407,515,301,123,8,302,136,962,513,63
315,285,123,606,19,241,749,407,370,752,317
316,312,49,63,301,126,317,177,11,55,168
317,49,312,180,171,271,317,177,63,173,126
318,63,49,317,271,173,189,11,482,172,171
319,312,63,95,317,11,257,314,173,271,194
320,482,602,133,473,113,317,656,135,514,250
321,99,407,602,301,177,479,478,482,168,518
322,126,49,191,11,55,186,63,317,356,962
323,317,63,56,271,245,267,305,886,301,97
324,407,473,512,301,521,602,177,518,123,482
325,257,301,250,407,512,54,602,515,123,204
326,274,317,85,97,482,126,486,212,186,22
327,168,407,189,317,63,47,113,606,21,315
328,407,315,314,317,63,271,356,177,426,482
329,168,317,63,188,482,407,173,113,189,284
330,346,339,302,8,304,126,962,41,895,314
331,49,95,194,173,63,317,189,171,55,172
332,63,168,312,173,49,407,21,317,171,180
333,55,113,511,962,482,126,284,317,653,11
334,317,63,271,97,315,314,356,56,8,426
335,312,49,126,11,143,175,168,55,21,345
336,301,346,515,257,11,97,511,303,962,63
337,407,301,123,473,426,512,133,602,478,528
338,482,126,284,962,113,133,407,317,473,602
339,495,312,125,317,587,647,632,7,285,82
340,267,250,482,285,133,177,317,58,189,245
341,301,204,922,487,706,184,99,8,346,513
342,55,284,962,653,520,133,179,407,134,63
343,356,126,426,602,184,186,479,97,134,179
344,168,407,482,301,113,317,515,312,602,250
345,99,198,312,49,173,518,1011,168,171,68
346,41,49,126,186,100,181,271,339,291,55
347,312,49,188,267,180,95,245,172,250,189
348,301,55,275,317,962,22,407,922,10,97
349,7,131,482,49,602,632,196,179,133,191
350,189,21,63,317,315,168,86,312,47,606
351,126,186,356,97,317,204,143,749,21,63
352,271,63,317,514,97,11,113,356,482,172
353,708,133,250,512,482,614,478,920,473,483
354,312,49,301,267,63,177,482,317,257,245
355,314,257,63,271,315,301,11,407,332,356
356,49,312,172,173,95,63,180,317,271,171
357,285,282,274,530,130,115,123,85,606,581
358,168,49,407,177,482,171,312,180,63,173
359,407,314,63,317,356,271,482,126,315,602
360,482,656,487,602,133,177,135,426,479,196
361,285,317,271,274,315,63,8,97,346,356
362,257,420,747,44,153,515,511,812,113,1494
363,10,55,317,113,63,922,267,762,514,97
364,49,305,901,177,602,196,92,482,133,426
365,305,317,633,126,267,56,482,1064,409,285
366,49,312,173,95,172,11,180,168,171,133
367,312,198,178,155,175,49,197,41,126,99
368,49,11,314,168,315,126,173,171,88,63
369,346,407,177,301,482,515,602,250,614,479
370,312,317,63,525,168,99,407,204,647,519
371,179,895,645,304,962,55,297,186,159,126
372,172,113,63,315,317,257,11,271,514,21
373,214,285,747,420,659,312,683,565,647,632
374,49,317,312,171,173,301,704,177,204,63
375,312,11,317,113,271,63,514,97,168,172
376,49,63,11,317,271,172,97,312,173,171
377,317,482,63,271,602,407,99,301,250,426
378,407,168,99,113,172,602,11,173,49,317
379,407,515,346,482,315,177,285,250,301,168
380,274,237,220,227,22,85,468,301,212,113
381,511,55,632,7,962,178,10,191,179,58
382,317,482,126,356,426,602,63,407,97,512
383,63,317,315,314,271,97,407,356,11,56
384,227,646,136,1202,407,653,113,640,481,22
385,312,285,189,514,126,257,113,407,11,515
386,178,88,9,168,113,496,191,1202,918,126
387,312,49,63,95,78,175,317,173,194,11
388,487,482,133,656,479,640,602,131,478,184
389,63,315,168,169,317,407,482,271,172,515
390,407,63,356,426,271,602,126,314,317,315
391,271,317,63,356,426,97,49,602,132,482
392,325,315,63,285,271,317,314,312,49,332
393,49,312,173,171,317,168,11,177,482,63
394,407,134,49,512,602,426,356,11,510,63
395,317,63,315,189,271,965,514,495,97,482
396,407,301,168,99,602,1202,113,510,482,653
397,312,301,482,177,317,495,656,407,168,602
398,285,312,125,222,317,901,68,305,647,135
399,301,312,168,113,482,172,317,257,11,250
400,407,168,515,346,312,241,99,47,301,478
401,312,317,126,301,407,482,656,168,962,97
402,271,63,317,962,236,49,96,97,254,530
403,173,49,63,172,95,7,11,317,0,21
404,49,150,271,171,41,339,332,303,236,173
405,159,645,58,179,269,133,249,49,186,194
406,172,49,63,317,482,11,271,113,167,602
407,55,275,474,267,10,245,63,268,962,126
408,407,168,346,510,614,515,482,646,473,602
409,317,63,962,514,271,113,482,312,97,55
410,49,407,177,482,285,171,168,63,180,135
411,49,312,63,11,180,317,171,177,271,173
412,168,482,407,317,113,602,656,495,478,479
413,49,271,11,63,301,237,962,97,173,426
414,63,49,126,271,11,317,315,356,171,97
415,312,168,317,49,21,173,222,11,482,407
416,63,271,530,285,317,511,314,189,315,115
417,172,268,287,257,301,274,271,7,474,312
418,602,482,301,656,512,426,49,479,473,11
419,314,407,317,261,356,514,126,99,482,606
420,346,332,327,314,173,21,11,407,49,1062
421,222,482,126,11,7,191,190,602,63,49
422,285,317,407,63,514,482,513,602,113,749
423,1038,241,85,486,606,168,189,113,47,169
424,41,49,474,22,149,269,301,304,339,171
425,482,479,656,132,602,317,487,426,478,512
426,7,317,632,63,49,530,172,271,0,173
427,55,317,962,312,271,10,142,63,21,188
428,407,356,126,314,301,11,315,177,514,49
429,190,962,317,97,271,63,602,426,749,356
430,63,317,315,271,49,97,21,78,426,407
431,63,271,317,97,356,749,49,426,314,315
432,482,49,477,407,284,133,126,656,426,704
433,293,297,186,750,272,160,126,175,632,191
434,172,49,11,113,175,63,312,167,180,918
435,267,300,312,245,301,250,188,116,812,482
436,426,301,407,49,346,123,515,196,735,427
437,271,63,317,312,314,305,962,222,68,281
438,317,63,97,274,271,514,113,315,169,356
439,285,407,606,261,189,99,1038,168,518,525
440,317,63,482,49,315,514,113,171,11,97
441,126,55,186,179,88,11,134,167,194,155
442,63,317,97,271,356,11,514,126,21,530
443,49,317,271,177,479,426,602,356,482,126
444,191,142,126,46,274,186,962,339,7,282
445,49,312,168,177,99,407,171,173,198,131
446,49,173,11,171,314,178,88,99,133,63
447,55,284,275,155,46,962,191,474,99,52
448,126,191,660,284,407,179,529,133,99,186
449,317,312,63,168,271,482,177,97,113,481
450,287,116,218,10,297,21,327,1015,741,160
451,58,689,511,581,346,270,844,250,646,1062
452,312,49,55,11,63,271,41,113,126,317
453,312,317,63,271,173,21,49,495,650,97
454,482,177,168,602,407,479,317,133,478,301
455,99,284,55,126,168,407,198,47,63,653
456,407,11,168,49,63,602,222,482,317,126
457,113,168,55,646,407,513,227,481,922,284
458,315,63,317,271,256,236,314,325,56,97
459,314,473,271,407,284,99,528,13,962,855
460,407,168,285,317,113,63,482,312,301,315
461,271,312,317,21,63,142,315,49,935,962
462,7,704,151,484,513,422,188,962,18,207
463,63,317,55,10,271,97,11,356,113,962
464,113,172,301,407,482,317,168,274,250,123
465,312,99,507,92,155,198,178,1011,168,519
466,55,317,113,126,1038,22,186,97,204,706
467,407,301,49,126,602,426,482,177,317,356
468,482,346,317,407,168,274,49,426,11,301
469,49,312,301,317,11,962,126,7,426,173
470,315,314,332,63,21,391,277,865,1062,271
471,267,245,188,88,189,250,6,326,708,432
472,49,63,271,126,317,426,150,97,315,962
473,407,63,317,356,11,271,168,97,99,426
474,133,49,178,131,581,212,7,9,237,179
475,49,126,63,171,168,312,189,173,11,317
476,49,168,312,180,125,172,173,171,317,63
477,191,126,186,962,55,190,196,317,426,656
478,11,49,173,172,171,126,167,113,168,407
479,168,49,99,173,407,529,312,171,11,133
480,168,407,482,529,284,133,177,99,478,125
481,317,49,63,312,271,171,173,180,177,482
482,172,7,704,227,484,188,168,708,483,250
483,173,168,49,63,11,317,602,171,21,407
484,317,63,49,271,426,356,482,97,11,126
485,301,482,495,656,602,177,317,407,135,204
486,525,126,63,356,317,514,186,315,522,97
487,21,63,173,317,11,168,315,49,312,407
488,126,186,58,356,317,179,588,97,63,47
489,49,126,149,171,319,177,167,133,614,186
490,168,7,49,173,482,496,193,632,478,479
491,749,314,407,356,126,315,302,63,55,47
492,312,168,175,198,63,285,143,407,325,185
493,312,49,168,173,11,55,962,95,21,222
494,315,314,306,1064,297,63,762,186,97,317
495,918,178,200,9,1141,49,853,696,245,258
496,315,291,314,63,49,267,407,180,168,126
497,55,511,179,962,134,153,895,167,191,58
498,257,515,285,407,301,63,315,514,317,318
499,245,178,155,88,188,474,99,696,237,11
500,126,55,482,284,133,186,179,49,962,167
501,189,332,297,175,287,681,126,326,325,186
502,482,537,274,704,1064,268,486,133,49,206
503,285,250,317,177,407,346,312,482,647,168
504,288,317,250,132,271,312,56,82,495,497
505,312,143,168,173,186,204,78,190,647,479
506,317,63,315,299,56,189,250,267,271,78
507,482,133,177,135,473,602,487,479,478,656
508,301,172,204,97,49,11,356,317,63,514
509,312,21,168,78,317,173,142,63,264,143
510,204,317,356,97,301,126,514,63,1038,312
511,126,186,63,191,356,179,97,11,317,271
512,312,168,173,49,99,198,95,482,11,317
513,271,63,11,317,314,21,49,172,168,173
514,49,173,171,194,95,172,7,11,167,186
515,49,482,168,172,312,477,301,407,44,962
516,285,614,49,7,222,167,529,477,735,125
517,312,168,49,420,63,309,173,271,257,21
518,285,647,250,99,199,184,862,135,482,58
519,271,317,63,962,318,305,659,18,530,285
520,49,41,63,11,312,126,189,21,314,155
521,126,482,407,11,602,473,653,426,356,133
522,285,312,189,222,168,125,142,317,968,78
523,10,581,317,922,99,55,696,1083,250,507
524,312,49,317,271,63,168,495,215,962,482
525,237,301,271,99,55,22,11,962,317,312
526,346,301,227,126,407,22,704,204,614,177
527,168,312,126,407,49,143,171,177,525,479
528,317,63,312,245,271,267,10,189,56,315
529,317,271,63,132,312,97,356,525,495,426
530,407,168,63,317,271,169,315,284,510,47
531,312,317,63,55,271,97,962,647,49,519
532,168,407,173,482,317,478,479,656,495,49
533,312,245,49,267,189,63,325,180,288,315
534,312,7,188,168,222,99,962,420,49,812
535,168,172,49,407,301,180,482,171,614,312
536,407,237,99,473,208,602,1202,168,11,482
537,656,602,482,113,407,317,426,653,11,479
538,407,168,482,478,301,529,63,317,177,284
539,126,168,407,317,113,11,482,63,356,97
540,312,300,482,250,177,285,495,301,135,614
541,482,113,317,602,168,656,653,126,481,407
542,317,482,126,133,177,63,113,407,168,479
543,407,168,49,126,177,312,171,173,510,479
544,315,63,49,267,245,180,171,317,173,314
545,267,325,886,291,431,627,315,245,301,56
546,49,312,407,177,271,63,126,171,168,529
547,194,143,99,95,173,1011,519,204,176,171
548,312,317,63,49,11,495,271,482,173,168
549,126,49,21,11,63,312,189,332,173,97
550,749,346,55,10,302,128,326,189,21,270
551,317,63,315,482,49,271,426,177,97,962
552,407,314,126,168,346,11,356,514,113,315
553,317,63,407,312,168,177,301,97,426,49
554,267,245,284,133,291,49,482,188,60,198
555,312,99,482,343,602,317,656,168,177,222
556,178,99,113,482,483,317,602,133,198,478
557,284,962,99,482,168,407,250,513,133,478
558,288,285,317,56,525,497,518,132,135,647
559,301,271,962,49,63,237,11,426,18,407
560,407,168,646,284,473,126,99,510,113,482
561,285,282,125,901,923,7,222,862,150,419
562,312,317,49,271,99,63,173,190,198,422
563,168,407,285,63,312,177,198,49,482,317
564,168,99,198,312,407,284,113,482,245,317
565,126,186,191,588,343,482,189,514,317,632
566,511,285,44,812,482,632,58,159,113,284
567,136,407,211,513,301,284,516,275,487,177
568,482,301,602,317,407,177,426,495,250,656
569,346,301,302,922,55,515,407,10,97,8
570,49,11,172,482,271,268,63,426,477,274
571,301,317,123,8,250,482,515,220,513,922
572,317,113,63,514,168,407,482,11,356,126
573,512,407,478,708,314,473,168,250,123,483
574,49,171,173,180,143,407,168,11,1011,332
575,21,168,173,63,315,407,11,317,314,88
576,315,317,63,168,189,482,86,495,21,173
577,312,173,49,168,21,143,209,171,95,78
578,312,49,172,482,495,44,317,11,656,63
579,314,315,41,325,332,126,356,63,271,514
580,407,126,473,646,47,660,168,133,510,58
581,126,407,356,660,602,473,11,99,177,510
582,482,317,473,602,123,133,301,483,426,512
583,312,49,172,95,173,168,301,704,11,180
584,312,482,812,506,343,168,177,284,647,656
585,55,49,63,21,189,271,312,95,173,309
586,317,8,97,1064,922,305,514,356,274,581
587,49,291,529,125,630,461,312,261,180,901
588,142,312,173,254,21,49,282,7,209,95
589,482,407,473,512,478,250,133,602,177,284
590,317,482,514,250,301,8,97,241,113,515
591,208,113,55,407,126,356,191,514,97,99
592,312,317,257,63,271,514,495,113,82,285
593,407,317,63,113,168,97,11,356,315,301
594,126,284,962,317,480,55,271,222,482,63
595,312,271,63,49,317,21,173,315,11,189
596,7,317,11,63,190,271,96,173,97,962
597,63,271,315,317,314,312,189,21,325,285
598,173,95,49,194,21,88,11,171,221,189
599,63,11,314,407,126,317,356,602,99,88
600,267,521,473,136,407,245,6,54,512,261
601,49,245,180,63,267,315,271,317,171,268
602,63,271,49,245,267,317,301,56,704,431
603,168,312,49,173,180,172,11,88,171,99
604,285,514,343,126,482,47,317,407,356,135
605,271,317,63,49,312,189,222,97,962,11
606,113,407,126,168,482,514,317,55,356,11
607,922,749,8,356,302,346,97,649,514,317
608,168,142,312,284,962,21,420,55,659,407
609,317,177,602,426,126,482,407,135,495,527
610,305,271,177,317,426,126,196,901,314,356
611,312,317,49,271,189,962,173,190,142,131
612,482,49,63,312,285,177,222,602,44,407
613,482,250,301,656,704,317,708,44,113,812
614,407,482,602,426,656,510,126,356,168,653
615,317,63,312,97,647,113,55,514,271,922
616,270,346,319,92,184,615,58,208,134,777
617,317,186,126,63,49,312,271,356,97,171
618,78,312,143,968,168,173,142,647,131,479
619,285,315,44,514,325,257,482,495,476,113
620,285,407,167,222,325,126,257,49,63,312
621,49,171,237,261,172,126,41,168,180,11
622,49,312,495,173,482,171,317,656,11,426
623,126,168,49,317,407,482,312,63,11,177
624,49,126,482,11,133,63,177,407,602,168
625,318,268,513,962,285,8,317,13,274,271
626,514,482,113,656,197,126,306,473,11,182
627,317,315,97,63,356,314,749,126,514,302
628,312,168,301,407,482,49,177,656,602,614
629,317,10,116,312,741,63,95,21,160,97
630,63,312,271,49,317,11,514,314,315,482
631,49,7,172,173,168,171,11,63,222,167
632,317,63,312,173,49,168,21,78,482,177
633,312,301,317,63,177,49,271,482,97,55
634,314,271,63,237,172,317,261,315,11,113
635,168,189,312,88,173,95,188,482,250,49
636,343,495,44,125,482,82,168,476,512,656
637,257,312,172,301,49,63,271,11,185,95
638,346,495,482,177,486,315,537,343,126,479
639,49,63,407,285,168,271,171,317,11,167
640,99,407,473,133,482,168,88,113,478,512
641,125,311,288,172,82,9,189,309,86,273
642,49,482,126,301,177,133,317,22,171,704
643,317,315,482,63,899,537,632,704,495,428
644,482,602,407,473,426,512,356,133,126,653
645,312,271,99,317,63,222,55,155,10,245
646,222,7,250,312,285,317,63,271,168,962
647,172,7,257,95,173,312,844,49,194,708
648,317,63,525,113,126,168,21,186,97,1038
649,482,407,315,301,512,250,515,177,49,172
650,271,63,317,514,312,495,305,426,49,97
651,271,63,317,962,97,426,21,314,11,511
652,189,175,222,21,173,272,47,1072,88,156
653,21,173,143,78,407,312,346,11,168,510
654,126,186,177,291,179,319,431,346,479,487
655,301,268,11,704,113,482,515,656,97,922
656,275,305,514,317,962,318,268,13,44,511
657,317,63,312,126,407,482,97,356,177,514
658,301,317,482,184,177,968,407,962,346,922
659,172,49,11,171,180,63,482,113,314,483
660,168,173,49,479,482,602,171,407,11,317
661,99,250,317,518,478,512,581,483,123,602
662,126,186,356,49,317,63,97,21,173,41
663,168,407,49,482,177,284,126,133,529,198
664,267,245,317,271,962,920,284,56,261,63
665,407,317,284,55,113,482,922,514,356,511
666,285,317,514,63,271,749,55,222,962,606
667,49,133,482,268,920,708,172,9,252,212
668,314,512,47,602,473,49,407,482,11,426
669,168,198,99,312,173,49,407,63,501,429
670,269,49,95,180,173,171,271,704,708,422
671,285,267,482,1038,169,312,113,317,168,935
672,126,186,317,191,97,63,271,356,315,514
673,55,63,10,317,21,11,315,116,97,747
674,284,123,513,922,220,962,511,275,317,426
675,495,632,173,63,317,482,0,49,512,171
676,159,194,95,55,297,1018,645,249,269,186
677,317,113,168,63,173,88,479,11,482,312
678,126,315,514,63,49,482,317,11,314,271
679,49,482,172,113,11,168,268,301,317,133
680,317,525,315,63,132,514,495,271,606,486
681,49,180,171,126,173,186,11,168,198,133
682,99,178,237,55,518,88,356,190,10,317
683,407,168,482,495,479,632,602,478,510,512
684,172,113,10,11,188,483,317,245,88,55
685,482,407,133,284,113,473,123,511,646,136
686,49,312,317,271,63,177,171,173,97,180
687,312,317,168,21,1038,189,113,173,78,86
688,49,180,315,269,95,346,301,428,257,171
689,271,63,317,190,356,749,97,524,191,186
690,168,407,126,317,312,482,177,656,63,481
691,49,180,171,271,312,431,268,317,173,704
692,291,662,126,275,407,356,41,302,99,312
693,49,482,317,177,312,168,171,173,479,63
694,275,474,305,267,284,155,8,855,339,291
695,44,511,482,63,11,514,483,271,305,473
696,315,169,523,168,482,346,115,113,646,241
697,172,287,49,150,167,218,270,7,274,894
698,962,115,920,188,432,304,644,511,284,581
699,49,63,271,11,172,173,171,312,317,180
700,63,317,301,407,113,482,97,356,514,602
701,168,180,171,49,173,481,172,113,312,21
702,49,63,312,171,317,173,356,177,426,271
703,482,177,317,135,301,602,656,133,495,479
704,391,327,219,537,21,293,331,299,315,1151
705,312,49,180,704,317,63,300,172,171,0
706,420,511,812,962,922,174,19,46,18,432
707,312,309,173,21,49,271,172,11,63,168
708,49,312,171,63,317,41,409,271,126,519
709,126,482,407,133,168,284,186,177,479,510
710,241,284,343,962,630,123,482,169,13,212
711,299,142,303,271,315,63,675,147,391,317
712,407,482,317,356,514,177,126,315,426,63
713,49,95,325,180,172,189,173,287,171,167
714,63,126,514,312,317,325,97,356,271,113
715,317,315,169,63,271,274,482,426,495,49
716,317,132,482,63,315,169,271,241,426,478
717,312,142,168,49,317,173,301,177,291,203
718,285,749,317,647,407,514,356,63,922,97
719,511,483,317,250,63,512,58,482,88,478
720,49,125,482,704,495,168,180,171,312,177
721,11,49,962,317,301,63,271,97,312,173
722,49,11,173,63,168,407,312,172,21,257
723,312,49,180,171,172,301,21,173,203,257
724,315,314,63,346,301,407,317,97,11,356
725,312,317,63,495,409,647,519,175,514,271
726,172,189,167,113,63,168,11,49,173,175
727,312,49,317,173,168,63,21,271,189,11
728,315,325,285,63,291,49,189,14,391,180
729,407,301,63,49,11,152,426,168,602,123
730,312,21,271,49,173,168,332,63,11,47
731,271,18,317,962,115,274,581,303,63,530
732,318,257,515,407,271,268,659,63,11,420
733,285,271,317,142,495,63,68,426,14,135
734,49,63,317,271,301,426,312,11,962,268
735,343,482,514,133,473,588,126,528,58,284
736,126,407,191,11,47,155,197,514,168,113
737,168,407,49,173,482,99,602,312,113,11
738,50,312,168,99,294,327,173,21,291,338
739,317,63,315,97,301,177,271,56,482,356
740,126,356,514,317,186,97,63,315,47,191
741,407,63,271,602,11,356,426,317,514,473
742,314,511,315,63,88,11,58,407,512,483
743,11,301,656,126,356,97,49,602,312,426
744,314,749,271,237,306,63,654,178,257,356
745,312,49,168,172,173,143,180,171,198,99
746,126,186,204,55,22,317,131,181,177,487
747,312,168,49,11,113,63,257,198,172,482
748,49,63,407,271,315,171,301,177,173,317
749,312,301,515,317,257,63,97,514,11,315
750,312,49,168,177,285,135,125,126,1038,180
751,92,962,305,196,159,287,7,656,901,191
752,495,169,125,343,317,482,484,132,168,113
753,317,514,312,482,63,169,271,97,113,215
754,63,511,482,113,172,44,317,632,477,315
755,168,312,198,284,99,481,482,177,407,886
756,63,11,49,317,407,97,126,356,301,271
757,172,113,168,167,274,477,174,189,9,55
758,173,172,49,180,21,317,95,312,63,171
759,346,303,221,515,304,227,21,301,257,173
760,271,55,21,10,63,309,865,95,236,173
761,49,312,172,11,171,126,183,167,143,208
762,482,250,133,58,511,88,708,407,483,113
763,317,63,407,315,301,97,482,426,356,78
764,13,514,126,356,241,473,178,191,407,99
765,301,275,49,474,177,133,268,149,126,482
766,49,133,482,317,483,63,602,478,426,512
767,317,495,132,305,482,177,343,514,271,479
768,271,49,312,317,696,63,173,11,171,21
769,285,58,222,511,189,482,250,113,962,190
770,704,132,484,125,0,897,172,169,274,482
771,407,63,168,317,99,21,315,312,356,518
772,284,134,126,477,407,59,133,653,482,660
773,99,168,143,312,407,660,1011,529,518,501
774,126,317,514,63,356,97,271,186,962,314
775,9,189,113,918,168,174,88,172,477,115
776,271,63,317,49,269,315,314,304,962,245
777,407,126,356,749,11,314,97,63,302,514
778,172,49,317,63,0,173,482,312,495,180
779,49,171,168,142,173,180,63,312,177,407
780,88,11,49,171,173,479,168,602,407,113
781,271,923,747,63,305,281,160,627,317,745
782,301,49,126,11,407,22,88,171,63,55
783,317,285,63,312,514,482,113,97,407,168
784,312,49,173,171,168,63,11,180,172,113
785,317,63,113,97,11,271,482,514,173,602
786,63,317,168,407,315,21,113,173,198,88
787,168,407,317,47,525,606,113,189,63,514
788,126,55,22,186,356,301,97,317,339,204
789,126,315,63,317,186,356,302,97,49,271
790,271,63,49,317,314,315,173,97,171,356
791,407,168,113,126,315,63,514,11,356,49
792,49,172,312,113,168,482,317,126,63,189
793,113,168,11,482,88,407,55,133,317,99
794,168,407,99,113,285,172,312,174,482,222
795,21,173,63,391,317,227,236,78,189,86
796,49,171,63,407,356,315,301,173,11,172
797,125,7,299,285,172,49,251,120,142,209
798,407,301,312,168,602,317,177,482,356,63
799,317,168,312,63,482,177,407,49,189,284
800,317,271,314,312,63,49,315,189,11,97
801,143,95,227,168,49,116,173,194,171,312
802,8,301,317,271,123,922,97,356,22,63
803,168,172,113,482,429,49,173,171,88,11
804,346,285,270,174,261,58,614,319,59,248
805,168,126,317,49,482,407,113,133,11,177
806,291,168,267,177,317,49,482,315,899,133
807,126,49,63,407,168,315,312,186,317,55
808,315,63,271,314,317,426,97,356,305,49
809,49,312,317,173,63,171,189,180,177,168
810,172,250,125,317,189,82,482,63,708,173
811,21,297,189,315,63,11,49,317,173,97
812,63,173,198,21,49,171,317,312,11,1011
813,194,173,49,95,189,11,317,479,270,312
814,113,317,63,168,477,312,514,21,169,172
815,21,312,327,173,317,78,189,297,168,63
816,55,10,317,312,113,11,168,126,186,88
817,301,149,49,126,275,177,515,63,312,97
818,317,126,271,49,63,97,189,186,482,356
819,126,407,356,177,312,301,204,602,482,317
820,317,495,274,482,63,426,962,97,632,271
821,407,11,63,315,49,168,515,314,88,173
822,55,126,11,63,191,962,317,99,113,602
823,317,1064,97,63,962,267,315,55,10,304
824,63,173,198,317,194,168,518,88,95,21
825,63,88,173,314,245,95,312,11,49,168
826,317,63,315,271,482,314,97,514,11,268
827,314,271,41,126,305,63,356,315,514,339
828,482,602,656,126,284,133,113,168,317,653
829,257,314,407,317,63,271,312,602,301,315
830,126,186,49,168,171,173,312,198,180,356
831,317,312,63,97,514,356,315,482,177,271
832,191,178,186,126,184,92,179,640,479,319
833,49,63,11,41,271,126,314,312,301,356
834,99,317,581,962,271,190,63,168,478,602
835,407,113,126,514,168,11,356,47,646,482
836,581,271,7,920,222,250,82,58,962,18
837,172,317,63,113,49,271,168,482,312,171
838,159,895,167,511,323,149,179,58,150,709
839,250,301,285,123,482,922,184,478,602,99
840,317,63,257,97,301,312,271,21,315,356
841,22,301,704,55,267,49,431,317,63,275
842,250,270,88,194,99,182,189,168,6,708
843,312,49,168,125,482,172,317,177,271,63
844,168,172,88,113,9,11,483,189,173,482
845,312,99,168,113,143,173,55,519,481,190
846,285,257,315,172,515,314,49,346,271,461
847,515,407,168,301,257,113,346,136,11,646
848,317,49,63,312,271,172,189,482,250,222
849,312,173,125,168,495,172,49,142,264,7
850,99,194,518,407,63,54,1011,134,356,176
851,482,168,167,285,312,49,222,113,11,175
852,49,173,142,171,78,209,143,95,21,168
853,133,482,126,99,178,602,22,92,473,177
854,407,301,11,602,482,49,168,257,473,656
855,317,63,271,97,514,356,426,482,495,962
856,271,274,172,268,303,314,63,317,8,257
857,271,314,356,301,317,97,63,749,315,8
858,312,99,21,168,155,326,338,294,935,291
859,168,99,407,88,7,173,11,222,113,483
860,317,56,132,267,169,315,482,245,63,284
861,267,291,315,250,133,177,314,482,317,261
862,49,249,7,171,167,173,194,11,193,172
863,113,317,168,172,63,11,88,482,189,173
864,168,918,1008,1239,284,59,88,136,261,174
865,285,8,267,250,305,13,284,123,275,241
866,314,261,315,407,346,136,515,11,123,512
867,918,49,59,134,133,407,473,249,136,126
868,126,186,191,339,179,55,150,249,49,962
869,514,482,113,317,656,126,97,356,602,301
870,227,116,95,168,301,204,312,143,108,113
871,312,325,299,68,317,63,647,271,78,21
872,315,63,317,291,49,21,312,126,256,171
873,407,63,301,317,356,602,482,113,426,97
874,482,11,133,514,126,473,356,99,317,602
875,482,317,514,113,407,63,602,656,97,356
876,315,189,63,407,115,285,126,646,317,168
877,63,271,407,426,198,132,505,482,512,602
878,63,271,314,315,11,317,21,356,97,749
879,204,317,177,312,126,356,301,482,514,525
880,168,407,47,173,21,510,63,479,662,186
881,63,49,317,173,171,426,11,271,356,97
882,267,284,133,245,88,126,55,482,407,646
883,473,482,301,11,314,708,18,602,656,133
884,312,49,173,704,180,171,317,495,168,482
885,312,113,168,514,1038,353,126,407,317,169
886,750,291,863,341,457,275,1128,49,211,704
887,63,317,312,11,49,271,962,113,97,168
888,63,314,514,315,49,317,198,482,271,56
889,191,126,482,49,656,602,479,133,186,660
890,317,271,312,63,56,482,168,514,195,82
891,312,168,99,11,407,482,602,113,656,222
892,49,317,126,63,186,171,482,177,173,168
893,962,55,126,179,317,407,284,190,63,186
894,49,271,63,317,11,172,169,482,268,168
895,49,126,11,171,191,63,312,173,167,407
896,325,271,332,317,299,63,199,315,97,285
897,11,314,126,63,97,356,514,41,197,271
898,317,63,495,97,482,407,632,515,11,656
899,126,186,191,47,356,21,317,97,588,514
900,495,525,78,142,168,312,264,204,173,317
901,495,7,49,190,173,193,602,632,479,131
902,126,55,317,271,63,186,179,962,356,22
903,317,271,495,312,132,305,63,962,514,215
904,346,317,407,177,97,78,184,356,204,301
905,49,271,317,63,482,426,133,962,177,284
906,189,317,21,63,86,168,962,128,222,271
907,301,317,177,426,250,602,305,656,97,482
908,301,49,250,346,708,172,482,173,317,274
909,312,168,113,317,190,99,143,11,407,602
910,285,58,250,482,168,167,511,189,174,614
911,274,495,426,477,317,271,220,123,530,482
912,356,237,407,274,97,317,113,271,63,11
913,525,285,606,317,514,356,647,479,241,204
914,407,177,168,267,317,315,482,1038,291,63
915,284,133,126,962,55,482,11,407,63,113
916,301,317,8,204,97,922,515,312,177,356
917,346,261,739,241,250,693,9,515,168,506
918,305,482,97,495,312,514,177,656,479,317
919,168,312,407,126,113,482,11,49,189,177
920,312,142,168,173,484,180,125,171,49,172
921,172,49,180,63,171,315,173,245,168,271
922,99,168,317,126,189,482,133,177,284,407
923,7,602,482,317,426,131,962,483,656,11
924,317,236,95,63,293,160,21,254,10,271
925,271,63,317,49,314,315,97,426,13,268
926,747,704,160,236,95,301,116,317,269,63
927,133,482,284,478,250,962,317,487,131,479
928,126,356,186,191,407,97,63,426,302,11
929,314,315,920,288,132,311,56,271,250,317
930,317,63,271,315,356,514,97,606,482,495
931,407,482,168,301,656,487,602,510,478,479
932,512,514,407,317,113,356,511,646,63,482
933,244,142,520,407,518,284,19,168,501,99
934,312,317,168,63,21,189,962,647,142,271
935,126,55,186,962,179,284,191,133,482,895
936,407,271,63,426,602,317,356,11,190,510
937,291,49,126,529,177,312,186,171,180,168
938,312,317,21,63,271,168,315,49,173,171
939,312,172,317,49,173,63,271,113,168,482
940,482,317,514,177,113,312,656,135,168,126
941,63,317,7,168,131,173,190,142,524,271
942,312,409,325,175,49,519,63,126,317,185
