0,689,796,330,303,486,878,1059,346,891,507
1,271,321,314,320,323,601,1605,496,1224,241
2,1133,872,318,1097,333,886,247,552,228,321
3,814,320,1492,1027,301,983,673,1681,133,1340
4,473,936,268,323,891,507,880,688,875,110
5,242,287,406,594,864,106,603,1340,1117,527
6,688,322,894,830,1566,303,327,487,706,346
7,344,269,260,894,480,1171,465,457,289,830
8,303,338,308,310,150,279,1040,552,25,12
9,357,274,872,326,271,270,1156,674,877,931
10,288,306,339,1340,106,696,219,490,925,242
11,689,1133,1097,345,704,486,228,333,587,1038
12,133,950,106,18,1125,557,701,53,948,983
13,517,750,962,480,302,1340,338,133,391,550
14,325,772,747,749,855,750,470,382,681,1272
15,891,323,507,569,206,341,814,518,220,363
16,681,117,299,686,755,750,263,644,1612,763
17,302,172,270,1141,1072,935,480,457,894,344
18,302,182,1224,1605,878,220,1156,886,1617,736
19,115,259,897,303,753,935,268,674,830,164
20,846,1068,477,269,333,271,938,240,21,1119
21,326,649,309,106,1015,719,534,318,321,300
22,268,830,327,320,1094,271,877,326,762,219
23,41,325,1340,322,1276,1586,158,408,395,951
24,1021,929,550,767,607,13,117,391,123,747
25,507,349,878,988,779,328,5,530,1011,747
26,271,241,320,712,219,601,519,681,602,1567
27,814,343,1566,688,312,323,333,106,1097,1198
28,548,681,674,110,434,712,508,271,311,170
29,309,106,242,835,91,936,719,701,976,1007
30,299,658,84,529,218,662,133,279,675,848
31,213,204,635,523,976,1586,754,172,219,327
32,303,894,322,550,302,304,480,516,735,1009
33,332,50,301,325,387,689,211,93,989,704
34,681,923,686,519,163,307,894,750,258,712
35,344,314,346,507,268,543,561,894,303,1171
36,658,411,649,322,289,931,681,984,631,923
37,271,302,320,257,601,322,339,753,1156,517
38,674,283,457,681,276,686,259,275,865,380
39,220,323,891,143,677,91,136,1133,1681,516
40,280,323,320,681,318,712,235,1340,220,268
41,749,127,325,345,704,13,9,55,614,747
42,674,488,762,275,212,1567,897,216,229,656
43,614,44,486,22,747,682,55,627,561,863
44,748,241,681,894,271,1567,265,330,380,496
45,318,1133,249,952,649,749,872,1097,64,521
46,753,1156,297,416,543,285,1605,259,293,320
47,344,170,561,206,323,268,543,507,293,329
48,321,524,534,1617,306,886,270,109,333,311
49,681,537,879,339,1027,923,728,1117,950,750
50,537,302,91,516,320,1605,339,322,728,1224
51,220,1125,891,91,557,1566,166,950,823,719
52,320,1340,219,339,133,288,1492,204,271,983
53,507,288,1125,1566,220,1007,1572,948,106,983
54,1566,983,204,1492,106,1136,309,695,814,1015
55,674,275,338,506,762,671,497,897,1567,283
56,300,275,121,312,633,305,259,271,1566,1567
57,595,830,480,302,270,322,1015,719,132,1171
58,346,747,92,954,338,863,1187,749,45,1567
59,935,594,378,864,297,287,221,344,561,170
60,871,987,479,230,80,1617,1009,1605,703,1566
61,835,1566,1340,1681,80,1617,322,731,540,1586
62,326,872,871,987,1059,534,728,318,743,185
63,326,1566,814,231,762,308,274,88,662,931
64,569,20,686,885,779,819,75,662,269,21
65,326,300,873,814,656,649,181,309,877,133
66,891,950,681,712,110,291,960,920,470,164
67,268,1062,1156,318,1309,682,311,378,22,293
68,312,394,1027,650,750,323,305,537,1117,745
69,455,878,679,115,773,166,936,11,950,164
70,686,231,198,269,457,662,170,260,569,1338
71,326,812,649,318,339,64,983,639,719,1117
72,590,579,529,312,873,327,814,326,959,241
73,681,271,170,457,1567,395,283,894,686,269
74,488,150,84,310,1340,299,687,263,864,614
75,322,649,320,610,212,515,735,409,259,1492
76,681,505,291,663,763,1021,712,918,269,144
77,322,878,330,658,339,812,739,931,540,25
78,1038,604,213,309,130,1187,509,612,381,529
79,5,747,464,845,736,331,704,1048,100,1059
80,271,681,923,147,878,1224,1156,1338,167,728
81,166,291,645,395,1125,679,878,628,1282,363
82,338,308,529,497,56,488,1131,84,777,269
83,923,925,382,712,537,682,681,1062,406,519
84,1340,1586,325,395,893,1309,293,301,275,755
85,716,681,116,291,314,950,303,328,406,878
86,877,271,274,241,631,41,322,411,1004,487
87,299,312,323,314,117,318,321,1340,863,161
88,674,865,378,344,935,270,357,457,117,180
89,297,405,163,594,242,298,530,106,1631,237
90,936,645,842,1566,328,19,309,1309,761,343
91,635,244,1015,749,328,812,242,682,695,1586
92,681,923,291,314,920,167,1605,537,1156,116
93,878,588,662,330,383,507,891,1133,769,647
94,689,894,395,346,1586,344,674,706,275,523
95,323,891,814,650,91,1566,537,285,320,983
96,84,133,9,394,1027,704,749,988,750,299
97,144,747,125,1021,1156,1340,1586,117,325,737
98,747,863,312,318,948,812,1567,268,314,328
99,44,845,84,279,41,338,1135,150,304,801
100,747,84,331,299,801,988,5,488,614,736
101,1566,689,288,170,24,814,1309,113,606,106
102,115,303,552,346,259,740,341,353,234,357
103,514,297,1340,1209,935,674,56,548,204,212
104,320,343,635,327,509,312,490,579,688,219
105,845,662,950,891,100,84,757,1567,878,305
106,269,115,527,416,499,673,259,548,271,341
107,133,878,647,662,974,950,383,339,779,291
108,144,455,505,457,918,461,663,29,1021,681
109,506,610,115,582,212,499,303,515,228,881
110,242,602,735,163,312,289,320,1009,136,406
111,299,872,457,21,1338,357,307,1068,877,657
112,326,812,983,110,641,580,339,622,891,1027
113,300,274,877,1064,674,457,271,538,649,656
114,293,1340,875,565,470,1011,1410,594,935,397
115,241,611,814,84,506,748,21,1068,281,488
116,988,1567,1340,84,1566,845,1016,150,796,1048
117,649,321,330,863,357,537,285,1279,948,931
118,117,299,333,306,482,311,263,644,872,318
119,1338,681,130,21,291,84,716,299,305,704
120,1340,394,514,819,306,229,1027,20,974,455
121,923,1008,537,395,646,875,285,1243,206,613
122,895,309,814,110,326,548,891,1566,300,936
123,747,875,1016,1156,1567,1048,1309,41,513,293
124,514,814,924,877,133,241,938,332,333,635
125,1133,333,635,249,1097,711,509,524,184,352
126,172,457,935,674,274,1309,1566,1114,782,770
127,315,394,1340,305,1085,749,747,345,686,312
128,814,940,1566,113,80,988,332,1134,614,106
129,274,318,307,343,769,165,50,430,606,743
130,635,1340,1492,529,612,106,1085,1586,509,691
131,299,306,1340,263,673,656,750,482,333,163
132,321,66,357,872,346,923,314,272,289,689
133,743,486,187,223,918,318,979,64,147,354
134,346,486,303,344,244,894,268,272,689,1008
135,325,1340,125,842,925,13,220,687,345,1085
136,163,681,314,318,712,505,1017,321,741,307
137,929,299,117,686,267,236,165,1156,156,1021
138,302,1340,339,1631,550,1125,1567,1016,842,391
139,395,618,1492,875,303,363,646,1605,284,230
140,886,5,507,161,736,704,1617,796,333,587
141,1059,150,704,341,321,362,743,557,113,479
142,241,748,923,681,1282,763,1224,307,878,537
143,84,747,749,430,988,662,25,658,267,1567
144,462,879,525,1340,512,749,610,747,25,845
145,877,656,202,674,762,23,657,830,357,271
146,755,395,646,166,206,875,291,686,923,1309
147,572,662,299,488,739,84,545,988,603,9
148,343,346,507,344,50,561,543,163,268,747
149,106,287,297,594,983,739,321,80,1617,835
150,136,542,750,312,323,1340,520,315,924,296
151,275,477,303,1603,875,674,618,263,191,405
152,270,310,272,682,1133,739,346,244,693,471
153,681,571,228,341,348,241,613,305,362,897
154,895,870,1011,331,1309,1410,192,345,747,323
155,309,936,689,895,558,91,1448,677,300,761
156,1567,312,983,488,814,1117,863,305,1492,1340
157,339,306,198,163,1631,769,505,288,877,1340
158,878,845,748,330,812,1033,537,116,1567,303
159,133,748,635,306,320,339,241,26,779,182
160,681,686,755,291,323,136,260,299,716,263
161,689,351,677,301,854,872,332,206,1151,263
162,878,891,1156,1282,1605,224,185,330,748,362
163,322,748,320,230,773,405,413,835,1047,163
164,341,891,323,321,291,136,681,362,960,260
165,879,681,1338,1586,891,299,893,323,1046,317
166,299,872,318,886,247,644,1097,117,150,801
167,835,477,976,1141,302,166,1072,210,557,687
168,879,299,1117,1340,296,130,1085,394,983,823
169,345,309,91,321,416,719,106,213,406,835
170,115,543,499,416,272,473,740,285,268,259
171,1059,704,587,545,748,282,289,878,230,989
172,212,814,320,656,326,327,877,660,601,529
173,328,215,327,303,635,115,235,184,853,947
174,259,618,357,303,865,271,684,170,262,674
175,983,275,279,614,924,814,865,610,44,84
176,1027,750,885,1340,470,280,712,323,673,440
177,133,748,517,241,658,327,18,1631,750,974
178,333,482,343,263,1198,877,115,1586,306,569
179,326,300,274,1566,814,1064,1309,770,231,633
180,123,537,602,91,370,664,242,1492,610,320
181,505,115,228,318,952,482,333,1133,249,872
182,689,872,1133,299,387,1227,886,378,117,318
183,719,271,1015,1006,341,215,136,1566,213,684
184,163,288,270,306,320,297,457,656,186,109
185,271,689,300,170,1015,361,206,613,427,990
186,349,507,1566,231,297,339,1114,711,1631,840
187,269,1340,315,490,406,1032,712,125,773,603
188,983,301,814,326,870,113,886,614,408,224
189,1567,1340,488,988,1631,885,1231,1566,687,411
190,490,656,529,1017,202,992,524,321,309,649
191,303,488,935,150,685,864,287,338,1603,84
192,345,279,220,1038,854,677,301,1135,150,282
193,457,1021,894,686,117,147,277,670,1156,165
194,411,271,292,762,298,297,656,649,18,212
195,748,923,681,314,537,878,546,1156,1224,241
196,749,325,125,13,1340,345,1038,315,874,127
197,814,84,231,40,332,281,241,877,12,41
198,886,1340,302,335,146,632,306,235,1027,1681
199,812,285,537,339,259,649,320,416,297,272
200,865,879,687,742,462,983,411,497,525,1567
201,302,1340,893,673,1586,1492,204,301,987,416
202,647,341,569,271,136,309,571,300,241,291
203,658,736,299,13,156,801,318,411,749,704
204,1340,1059,309,1117,299,150,424,886,228,704
205,312,220,923,454,248,323,750,183,1016,26
206,895,309,548,747,749,936,1448,447,300,50
207,18,1567,1631,1572,121,1340,488,411,257,687
208,830,259,268,269,674,303,23,480,346,344
209,594,1062,416,344,91,297,936,163,320,1340
210,220,345,258,743,165,1046,325,288,187,686
211,1156,877,311,343,235,175,231,268,318,1309
212,886,673,1605,1567,753,1340,285,416,1156,1493
213,1605,167,302,1617,878,618,987,80,516,886
214,268,215,303,1566,1006,688,894,812,891,684
215,271,322,302,259,681,830,735,987,1009,483
216,322,610,512,297,123,1492,1169,1340,310,1603
217,339,302,325,1340,925,840,1114,550,391,1502
218,320,688,1340,235,323,470,1681,635,712,343
219,322,516,812,677,304,835,395,303,1492,91
220,1340,309,514,113,1209,976,922,814,191,600
221,0,470,537,891,812,1062,1156,1340,91,1681
222,320,1492,1566,814,1340,332,1134,80,1681,1567
223,318,270,682,1156,249,872,326,268,44,1062
224,819,505,300,455,773,241,522,490,339,936
225,121,259,297,543,885,488,293,407,527,949
226,312,305,716,681,121,370,879,686,259,341
227,747,318,749,305,1243,895,543,50,649,464
228,681,119,229,1027,299,263,819,897,499,603
229,814,241,343,341,363,300,633,569,1566,333
230,41,322,894,274,1586,395,877,487,1019,454
231,1133,689,244,220,739,1046,304,677,516,215
232,297,270,594,288,561,693,507,948,344,163
233,331,989,332,686,755,1309,343,539,50,763
234,719,223,987,577,1015,575,254,213,1041,1038
235,231,748,1156,662,779,507,465,443,511,679
236,950,681,291,878,929,686,258,1221,455,658
237,318,649,271,307,872,244,312,357,639,923
238,110,1566,924,814,326,891,1125,1681,296,605
239,297,1567,259,543,488,303,310,830,275,272
240,241,1567,1048,747,1156,343,748,405,5,230
241,309,983,121,1566,602,664,285,649,931,948
242,749,328,747,125,325,630,855,874,315,947
243,411,18,517,133,1631,631,1072,488,1004,288
244,879,686,362,1059,743,865,357,1338,299,354
245,323,695,557,1566,702,924,220,128,136,891
246,814,1566,323,688,924,488,312,875,133,1134
247,339,297,267,863,15,349,330,812,1013,430
248,91,1340,395,1282,728,537,640,936,271,29
249,395,271,204,1492,613,1340,1586,322,1567,709
250,241,271,1567,927,455,1156,339,679,300,659
251,1566,346,674,303,128,689,1041,1586,275,695
252,649,326,709,515,25,322,631,1567,680,44
253,548,897,1209,936,39,447,935,473,429,726
254,220,198,507,662,736,1065,171,534,569,380
255,289,218,542,648,338,312,1119,879,310,317
256,339,878,748,517,491,15,988,328,322,1033
257,1156,117,1062,923,318,268,346,144,894,187
258,339,322,294,1034,540,1016,325,988,878,1090
259,569,241,343,320,46,314,15,490,327,505
260,1125,687,750,1340,1567,386,742,1231,681,557
261,241,343,894,748,48,271,245,507,274,779
262,170,674,755,344,395,271,269,166,894,283
263,771,339,309,873,296,640,1027,110,300,814
264,681,346,305,686,307,314,144,747,505,354
265,658,633,992,121,411,92,430,1631,1342,443
266,660,235,877,408,614,632,770,514,612,1586
267,299,879,357,674,872,254,132,223,354,877
268,878,291,1033,116,950,32,681,891,812,330
269,1151,351,865,682,378,674,275,1062,561,689
270,845,0,582,84,886,150,1567,679,5,147
271,1340,1567,1231,395,712,885,865,510,292,508
272,1566,363,115,936,1586,51,613,303,320,688
273,299,681,269,291,258,686,354,1338,687,130
274,220,304,248,614,925,325,1340,13,44,288
275,662,1068,333,269,299,504,21,572,545,974
276,320,1340,635,490,976,936,754,1586,397,548
277,303,128,1097,345,473,287,1043,309,895,594
278,749,747,305,348,845,897,303,25,695,328
279,220,84,440,299,1011,1681,63,153,962,739
280,271,865,1340,1586,1567,712,395,320,1492,893
281,271,534,198,311,288,320,877,601,649,318
282,480,954,338,405,104,1340,327,125,1085,315
283,747,303,804,1567,610,1586,812,749,1040,1340
284,344,923,321,486,1062,354,682,686,561,314
285,339,271,649,719,132,326,540,306,204,877
286,1023,1156,41,1586,343,748,325,1448,1282,144
287,830,270,322,1019,1114,480,874,594,1036,693
288,846,309,242,300,649,170,292,49,204,121
289,891,936,895,878,588,761,165,309,558,743
290,327,504,473,320,215,15,268,720,688,302
291,259,525,271,275,894,1586,223,649,1567,144
292,773,613,309,271,339,455,300,29,505,406
293,204,1492,523,322,1340,1276,707,614,610,835
294,688,128,429,349,1566,297,804,812,184,1011
295,269,950,344,15,864,170,121,885,716,1229
296,339,328,325,635,749,306,771,773,1221,805
297,306,302,480,299,707,594,864,673,1340,269
298,716,357,950,931,1567,195,116,121,330,341
299,477,405,835,773,1047,545,303,328,1340,289
300,486,743,326,187,223,689,378,508,627,649
301,41,674,748,1567,380,894,1156,877,511,274
302,150,84,488,988,303,845,113,983,57,1134
303,297,1010,1605,357,1156,257,236,326,983,161
304,885,674,488,671,1567,275,263,1340,1603,84
305,314,923,878,167,1156,516,537,539,1605,681
306,271,241,320,300,333,343,1015,635,482,872
307,345,325,749,328,763,50,125,299,470,406
308,507,675,314,688,1004,1133,343,1631,748,504
309,595,115,346,249,1156,830,1010,505,552,344
310,845,338,879,44,865,275,346,1567,674,279
311,430,779,15,500,231,506,339,455,762,447
312,259,1151,170,1566,206,865,618,303,677,674
313,320,302,271,1492,241,335,517,748,601,395
314,322,338,310,327,517,649,212,735,658,1117
315,1586,244,942,315,923,894,893,125,681,1340
316,346,552,115,1187,247,1097,268,303,881,747
317,322,302,320,271,703,1016,363,779,936,540
318,241,100,662,878,1567,748,330,974,647,814
319,845,150,1117,1059,84,582,886,1027,512,704
320,84,150,279,988,1038,308,845,1135,604,1566
321,812,1187,339,749,1019,994,971,649,318,747
322,747,144,935,455,1187,303,749,486,1021,929
323,306,311,339,320,877,819,175,1027,886,1340
324,662,507,891,1156,330,769,878,314,4,267
325,1015,635,249,333,1114,172,877,874,872,320
326,517,339,338,322,491,327,954,1340,610,1019
327,686,865,354,879,923,206,312,187,525,149
328,812,326,1006,1187,1041,234,897,1160,303,115
329,303,679,613,894,511,674,395,206,897,671
330,323,814,891,1566,312,1672,875,688,1567,110
331,749,747,771,895,331,100,704,50,736,464
332,271,894,241,454,395,519,686,206,320,923
333,269,755,291,897,569,686,671,681,1032,773
334,1027,681,394,885,1340,1567,750,299,537,1117
335,339,812,349,22,1027,318,297,470,880,537
336,231,457,877,762,269,569,674,935,263,333
337,116,662,681,314,268,891,323,716,958,712
338,312,323,331,305,750,885,293,121,537,394
339,271,326,357,719,483,931,872,649,865,270
340,885,170,686,206,293,747,24,20,121,561
341,320,601,1566,19,271,219,602,635,688,18
342,339,537,322,812,1008,330,649,878,241,546
343,395,871,304,689,894,865,1566,618,832,206
344,662,84,326,769,339,100,1509,231,133,267
345,121,323,206,170,543,548,312,948,39,110
346,749,455,747,773,305,613,144,506,1047,303
347,332,989,333,343,704,50,345,539,282,289
348,1340,22,325,1016,614,512,870,1309,687,294
349,287,297,1097,812,321,349,318,594,106,1493
350,507,314,1156,60,878,1010,249,539,889,161
351,704,749,989,635,345,331,282,332,1681,954
352,309,1340,771,300,394,938,332,301,305,819
353,332,325,395,41,158,1340,454,301,125,513
354,537,314,878,328,812,339,406,712,891,309
355,343,249,490,737,318,507,1133,268,509,328
356,812,845,983,1151,1566,326,1008,677,1062,32
357,271,300,259,326,1041,268,877,1156,830,762
358,747,346,455,70,1567,92,749,430,894,328
359,1117,879,812,299,881,735,681,130,338,259
360,935,1016,302,748,679,753,779,303,878,1156
361,309,548,895,635,1097,39,524,300,1566,726
362,339,1340,84,462,325,983,614,627,925,1027
363,291,681,891,323,220,755,341,920,116,1338
364,302,878,291,748,1033,681,470,958,339,391
365,1156,326,1567,147,891,1605,285,1282,681,865
366,1006,128,303,327,215,719,473,268,115,688
367,681,496,929,753,1567,894,865,45,517,259
368,271,14,1125,395,742,220,987,1566,645,300
369,893,681,0,130,879,315,223,1340,1586,712
370,339,1019,649,538,326,1586,971,462,749,25
371,865,370,475,525,863,879,923,312,1567,983
372,302,703,257,968,338,540,748,1141,1603,582
373,747,343,328,430,749,633,804,346,312,897
374,681,126,314,15,505,958,657,276,1567,342
375,303,894,344,242,830,322,481,427,1072,338
376,339,812,470,491,328,1027,349,878,164,1681
377,144,773,269,681,344,406,947,455,398,918
378,1567,339,681,1027,885,493,455,927,1231,326
379,924,136,734,542,220,130,938,296,254,1338
380,326,812,339,709,771,309,640,728,382,701
381,413,1047,773,753,537,163,973,94,315,123
382,936,51,689,779,1284,1209,172,754,976,363
383,796,875,543,507,863,60,1567,5,475,297
384,480,818,269,13,1085,125,550,254,289,842
385,285,1156,1605,326,297,1567,257,983,812,618
386,306,819,332,482,394,20,637,771,750,1340
387,948,814,488,357,674,40,297,1566,298,121
388,1566,924,814,332,1309,938,136,220,1125,172
389,540,279,322,1038,462,614,44,983,86,719
390,750,885,24,950,258,1309,925,686,1125,948
391,362,357,341,1567,363,330,271,27,1566,206
392,297,701,839,339,22,344,447,530,430,594
393,269,846,486,344,345,125,127,170,283,523
394,309,635,128,812,106,1586,612,895,499,548
395,289,545,150,704,333,299,504,218,488,1135
396,320,712,271,280,681,601,519,241,537,46
397,339,1340,771,462,540,322,512,325,1586,835
398,1015,318,249,649,1133,635,244,333,682,106
399,303,327,244,92,346,748,688,184,585,795
400,689,486,895,1566,1309,936,548,796,206,891
401,299,263,50,686,21,170,940,289,704,457
402,1566,271,320,91,891,1309,601,395,602,323
403,406,416,299,128,345,548,499,527,321,213
404,749,486,55,743,689,13,127,761,50,9
405,689,318,1617,649,872,1566,1156,270,1015,320
406,241,343,333,569,332,312,611,579,814,482
407,272,543,318,499,117,1243,689,163,471,650
408,594,303,405,595,297,272,322,689,874,693
409,395,170,91,206,557,646,163,76,271,1605
410,302,878,1016,507,220,1605,1224,314,323,748
411,378,39,357,689,674,170,1151,458,288,110
412,299,1085,310,1340,1169,240,879,242,691,132
413,285,323,983,814,297,650,91,1567,1605,257
414,302,1027,339,1340,1117,835,123,968,1603,517
415,1309,891,220,1566,1016,507,224,1125,755,323
416,950,742,220,760,687,1338,258,291,728,147
417,220,891,323,1062,416,920,314,321,91,406
418,220,891,110,213,301,235,345,136,323,1681
419,318,649,212,320,509,326,343,1064,106,948
420,594,935,632,540,462,287,1340,297,864,1114
421,753,543,819,885,875,936,537,259,163,889
422,302,480,344,550,830,457,842,894,163,1340
423,1338,84,1340,130,951,734,879,704,279,1085
424,163,50,457,761,889,779,289,24,332,686
425,299,220,117,1046,832,289,879,872,689,317
426,339,974,133,231,1027,1493,349,1572,1631,836
427,689,936,286,976,1219,935,1151,1410,166,206
428,749,747,328,315,343,346,895,1032,305,331
429,357,362,326,872,674,300,271,21,341,931
430,482,704,228,835,1059,169,886,333,483,167
431,886,1617,1605,167,302,835,182,703,516,673
432,674,259,303,275,310,204,595,240,273,935
433,163,1340,170,344,686,885,687,208,24,750
434,1125,687,288,983,1016,297,594,614,22,557
435,885,543,362,206,753,561,1156,259,875,740
436,865,983,270,310,674,322,44,262,357,462
437,339,701,925,328,248,955,1340,106,322,1631
438,681,457,302,271,291,663,263,117,1338,198
439,635,343,320,754,633,245,454,490,306,842
440,346,312,686,1567,747,1004,942,1340,674,894
441,649,326,812,658,318,339,212,25,638,931
442,310,830,649,338,529,270,322,308,357,1015
443,633,275,897,1566,1567,747,1586,529,346,814
444,339,1117,133,950,1027,983,18,296,491,812
445,507,1011,561,60,1156,1133,1309,314,689,323
446,548,447,309,300,306,1064,50,1448,490,936
447,323,301,331,235,1097,886,499,345,473,1681
448,163,519,322,830,208,894,344,477,929,1162
449,297,242,693,106,287,701,1631,948,530,288
450,1117,321,735,234,719,567,425,1059,835,341
451,339,164,115,812,213,303,287,719,976,540
452,814,323,891,1566,224,507,688,1309,933,875
453,805,130,505,582,540,1117,169,147,223,1338
454,343,633,486,272,163,689,344,50,346,761
455,1015,271,326,769,635,300,1064,877,136,327
456,689,117,344,561,378,170,594,387,1151,1612
457,1117,339,297,1027,863,488,649,212,881,1567
458,269,291,755,681,328,136,327,773,398,542
459,635,748,241,814,343,327,1566,688,928,320
460,357,649,931,1566,1015,872,312,948,326,1010
461,339,1221,455,771,704,878,256,606,100,1340
462,681,929,918,1021,163,344,525,446,519,686
463,241,1567,613,271,18,571,1603,1342,885,129
464,271,320,1492,814,938,136,323,301,332,341
465,886,263,935,117,673,674,0,302,513,669
466,747,1048,275,1567,41,970,1340,45,942,610
467,681,1117,280,130,1027,537,299,673,302,879
468,877,480,41,325,299,1085,614,660,1114,1340
469,923,894,645,412,689,1156,1008,344,486,330
470,686,618,646,291,681,1059,395,879,404,223
471,241,938,1340,183,300,1566,877,842,635,647
472,172,204,1015,523,1566,1141,320,719,235,1276
473,249,344,115,268,1586,894,320,346,947,490
474,681,307,269,1338,291,662,260,321,299,657
475,674,170,865,686,271,938,283,879,877,357
476,1566,274,871,271,1015,872,689,931,300,12
477,303,322,595,86,693,894,739,344,338,497
478,241,649,658,271,307,312,341,579,590,613
479,303,322,523,86,215,481,719,242,835,1009
480,818,291,220,302,269,504,321,1171,289,1338
481,878,1133,662,326,383,330,349,891,32,147
482,712,293,1340,320,1567,681,548,268,280,519
483,326,457,862,1156,300,271,540,339,236,935
484,332,1340,263,513,750,1309,293,1612,331,801
485,940,312,289,488,282,333,814,161,545,1010
486,170,686,206,1340,557,687,755,293,344,395
487,894,1156,947,550,344,391,144,681,314,147
488,704,736,464,587,405,886,1617,5,230,482
489,405,306,477,333,632,480,635,327,545,506
490,299,1027,306,632,1340,750,263,514,394,886
491,297,91,1062,22,508,1340,163,543,537,474
492,312,923,323,136,244,894,314,1009,1060,542
493,303,310,230,346,689,275,351,872,272,796
494,605,865,84,734,742,462,326,877,497,777
495,310,289,303,346,648,595,475,894,486,322
496,312,338,488,658,411,542,25,1567,18,84
497,309,106,242,635,1015,306,1340,301,332,612
498,297,809,674,274,275,40,457,322,270,1567
499,322,339,701,297,219,649,1019,812,242,1566
500,976,303,875,470,685,512,523,1340,845,1681
501,687,935,344,929,594,551,561,287,480,864
502,326,719,987,604,130,886,213,649,204,805
503,320,271,241,327,302,877,601,212,483,1492
504,923,244,894,893,941,1586,681,1046,516,395
505,486,92,303,346,272,1133,244,330,739,55
506,618,275,674,395,284,539,351,865,1586,872
507,328,747,749,406,303,315,1187,345,128,470
508,543,875,1011,753,303,561,646,206,370,507
509,950,475,1567,845,646,875,1446,123,330,878
510,323,136,268,314,333,249,344,343,143,217
511,486,357,307,743,165,1156,318,330,341,588
512,1340,929,1567,1631,339,299,1027,935,236,297
513,779,477,569,897,506,455,613,748,773,671
514,269,695,213,604,1038,303,897,777,1141,935
515,84,845,540,32,147,878,812,279,130,326
516,260,716,258,312,686,354,136,289,242,269
517,332,320,306,635,482,514,814,343,660,212
518,268,346,357,343,344,249,271,872,1010,507
519,1059,228,704,289,686,807,99,613,486,223
520,749,747,9,1340,895,682,244,610,325,55
521,299,318,321,310,272,1133,242,682,126,106
522,674,511,274,457,497,935,782,21,283,538
523,299,872,333,1133,254,318,98,130,1038,1068
524,878,291,748,681,923,302,894,550,1033,517
525,302,480,877,322,1340,1114,635,320,338,204
526,662,299,736,220,345,507,323,704,321,958
527,343,332,1566,635,320,507,688,814,106,1114
528,618,335,302,416,865,285,235,284,1605,893
529,1340,299,687,325,614,288,125,13,306,1085
530,279,1038,44,13,254,299,540,1015,1187,1114
531,540,326,147,805,339,1090,935,462,1156,493
532,234,1059,150,1117,285,341,641,1024,1136,113
533,309,300,548,936,689,301,213,819,534,508
534,346,244,312,343,499,681,318,305,268,923
535,339,812,594,322,635,297,1340,610,1090,1586
536,328,897,695,976,1566,1100,878,164,604,936
537,1133,507,345,343,711,318,895,524,106,662
538,259,297,344,242,406,1062,594,525,91,543
539,506,587,935,455,405,303,779,582,679,726
540,689,344,1023,936,457,48,779,465,1156,51
541,258,931,220,279,254,734,296,130,695,950
542,649,309,321,318,1117,299,743,394,560,354
543,1068,656,877,231,974,21,333,196,181,505
544,299,657,864,681,126,130,132,288,321,302
545,1114,594,242,874,322,106,701,1340,288,614
546,333,872,482,689,115,249,509,228,1198,271
547,242,299,687,525,288,879,354,1340,557,1085
548,488,929,863,736,1567,572,658,809,475,758
549,686,50,332,872,241,362,644,228,357,230
550,674,275,303,429,128,346,935,897,268,543
551,301,1151,557,677,983,1340,387,1492,204,614
552,318,326,812,711,1097,429,349,1133,110,339
553,312,341,206,323,357,121,321,948,362,891
554,488,297,983,303,429,275,812,804,948,863
555,988,635,84,408,614,1340,339,212,133,801
556,318,823,299,220,321,521,91,105,627,13
557,923,136,454,395,244,613,1586,1046,1566,537
558,689,344,170,163,50,332,271,1198,754,263
559,275,1567,748,493,241,1586,897,245,1156,671
560,271,773,19,842,245,754,645,300,269,327
561,750,299,84,673,877,656,198,687,1338,130
562,747,455,929,144,595,457,486,935,1021,749
563,686,344,507,561,1309,206,674,48,165,865
564,1340,1567,331,863,870,513,650,301,801,293
565,674,231,1309,1567,656,865,814,40,877,21
566,874,812,682,249,244,1062,1187,550,13,318
567,263,480,299,1340,755,289,542,369,1085,220
568,346,662,507,312,475,768,45,70,323,116
569,323,309,312,895,136,293,332,1340,664,938
570,325,1586,98,805,877,235,311,326,509,339
571,322,1567,863,525,262,812,259,649,1170,879
572,297,320,22,983,91,1492,257,1340,1605,372
573,263,747,1048,801,299,275,1340,488,674,644
574,1064,300,274,231,447,430,548,1114,588,1156
575,309,1136,649,499,312,39,814,321,664,228
576,748,327,245,241,569,343,878,157,688,363
577,649,309,318,106,306,1015,242,534,588,288
578,674,204,523,303,695,308,935,719,56,1141
579,548,318,1586,612,895,235,1340,509,343,499
580,779,748,5,796,875,230,988,1048,1567,1340
581,674,1566,326,897,275,1567,285,363,605,865
582,303,304,894,289,796,1016,835,210,1009,550
583,875,507,1309,1566,936,891,895,1156,1011,747
584,309,649,297,560,836,318,50,472,394,895
585,274,271,1064,270,877,559,357,288,411,1114
586,259,505,115,527,455,740,121,273,773,543
587,480,166,344,687,557,818,523,269,935,170
588,318,590,814,649,635,312,579,529,212,343
589,21,305,704,228,20,505,229,100,611,299
590,299,21,657,263,1117,886,310,480,369,228
591,299,1097,499,657,897,488,429,216,268,1493
592,686,299,681,260,354,258,608,345,269,291
593,271,301,311,534,673,241,198,285,300,1309
594,660,482,320,877,333,644,499,335,937,119
595,1340,846,548,309,614,213,204,1038,385,39
596,1156,362,247,285,0,872,351,117,886,618
597,1340,170,292,297,935,298,815,447,548,300
598,935,344,818,480,440,594,864,86,693,507
599,333,271,872,499,134,275,327,877,1492,136
600,936,1566,679,754,779,1219,363,976,397,1100
601,689,871,1156,330,344,507,471,1010,595,878
602,321,326,1133,588,769,318,931,878,339,662
603,1021,740,649,318,117,1156,285,595,64,505
604,163,686,681,569,343,889,241,314,344,457
605,299,263,480,289,1085,648,269,125,240,117
606,303,310,308,1015,128,552,693,1038,106,594
607,681,958,314,117,1156,929,464,299,1021,0
608,1567,748,305,897,613,671,1566,520,1282,241
609,327,276,506,505,269,338,762,748,773,15
610,457,344,595,894,674,830,935,283,303,405
611,519,320,322,268,318,942,682,335,1216,388
612,814,332,282,333,938,1566,113,300,989,1198
613,357,674,877,872,656,110,270,23,231,865
614,406,242,527,490,328,272,416,370,128,773
615,299,681,117,1340,318,644,1338,280,879,1567
616,1027,747,339,771,394,305,1340,885,1231,1567
617,339,649,212,326,1019,430,812,25,506,505
618,220,687,865,760,750,1125,1016,925,1340,550
619,689,872,1059,285,351,1133,1008,471,539,677
620,269,773,315,897,1032,144,747,455,115,846
621,357,259,321,170,458,39,527,548,499,271
622,517,1117,1338,302,276,133,687,299,322,658
623,712,925,490,1340,320,110,406,280,268,470
624,325,772,749,750,328,1340,635,327,243,954
625,1567,885,681,121,259,305,1231,455,686,27
626,150,845,84,886,331,224,0,814,1135,618
627,339,326,649,719,1117,812,64,309,318,540
628,1340,747,701,406,9,447,935,815,925,1114
629,750,517,681,542,280,1567,18,312,327,243
630,299,117,50,387,288,263,13,318,689,301
631,649,658,322,1117,1342,931,1567,339,411,462
632,936,895,1209,689,1566,211,345,524,548,309
633,557,687,386,1125,742,497,258,1340,404,695
634,1340,1586,325,1567,1309,1566,548,1448,1631,935
635,1133,486,749,739,267,658,13,244,322,1015
636,299,21,603,657,269,505,1187,202,1117,354
637,1566,486,689,427,1015,303,242,55,985,106
638,338,879,525,305,275,1567,25,681,364,45
639,540,322,805,84,812,1038,739,44,339,338
640,269,455,779,679,671,935,885,461,75,929
641,271,357,259,1567,865,241,1156,257,674,326
642,343,187,923,615,454,895,894,1309,1586,244
643,695,701,106,9,308,303,435,486,242,1038
644,1566,411,343,688,1004,245,312,1631,241,230
645,929,704,299,169,394,918,354,749,1059,1117
646,557,344,386,166,923,206,170,508,891,865
647,610,335,845,1492,150,310,1340,954,191,660
648,326,318,321,341,357,872,891,649,590,769
649,748,773,470,1027,712,391,455,1047,681,302
650,405,587,726,704,306,538,506,1448,689,633
651,318,1340,310,117,691,682,1492,801,272,335
652,220,291,681,258,133,296,769,823,198,750
653,689,272,351,346,543,471,117,539,594,318
654,622,110,268,605,815,674,216,429,548,566
655,814,1492,983,1566,1567,80,323,312,664,650
656,299,318,801,1340,279,288,627,612,1038,691
657,814,331,662,323,891,1309,224,507,757,498
658,879,681,525,1567,865,863,1231,1117,305,299
659,288,301,687,1340,614,204,387,627,557,508
660,161,488,796,5,809,507,736,940,297,1010
661,812,339,878,326,886,1567,321,318,342,1617
662,147,0,728,540,339,987,296,326,640,91
663,548,490,306,509,1340,229,309,514,656,119
664,879,681,1117,299,863,354,929,525,760,950
665,312,327,343,613,136,323,315,282,333,579
666,748,988,1567,749,520,954,613,241,671,41
667,674,275,293,170,263,814,488,206,875,885
668,686,170,206,24,747,165,50,885,561,674
669,512,1340,976,1566,309,1586,922,1492,695,2
670,1156,689,51,1309,875,206,1566,674,448,484
671,312,343,579,323,136,332,938,183,686,241
672,303,242,406,272,322,328,735,693,874,830
673,241,271,505,339,307,522,569,320,46,877
674,323,686,923,312,220,314,91,925,507,163
675,679,147,878,845,330,1100,1282,540,1567,628
676,303,486,344,674,689,259,935,740,115,346
677,133,321,1117,130,950,974,339,296,220,106
678,133,842,878,1009,635,602,647,339,320,1015
679,674,293,263,50,689,548,1309,1340,543,686
680,125,325,749,306,1340,315,632,461,127,538
681,288,1125,743,1309,165,1566,742,687,1340,701
682,1117,130,812,213,1681,987,296,719,32,886
683,339,1567,1027,491,747,517,1340,15,297,1231
684,322,486,595,303,689,701,874,749,594,1034
685,662,133,647,814,891,1566,769,326,231,1309
686,681,673,302,877,311,1156,660,280,175,886
687,486,695,1340,689,354,557,127,879,749,1586
688,681,712,1567,1340,755,686,1586,434,877,1309
689,302,550,739,77,878,338,748,1072,147,894
690,395,117,125,1340,893,755,681,1021,41,325
691,220,302,516,1605,304,618,416,893,167,284
692,212,488,310,335,150,234,660,1567,21,674
693,271,241,321,601,323,814,320,507,559,357
694,507,314,1224,1631,343,878,1156,256,1567,1309
695,736,750,306,711,1027,482,1340,801,611,318
696,755,220,345,291,891,673,854,473,269,224
697,115,320,1586,327,333,51,688,635,1056,343
698,163,312,314,289,260,681,889,519,370,242
699,681,302,923,395,712,755,550,893,1340,382
700,1340,660,335,1492,235,893,610,275,301,280
701,874,405,1340,594,1448,325,322,306,835,1114
702,323,206,677,312,136,345,341,664,891,331
703,269,674,897,686,747,885,455,716,671,511
704,344,507,561,686,662,486,343,346,50,891
705,344,346,689,561,507,268,343,206,357,351
706,293,343,747,325,1340,332,125,163,1216,895
707,285,341,557,728,879,891,223,950,681,865
708,306,345,490,406,269,637,818,394,299,608
709,268,891,323,110,116,504,216,440,662,357
710,263,885,674,1340,170,865,687,293,117,125
711,299,1038,632,310,594,306,1097,824,614,1340
712,291,136,716,269,1338,542,681,557,924,904
713,1114,540,322,988,339,1090,1617,182,349,270
714,305,747,876,285,749,845,582,1059,455,897
715,886,673,301,669,224,113,974,604,814,1617
716,635,106,1015,1114,327,242,529,9,320,306
717,771,339,326,408,1586,814,635,1340,873,1681
718,537,728,339,91,1117,540,296,512,640,1027
719,681,299,663,505,918,394,290,1117,741,879
720,271,457,755,681,395,508,987,1338,387,198
721,835,170,557,289,223,807,477,457,595,846
722,297,320,1340,339,219,840,298,1631,397,1566
723,370,163,289,123,323,646,753,543,516,893
724,1567,1340,1492,1603,488,885,809,618,983,1027
725,1566,754,172,300,635,1586,633,427,726,846
726,1340,235,302,753,473,263,146,935,320,1493
727,302,220,1016,550,687,878,210,739,304,551
728,268,681,499,144,1586,548,299,1340,318,346
729,275,674,310,357,259,407,270,212,660,830
730,747,1566,330,1040,701,430,804,297,988,92
731,206,1566,300,271,548,170,293,1041,1309,754
732,814,326,271,357,110,983,677,872,300,1566
733,499,1586,872,1492,1041,235,275,332,682,548
734,929,686,681,885,496,687,1567,865,457,950
735,879,310,865,279,338,44,801,299,942,1567
736,287,302,878,133,15,473,974,425,1007,594
737,263,369,299,117,673,301,458,886,416,480
738,241,885,1567,814,950,1027,75,647,18,680
739,297,753,1340,434,712,236,1062,1027,257,22
740,747,548,662,897,447,269,231,1493,603,561
741,687,288,220,133,760,551,1572,864,321,302
742,929,681,117,314,496,1567,362,1021,464,1605
743,163,270,405,306,644,322,480,320,457,1340
744,736,750,133,658,243,1224,801,1225,220,590
745,587,303,333,506,405,1010,230,940,174,282
746,749,747,244,923,187,855,382,1586,305,891
747,333,872,346,343,482,380,539,681,644,117
748,606,339,769,658,318,1567,771,680,411,1224
749,330,1008,1566,1567,322,475,796,812,1156,650
750,726,306,514,1340,1209,405,819,263,506,447
751,614,1038,308,1015,106,204,128,172,56,279
752,339,326,130,213,356,952,604,522,115,624
753,318,649,812,321,639,1117,91,322,879,823
754,681,271,712,505,223,918,259,269,773,283
755,318,649,272,343,650,311,64,537,711,973
756,339,812,328,309,749,701,878,1681,296,106
757,812,382,1216,1586,1567,1340,339,942,865,280
758,1340,338,925,9,542,1085,942,517,248,328
759,320,219,242,495,339,602,812,406,322,649
760,950,927,885,259,537,11,876,170,929,742
761,299,1340,125,306,594,632,480,737,263,117
762,331,343,323,747,814,662,5,312,464,895
763,1342,595,587,929,878,739,545,273,1059,505
764,395,618,893,206,731,170,285,646,835,571
765,170,674,457,935,263,885,283,269,782,686
766,488,687,1340,750,885,18,288,1572,133,983
767,321,931,739,878,330,871,1224,658,357,1572
768,1340,462,540,325,1090,935,461,322,22,339
769,321,242,106,309,91,320,318,406,495,1015
770,686,689,165,1059,486,743,117,362,223,929
771,416,673,886,323,321,516,91,280,864,473
772,357,318,863,236,649,274,948,606,326,1567
773,326,339,604,897,582,812,805,624,213,1100
774,333,1133,136,323,987,143,516,314,748,1015
775,297,259,121,693,287,212,488,830,298,273
776,320,271,280,454,516,537,318,1492,482,301
777,681,260,314,773,569,344,443,505,307,241
778,269,398,681,773,406,291,992,777,716,830
779,259,505,1117,657,234,161,342,483,126,276
780,488,212,1567,814,312,18,310,335,660,338
781,477,405,940,289,163,306,482,611,333,704
782,268,323,346,312,206,1041,897,548,136,674
783,845,150,5,84,247,303,338,796,1135,1048
784,1048,310,988,749,405,338,845,506,275,303
785,748,546,333,380,250,239,872,987,284,243
786,322,595,515,223,310,879,531,1059,872,865
787,326,681,891,110,769,877,220,98,116,724
788,681,557,291,893,879,687,117,755,299,646
789,323,814,333,507,1198,332,504,343,524,473
790,1567,681,496,537,241,650,259,1605,320,257
791,936,507,878,328,314,875,1029,891,1566,950
792,1493,339,231,100,974,1027,506,662,514,84
793,865,1567,983,525,879,326,742,462,863,680
794,339,773,455,15,219,830,992,269,490,505
795,582,845,85,748,679,84,897,32,174,506
796,326,110,812,1566,309,39,695,612,318,649
797,333,504,346,552,1133,675,327,1010,249,270
798,1566,1309,507,270,1156,274,288,559,871,220
799,1027,339,100,455,75,885,929,582,551,1117
800,935,674,594,747,1048,486,689,44,125,275
801,220,983,687,865,1016,1125,742,557,288,304
802,117,1062,125,1016,1021,1410,889,1612,615,513
803,257,268,712,753,302,517,1567,1094,1340,681
804,681,291,289,136,542,269,1338,686,755,557
805,165,274,507,48,769,465,383,330,344,559
806,875,779,1016,332,263,1566,275,674,230,324
807,1340,1085,951,411,1338,136,542,1492,1015,220
808,1566,1631,106,936,701,1125,1342,1340,835,871
809,406,321,106,328,490,1133,509,314,318,588
810,505,681,1117,482,299,228,649,773,169,735
811,923,220,879,542,1338,681,136,244,1046,317
812,540,462,457,322,865,929,1567,277,236,681
813,405,1340,635,306,1631,480,632,302,1114,320
814,275,41,610,877,1586,395,1276,158,613,204
815,1117,1340,1027,394,299,687,91,641,560,309
816,475,1156,923,686,1567,747,929,894,330,646
817,333,504,299,924,239,660,1416,335,814,673
818,1156,378,935,674,448,268,1309,235,159,434
819,50,343,312,299,332,490,318,323,163,1097
820,929,405,41,686,457,747,104,748,50,117
821,935,457,1340,540,719,594,864,595,830,339
822,305,1567,525,275,364,566,681,25,747,1083
823,163,649,271,242,508,91,602,309,1243,290
824,1027,394,704,1117,455,169,886,505,1340,1238
825,84,742,150,779,572,988,669,1141,1125,687
826,935,897,303,674,115,172,269,1586,1566,473
827,320,602,170,477,1492,163,293,510,936,271
828,505,658,241,307,357,649,274,633,611,595
829,747,749,22,318,606,743,339,1340,486,1062
830,303,330,404,739,679,147,894,595,587,70
831,339,1027,318,1340,771,1567,750,606,394,1231
832,328,749,391,550,701,1034,325,747,322,855
833,686,395,681,923,206,646,755,893,960,865
834,1566,1340,1586,1125,1309,1016,983,397,1492,701
835,897,1032,548,315,712,305,681,520,343,755
836,918,291,681,950,455,640,763,406,773,537
837,457,270,231,877,1065,241,274,302,236,1156
838,689,1133,894,249,872,1156,539,346,577,147
839,345,269,818,1038,480,299,846,603,1340,128
840,327,504,635,106,688,1015,128,1133,254,529
841,1027,886,331,673,1681,750,424,681,0,130
842,306,288,490,818,133,842,163,260,637,198
843,649,318,812,272,64,406,259,537,321,971
844,318,1062,249,979,187,1586,521,244,588,947
845,235,924,635,814,688,323,320,1566,239,1681
846,339,812,1156,267,330,863,318,1008,878,701
847,25,649,275,515,879,1059,305,1567,845,462
848,1340,1631,1567,1156,830,894,163,1586,343,519
849,886,1314,632,231,498,711,514,5,1493,175
850,482,299,318,1133,872,704,521,117,743,1059
851,747,123,749,470,339,297,812,22,5,845
852,335,1117,488,1492,1027,660,673,150,750,280
853,318,872,357,649,644,801,326,639,1567,1156
854,357,872,1068,321,333,1572,1338,877,1566,656
855,681,879,299,291,1117,1338,130,542,1238,735
856,206,875,507,674,561,796,323,1309,618,170
857,293,548,1566,1309,674,206,814,110,170,936
858,309,664,80,814,1566,297,121,1492,983,650
859,923,220,136,1046,258,577,832,894,987,1015
860,507,343,504,661,1566,759,323,688,333,346
861,339,297,1027,1117,1021,537,886,505,22,881
862,886,150,1059,704,1617,845,745,736,5,796
863,689,674,303,1566,1151,935,486,275,286,1586
864,41,275,877,322,1567,631,937,274,674,644
865,649,339,326,1567,812,318,1019,25,462,525
866,220,871,165,1015,383,534,743,1125,689,288
867,704,1059,515,582,1024,649,408,835,1617,174
868,322,894,41,1156,1008,519,1048,162,493,1019
869,1125,779,871,1566,793,165,1141,457,1072,288
870,987,1059,624,147,679,1282,85,704,84,1338
871,488,18,750,312,1027,1117,297,1169,123,1340
872,686,170,136,716,312,206,938,1566,260,269
873,1567,929,1631,322,894,1156,830,1340,163,517
874,987,719,378,865,416,618,395,302,167,1605
875,1340,1567,513,1492,1016,1681,845,1631,736,1586
876,115,228,505,333,886,231,353,524,569,522
877,299,110,288,656,321,113,673,814,216,784
878,344,170,686,269,260,716,206,121,561,674
879,749,41,44,325,1586,322,13,244,454,1090
880,117,263,893,755,301,395,681,1338,170,223
881,925,687,1340,325,22,339,91,288,701,256
882,326,983,812,865,462,110,931,279,1006,649
883,84,326,872,100,886,1066,150,670,279,12
884,312,271,19,1566,814,323,300,613,320,121
885,300,649,726,1567,1342,633,297,613,285,271
886,480,299,41,84,338,13,1114,325,572,737
887,1567,1340,1586,674,1493,1342,935,1566,582,1338
888,303,894,595,322,344,289,457,1021,404,929
889,507,343,748,1681,569,878,323,936,328,880
890,297,1566,293,936,1309,815,1340,22,298,447
891,736,658,13,743,704,322,771,1221,411,606
892,1027,929,736,704,299,84,5,464,886,100
893,345,1038,213,130,604,529,509,612,381,348
894,681,923,395,147,265,865,167,496,894,832
895,285,1566,613,300,275,363,51,174,1008,936
896,1340,1586,325,1309,895,332,1566,1567,343,301
897,1097,309,321,662,552,641,695,1187,486,1133
898,241,271,300,505,212,613,320,339,649,1013
899,885,865,488,716,904,674,485,924,57,386
900,223,259,144,486,874,893,523,1041,525,1586
901,405,594,306,737,1340,104,935,163,480,632
902,885,561,687,263,170,755,603,507,57,1011
903,1681,133,711,339,886,662,1027,349,507,880
904,865,338,1567,879,44,322,275,525,584,41
905,339,812,328,635,235,1586,630,325,1187,509
906,230,587,613,405,651,835,51,748,241,1617
907,303,242,846,486,1040,92,328,693,595,587
908,303,1009,1566,289,242,688,1072,759,86,344
909,658,704,931,84,1059,404,988,940,743,1342
910,537,309,328,878,645,613,895,640,314,558
911,343,333,569,346,1198,217,681,241,482,894
912,310,649,312,1340,357,1567,1492,872,240,499
913,242,481,542,128,1340,942,557,370,1085,406
914,106,318,1097,529,635,308,1114,711,524,1038
915,312,289,923,658,878,330,314,613,70,258
916,314,322,519,894,1631,701,1156,1224,530,550
917,306,632,614,106,1114,1038,594,514,932,1340
918,846,749,106,1015,309,695,328,1038,635,701
919,878,314,662,958,291,681,330,748,383,507
920,687,865,288,1340,983,557,750,220,1085,411
921,320,1198,936,333,473,688,343,507,458,1566
922,326,110,213,719,416,285,548,309,1041,300
923,610,146,954,335,320,635,688,184,1492,1340
924,321,357,507,1010,318,769,1133,662,588,1156
925,0,1340,886,1027,1493,299,221,881,747,1586
926,594,405,204,846,538,275,548,935,510,306
927,115,343,333,1097,552,327,346,312,341,228
928,749,244,658,92,1187,322,486,346,25,354
929,263,306,333,1198,369,603,473,886,1340,755
930,170,457,689,686,674,24,511,782,344,206
931,346,872,689,686,343,894,511,344,539,357
932,302,550,1340,322,540,339,517,428,1338,842
933,689,719,594,677,835,458,271,1151,936,1617
934,747,548,897,343,622,1340,804,514,1586,1566
935,681,1117,505,1027,1567,305,712,927,582,241
936,312,346,303,343,552,804,272,1097,242,543
937,299,228,704,1059,223,749,499,881,886,644
938,242,312,1136,1340,309,1492,1169,121,664,293
939,681,865,1567,923,894,879,496,338,45,116
940,14,557,354,223,879,344,258,832,486,686
941,1567,1340,1586,318,649,271,681,307,300,241
942,236,318,1156,1567,307,247,326,769,464,362
