0,301,113,275,407,168,693,11,1004,189,486
1,9,1567,113,317,11,168,514,407,356,656
2,1567,113,1620,1485,345,168,204,49,202,1594
3,1620,1567,317,1485,250,965,360,1491,514,241
4,245,249,267,174,49,108,708,133,171,407
5,191,511,473,524,480,656,518,196,581,184
6,55,415,511,477,1637,1567,50,245,962,612
7,1567,1620,49,1637,301,317,126,356,63,177
8,1620,1567,1637,126,1677,514,317,97,1485,356
9,1620,1567,1637,1594,250,482,317,1511,426,965
10,1567,899,1620,49,317,1152,1121,271,1136,56
11,271,1620,21,7,11,63,962,312,1121,317
12,478,429,1637,288,1020,173,245,1668,133,511
13,245,324,1637,1020,480,133,431,511,477,407
14,965,56,530,63,169,1618,195,177,458,482
15,317,1620,514,143,97,312,78,1567,600,519
16,1620,189,407,1239,63,55,1004,1637,1142,168
17,284,212,1567,901,1637,511,133,482,164,1020
18,49,1567,477,271,1637,250,482,245,965,1679
19,689,1620,965,1152,1637,305,407,1121,21,168
20,511,172,191,49,1637,1567,63,315,1011,181
21,213,47,511,651,168,149,918,11,518,113
22,407,473,1620,113,250,1567,168,1679,510,812
23,901,271,1637,1567,1620,63,55,314,315,250
24,1620,407,312,314,271,113,710,317,315,11
25,1567,1620,1637,49,317,173,63,482,710,510
26,1620,1567,1637,11,710,49,250,312,1491,486
27,1620,113,189,710,486,1567,407,172,168,11
28,1620,1567,113,99,284,1637,250,407,1564,212
29,1620,189,965,407,515,63,11,477,317,82
30,1620,1004,407,113,189,511,1567,168,1523,473
31,312,1567,1620,41,356,1637,314,126,1594,317
32,1620,1567,1637,49,1485,710,1594,1491,312,250
33,250,1567,1620,1491,1594,85,343,1448,855,662
34,1620,1567,965,1571,299,887,1491,710,393,1188
35,1620,1637,360,250,1485,301,965,710,486,1567
36,1620,1567,1485,1637,301,49,710,11,63,312
37,305,151,649,476,142,689,895,1620,581,691
38,1620,1485,189,1567,301,269,968,317,486,965
39,511,1620,1637,168,95,63,173,1523,515,710
40,407,1620,250,1637,168,1142,113,11,812,473
41,1637,1485,1620,495,49,173,317,965,171,21
42,271,312,317,1620,965,1567,315,1485,514,63
43,1620,49,189,407,168,483,511,515,11,1637
44,407,168,1620,312,317,173,710,486,1637,113
45,314,1637,1567,315,1620,317,284,212,1594,602
46,1567,1620,356,113,317,514,301,473,1491,315
47,407,168,250,603,509,164,165,123,133,113
48,511,380,268,1511,480,58,241,918,339,284
49,275,345,1567,301,1004,59,1620,113,304,58
50,49,1620,11,1637,171,312,710,180,271,173
51,317,315,1567,271,250,1620,1637,63,169,482
52,312,315,1637,1620,1567,271,314,97,21,47
53,1567,1620,304,360,887,898,1491,285,1293,1594
54,1567,1637,186,315,126,518,22,511,1620,97
55,1567,1620,1637,49,171,1485,710,312,180,173
56,312,1620,1567,317,1485,168,257,514,113,965
57,1620,99,189,257,1004,317,113,301,249,172
58,55,245,99,1567,511,1564,1620,271,1637,11
59,1620,407,168,1567,189,113,1448,1004,486,483
60,312,1620,710,1567,1637,299,165,21,1564,486
61,168,47,407,1006,113,511,284,1523,11,172
62,474,1239,271,1620,90,99,11,812,113,1136
63,172,480,965,603,812,168,1620,125,49,1567
64,1637,1567,1620,63,312,315,426,602,1594,317
65,1620,710,1567,312,49,171,113,95,271,173
66,1620,250,11,1567,1637,168,49,271,1121,1594
67,268,514,317,339,1239,271,11,204,1136,326
68,1567,49,168,1620,113,284,1637,511,133,1594
69,1620,1637,1567,317,1485,407,11,49,514,250
70,1567,1620,812,473,1511,128,250,1491,1679,88
71,47,901,206,631,284,1620,1567,222,99,1637
72,511,380,1004,473,11,126,1523,1620,191,918
73,271,1620,317,315,312,1567,1637,314,63,11
74,301,339,356,126,271,317,312,314,514,11
75,1637,126,1620,191,1567,407,1004,511,55,184
76,168,47,511,407,284,113,518,1523,651,528
77,317,13,581,271,301,526,1620,63,285,8
78,407,480,511,1620,477,267,473,1511,1679,518
79,271,317,1620,285,63,315,250,1637,1121,99
80,312,1567,47,315,113,271,314,11,710,1620
81,1637,1620,173,1567,482,480,11,49,962,250
82,1620,965,312,173,710,1485,1637,486,21,1188
83,1620,511,168,965,656,407,189,488,602,518
84,1620,1637,1567,407,1448,250,317,482,1511,1557
85,1620,113,1004,1567,407,301,168,1523,319,189
86,1620,1637,965,173,63,477,1567,49,68,1188
87,1620,360,1637,431,1567,241,301,1511,902,135
88,1620,1567,1485,1064,1637,317,181,920,514,965
89,1567,480,965,632,1620,477,484,920,132,656
90,312,1620,514,317,1485,315,11,1567,97,49
91,1620,47,1567,511,1637,284,11,99,901,113
92,1620,407,603,212,887,168,113,1193,1448,1557
93,1567,284,480,1620,250,482,113,407,99,1637
94,689,315,944,123,11,99,173,305,271,125
95,1620,47,486,1567,1594,312,250,1637,113,168
96,1567,1637,49,126,168,297,186,429,312,1668
97,285,250,85,495,1637,482,99,123,749,13
98,271,1620,11,250,49,1637,55,1567,1677,710
99,312,314,271,165,317,1485,315,1620,49,11
100,271,1620,1637,21,63,49,317,710,173,965
101,1620,168,1567,407,1637,250,11,1679,1523,113
102,271,315,314,11,1620,317,63,99,172,710
103,168,49,918,407,172,171,312,11,1567,113
104,317,1620,312,113,407,301,212,1567,486,314
105,1567,1620,477,317,1637,315,271,63,268,965
106,511,1567,284,315,271,1458,477,463,55,261
107,407,317,1620,212,136,602,189,473,164,614
108,1620,49,171,1567,710,128,173,95,312,965
109,1620,285,317,310,305,887,63,315,312,1637
110,1620,1567,268,514,317,965,1471,301,312,356
111,1567,1620,315,271,314,1637,301,317,312,63
112,1121,271,312,898,250,899,1620,1567,315,314
113,510,49,1567,204,88,171,250,1491,202,186
114,511,1567,345,55,275,11,155,191,510,284
115,1567,1620,113,186,22,518,1637,182,47,1594
116,1637,11,1620,1567,245,271,250,314,49,315
117,1620,1567,113,11,49,172,168,1637,407,1485
118,1620,407,360,1637,314,250,689,1152,1679,511
119,317,315,271,312,1620,1567,965,314,1485,63
120,268,317,315,169,49,193,514,495,177,477
121,1567,480,484,835,1511,130,1557,1193,212,492
122,1567,1511,178,480,812,473,319,55,250,85
123,113,1620,1567,267,312,1136,47,11,710,314
124,189,173,95,171,227,1620,168,603,49,229
125,1637,165,407,429,126,660,1620,11,1485,250
126,1620,49,180,221,393,300,171,936,1567,257
127,1620,317,710,1677,271,250,486,1485,189,128
128,1637,126,317,285,1620,301,11,407,271,305
129,1620,301,1637,297,63,1567,317,486,189,287
130,1567,1620,1637,317,1594,482,271,63,356,56
131,511,1004,1620,1567,1523,1511,473,301,356,191
132,49,171,1567,180,271,1637,11,173,1620,172
133,1637,1620,49,312,1567,965,1485,180,21,171
134,1620,1637,407,317,1567,1564,710,99,1677,250
135,317,1567,1620,514,356,271,315,99,482,510
136,1620,1637,250,126,1567,297,11,1491,1485,710
137,1567,1620,315,271,1637,11,113,317,63,511
138,1567,1637,1620,1594,250,126,49,271,99,356
139,1620,317,1567,514,602,212,407,482,1637,965
140,1620,360,887,393,299,1293,965,326,314,1152
141,1567,1620,113,317,710,1677,275,356,312,514
142,1567,1637,1620,1594,49,63,312,1485,1677,317
143,1637,1620,317,407,426,173,482,63,602,1567
144,1620,194,172,11,167,250,812,95,49,173
145,47,220,284,1567,44,206,646,113,315,312
146,1567,1620,250,482,1121,113,965,1491,1136,222
147,1567,267,245,920,257,630,1136,899,113,463
148,1567,1620,317,126,1637,196,356,191,514,10
149,1567,1620,312,168,301,356,317,275,113,63
150,18,317,315,169,271,407,1152,177,693,56
151,1620,1637,965,495,305,63,477,962,1152,317
152,1620,1567,1677,55,901,191,1594,1637,63,297
153,511,1637,1567,480,1620,22,181,99,1564,518
154,1637,317,1620,63,602,482,426,1567,495,177
155,480,1511,1637,511,1557,191,487,184,133,284
156,47,511,191,518,126,1637,646,519,1567,1620
157,1620,1637,477,511,480,524,632,407,602,1511
158,1620,1567,285,1677,326,339,495,250,901,312
159,1620,55,1567,126,191,179,1637,1004,1677,356
160,271,314,285,32,304,1491,736,886,887,315
161,1620,1567,710,1637,312,1594,271,11,113,222
162,1567,271,315,317,1637,1620,168,49,510,63
163,1567,1620,1491,299,1637,250,1594,312,965,1571
164,1620,49,407,317,1485,250,168,180,171,1567
165,1620,965,1567,1637,49,312,1485,1152,393,180
166,285,1020,13,649,196,606,581,1637,524,1620
167,1620,518,514,97,47,1485,965,836,193,315
168,315,312,1620,314,317,1567,271,514,1485,11
169,1620,1567,1637,132,250,965,495,68,1491,1594
170,1567,113,1620,510,317,514,257,168,407,11
171,749,1567,47,312,112,356,168,275,509,600
172,1620,250,1637,49,11,407,1485,317,1567,271
173,1121,899,1567,56,250,343,1250,458,222,675
174,1620,1637,49,1485,268,317,965,312,63,177
175,1567,113,345,275,1620,11,1004,1594,168,55
176,126,1567,1620,1637,11,55,356,191,49,345
177,1620,49,965,1637,173,171,271,172,1485,180
178,257,271,314,720,287,317,312,82,301,172
179,58,1567,275,261,60,463,301,59,523,511
180,312,257,710,1620,1567,317,314,309,271,113
181,1567,1637,965,1620,49,481,482,920,497,132
182,1620,602,317,1567,656,189,488,511,514,518
183,268,1567,177,480,212,284,317,602,1620,482
184,1637,1564,1567,125,1620,133,250,212,480,315
185,1620,285,495,1637,132,606,68,1193,415,1124
186,11,407,168,1239,113,250,812,177,514,1620
187,1620,1567,965,920,47,197,656,63,511,420
188,480,407,125,487,1285,1637,614,250,1142,1620
189,1620,1567,49,965,63,1637,271,173,317,171
190,1620,312,317,1567,271,113,250,710,314,11
191,1567,1491,250,1620,113,245,630,708,99,510
192,473,656,1620,483,944,511,1567,1448,1511,524
193,901,126,55,339,749,1637,356,315,271,63
194,49,1637,1620,173,482,11,171,510,1567,250
195,1567,581,130,1620,317,196,899,426,653,1594
196,49,171,1485,965,1620,1637,312,180,173,481
197,1567,918,431,511,49,518,177,1637,193,480
198,1567,267,284,630,315,212,113,510,8,268
199,1620,1567,1637,49,920,1491,965,250,393,1485
200,297,1620,1637,1677,516,1594,792,429,1567,486
201,168,407,189,1679,173,1285,113,515,188,735
202,1567,1620,431,1136,920,1594,1239,965,49,744
203,11,1136,482,92,1121,693,343,177,56,250
204,63,1620,965,1567,515,168,317,1637,511,315
205,312,301,275,1567,41,58,287,63,356,314
206,1567,1637,325,315,1620,317,268,602,495,63
207,1567,1637,426,315,193,177,268,482,602,1152
208,480,11,177,1567,49,1637,284,250,482,47
209,1567,1620,317,312,1637,49,315,356,1594,314
210,1637,1620,1564,143,1571,312,1567,47,429,710
211,257,317,212,315,168,1567,314,261,169,887
212,1567,1620,1637,315,63,1594,271,314,284,245
213,1620,241,1004,407,965,189,656,1511,483,812
214,1620,1637,407,168,1485,49,1567,429,250,11
215,271,63,11,1620,1567,356,126,315,97,191
216,47,1620,113,272,206,320,197,1267,631,901
217,1567,356,1620,514,11,113,177,97,126,317
218,285,99,514,18,268,317,301,510,202,1567
219,1620,317,1567,514,301,1485,312,965,63,271
220,1620,1567,55,901,1637,99,1564,11,250,126
221,271,1567,315,49,314,312,11,173,245,180
222,47,1620,143,95,965,567,173,312,1637,125
223,1620,965,312,317,1485,393,495,142,63,1188
224,1637,49,407,173,1141,133,510,171,518,1567
225,113,168,312,407,271,710,11,1620,344,250
226,407,1620,113,1285,250,168,482,317,1557,514
227,1620,312,10,710,222,1564,99,271,1121,11
228,1567,1620,285,1064,1637,1511,196,902,199,511
229,312,63,317,530,56,1620,305,1637,426,691
230,1620,1567,360,393,317,1637,965,1491,1485,1152
231,511,245,284,1620,1567,1006,1523,1594,1004,1637
232,1567,1620,47,55,958,511,63,317,519,1677
233,480,177,1637,497,482,407,602,431,1511,1567
234,1567,510,1511,511,473,22,653,186,133,704
235,1567,662,449,1637,886,275,196,317,1594,1491
236,168,407,1620,1637,164,317,212,602,614,136
237,1620,301,317,1567,710,312,486,1637,1485,63
238,901,55,284,291,213,47,511,955,646,769
239,1567,317,271,356,514,315,1620,268,257,169
240,317,1567,271,1620,1677,710,99,600,63,482
241,1620,1567,317,1485,312,360,965,1637,250,1152
242,284,1620,511,480,1511,944,487,1567,1637,426
243,268,284,1239,261,271,315,169,1152,477,326
244,1620,965,1485,393,317,360,1567,887,1152,301
245,1620,513,10,1136,268,113,1485,1021,1567,514
246,1620,168,1567,49,1637,407,482,63,602,177
247,312,1567,1620,345,301,11,356,339,514,155
248,1620,1567,511,113,1004,317,63,301,356,473
249,1567,1620,431,920,1511,268,480,58,177,524
250,1567,1620,1637,482,312,317,49,1594,126,11
251,1567,317,1620,514,356,271,315,126,97,63
252,1567,1620,965,1485,49,317,177,168,602,514
253,407,168,1620,1637,173,1285,965,198,165,509
254,275,345,1567,55,126,297,202,312,1677,710
255,1620,312,1567,330,47,1594,197,1637,1485,297
256,284,1637,1620,1567,1594,126,250,11,63,901
257,1637,1620,495,1448,250,132,735,962,317,482
258,1620,1567,511,271,1637,317,63,99,55,473
259,1620,1637,1064,1485,1567,241,1511,968,360,602
260,1620,1637,250,305,495,1485,271,360,63,1677
261,1620,1567,1448,965,1511,1152,1594,1557,480,482
262,317,407,164,473,603,189,168,1620,136,602
263,407,49,172,511,1620,168,245,1006,1567,171
264,1620,299,312,271,710,1567,314,297,301,332
265,1567,317,99,510,513,514,1620,1637,356,126
266,126,1567,1620,1637,511,55,113,11,356,317
267,511,407,1567,1620,113,518,1004,22,1637,602
268,1511,285,196,511,339,1020,480,1557,1637,284
269,1620,1567,47,1485,1594,965,197,1637,514,1193
270,1637,63,511,1567,317,126,191,426,356,1620
271,314,315,317,271,1567,356,511,1637,407,126
272,1567,1620,1637,1594,113,168,284,407,482,602
273,168,63,271,482,1567,317,1637,47,164,173
274,1620,1567,1637,49,710,1485,1491,171,312,317
275,1620,1567,49,11,407,317,113,1637,172,514
276,1567,356,271,63,514,47,317,315,97,1620
277,1620,1637,63,1567,126,317,11,97,1485,271
278,288,249,267,639,243,245,314,1620,257,1020
279,1620,1136,326,476,1677,47,1567,284,835,1239
280,1620,11,301,1567,297,63,1121,271,710,1594
281,1620,312,1485,317,1567,887,301,113,407,1677
282,1620,407,250,1637,317,1567,189,1485,49,168
283,1620,1567,250,1491,360,317,271,1679,708,49
284,1620,1567,11,1485,312,63,710,317,486,49
285,1620,301,317,360,285,1485,693,302,903,887
286,271,126,250,1620,1567,97,1637,21,356,63
287,1567,315,332,356,271,126,339,97,268,10
288,1620,710,1637,143,1564,95,173,486,172,194
289,49,1637,180,173,171,965,1620,1485,21,63
290,1567,55,1620,1677,1637,250,271,482,49,480
291,1567,1620,514,113,356,317,44,656,97,191
292,511,518,191,177,656,1637,480,602,126,524
293,1620,317,1567,1637,1485,49,271,514,63,710
294,271,1620,314,315,1567,317,250,169,212,1121
295,1567,510,315,99,356,186,514,113,529,204
296,1567,271,275,317,8,356,99,315,312,510
297,1637,1620,1567,133,482,495,250,173,315,126
298,1620,168,113,47,1523,407,1004,1006,1567,511
299,1620,1567,301,1485,189,921,514,319,1637,518
300,1620,1637,49,1485,495,171,317,250,710,1567
301,1620,1567,1491,1637,11,245,49,10,250,1679
302,317,271,356,49,1567,510,514,168,172,191
303,49,1620,171,180,1567,965,1637,173,1485,172
304,407,165,212,19,429,168,614,164,261,113
305,168,11,407,49,63,317,482,177,602,1637
306,168,407,261,113,1620,49,1567,1006,317,189
307,1620,1567,511,1004,113,245,55,407,1679,1006
308,1620,268,326,1567,965,1152,317,1485,212,514
309,480,1620,1567,482,125,250,99,487,510,1564
310,1620,1567,168,312,47,63,1594,965,1637,49
311,487,1557,1511,1448,480,132,1193,482,483,1567
312,1637,1620,1567,1511,126,184,518,176,660,524
313,325,288,1620,315,1637,317,314,728,1159,285
314,1620,317,407,1637,314,212,1677,315,602,271
315,164,305,212,206,47,285,7,315,476,495
316,1620,1567,301,317,356,189,63,515,241,1004
317,1567,125,47,1564,1620,944,315,99,220,899
318,1620,1567,965,317,1491,710,250,1485,887,271
319,1620,1637,63,1567,1485,301,965,317,11,710
320,1620,965,480,1567,177,1511,514,1285,602,268
321,1567,1620,510,177,356,1637,22,113,1594,126
322,1567,49,11,356,1637,271,1620,177,126,317
323,1620,1567,301,317,271,1491,1637,515,63,314
324,1637,1020,126,1511,660,134,13,511,196,407
325,189,168,486,47,407,113,318,612,483,1004
326,1620,1567,511,480,317,482,1637,177,656,1511
327,317,1620,514,495,164,7,603,965,1567,482
328,1567,1637,126,356,317,510,1620,271,315,133
329,1620,1567,317,965,312,1485,1637,63,482,168
330,1620,10,1136,1021,898,380,11,1004,1567,99
331,1620,1567,249,301,1637,317,1679,393,63,710
332,312,21,168,47,271,63,173,1620,11,315
333,1620,11,1637,1567,99,113,486,222,1564,407
334,1567,1620,250,1491,898,920,1637,360,1594,1677
335,47,312,1567,113,168,155,183,1620,95,11
336,1620,965,656,1567,189,63,511,58,518,177
337,1511,1557,1567,473,1448,407,59,510,301,921
338,511,1567,480,1620,473,1511,380,656,477,177
339,965,1620,1485,495,21,63,189,530,312,317
340,1567,1620,1637,132,482,204,1511,317,514,135
341,480,204,1620,205,1021,852,49,171,274,172
342,49,250,1637,407,510,482,171,1620,480,11
343,407,1620,1637,49,11,1567,317,250,511,473
344,1620,189,317,407,486,11,1004,113,82,271
345,1637,68,126,49,250,1141,271,1567,495,21
346,1567,332,312,315,41,749,126,1637,339,186
347,1620,1567,312,965,1485,710,1491,360,393,887
348,55,1637,13,304,901,271,1567,63,284,275
349,407,480,1637,250,482,1620,123,1511,1285,133
350,1620,1152,965,1637,887,1567,360,317,393,1485
351,1567,126,1637,132,510,345,1620,662,1594,275
352,317,271,312,99,1567,315,356,1620,514,314
353,407,252,1152,250,1285,1511,1448,693,689,18
354,1620,1567,168,49,113,312,407,173,317,172
355,1567,312,271,275,356,41,314,315,345,1293
356,1620,317,63,1485,1567,312,1637,189,965,486
357,9,136,189,511,318,1523,473,835,261,164
358,1620,1637,250,11,1567,1485,407,49,317,271
359,1567,317,482,1620,356,284,271,99,473,13
360,514,317,510,1567,407,602,482,473,177,191
361,1567,271,317,1293,315,169,749,356,965,1491
362,11,189,1239,1267,168,47,149,9,1006,1620
363,1637,1620,305,317,63,312,271,315,495,1121
364,11,113,1567,1620,1136,172,177,965,250,168
365,1620,1567,250,1491,178,812,319,1511,202,113
366,1620,1567,1637,250,1485,710,11,49,1677,113
367,1567,514,1620,1491,268,317,1485,202,250,356
368,1620,1567,1637,317,49,1485,301,63,11,356
369,285,317,1620,514,495,1485,301,1637,250,85
370,1567,1620,317,312,78,356,1637,514,63,710
371,1620,1567,1637,656,179,511,965,1594,1064,524
372,1620,1567,1136,965,1485,1152,113,168,312,49
373,1620,50,491,1637,63,524,511,179,656,519
374,1620,49,1485,1637,1567,486,189,317,171,173
375,1620,317,1567,312,514,965,1485,11,177,482
376,1620,63,49,1485,1637,317,172,1567,11,168
377,1620,1567,1637,407,317,602,511,482,518,177
378,1620,1637,511,1567,480,477,482,99,63,656
379,515,1567,317,1620,301,169,356,241,63,271
380,407,480,1285,1620,614,1511,477,1557,250,1637
381,47,480,1620,487,178,1618,1072,1267,656,1193
382,480,1637,1567,126,511,284,1511,133,602,177
383,1620,1567,1637,317,63,1485,312,301,271,965
384,211,47,136,511,284,164,646,1557,212,1523
385,1620,11,710,1637,1121,250,1567,222,965,1485
386,178,88,55,49,345,126,1142,1567,1239,250
387,1620,1637,1567,965,1485,49,63,920,11,431
388,1567,482,1511,1557,1620,1448,407,510,480,487
389,312,1620,486,1567,317,710,510,113,482,1485
390,511,126,1567,356,315,1637,284,602,177,473
391,1567,47,510,511,480,168,518,133,113,284
392,1620,1567,393,965,1637,1485,920,360,1491,710
393,1637,1620,1567,511,126,63,49,1594,11,602
394,1637,250,495,1620,49,126,480,315,11,477
395,1620,1567,1637,1485,710,1491,312,514,965,97
396,1620,511,407,1567,113,172,168,518,49,189
397,317,1567,315,49,514,168,312,268,356,63
398,1620,1567,965,189,1004,1471,360,1485,113,887
399,1620,1567,312,710,317,113,1485,514,1677,1564
400,125,220,944,312,47,7,899,510,1567,211
401,312,1637,1567,1620,317,426,1594,602,126,482
402,312,1620,168,1485,21,63,965,47,301,11
403,1620,965,168,172,1485,47,189,407,1006,312
404,293,1637,150,149,297,49,233,151,1015,895
405,1567,1637,86,55,483,662,1620,346,275,1594
406,1620,1567,1637,250,11,49,271,317,407,63
407,1620,172,317,168,407,189,511,63,1006,1679
408,407,346,250,1142,1637,1557,13,1448,486,614
409,1620,965,495,1637,1485,317,63,305,1152,250
410,49,407,168,1637,1620,317,1567,171,482,212
411,1620,1567,317,271,710,113,49,63,11,168
412,407,49,1620,482,317,113,250,171,168,1637
413,1567,1620,113,1006,275,172,1004,168,11,271
414,1620,1567,515,168,189,11,301,88,113,63
415,1620,312,1485,486,1567,514,317,965,189,113
416,1620,1064,511,63,1567,1637,965,477,317,1679
417,1567,898,1620,267,268,287,317,332,130,10
418,1637,1620,407,477,250,49,511,473,317,134
419,1620,250,407,11,486,189,482,483,1637,1485
420,1620,965,1567,11,63,519,1637,173,656,126
421,1567,1620,317,511,55,356,191,63,271,172
422,1567,317,1620,473,301,356,510,602,113,212
423,1637,495,212,1564,125,325,315,501,245,1472
424,55,1567,345,213,49,11,155,275,1620,149
425,1620,1511,487,480,1285,1557,1448,483,656,518
426,1620,1567,325,360,393,662,1637,1152,1491,1594
427,63,965,1567,1620,1637,47,477,315,511,11
428,317,271,1637,49,1620,1567,126,250,407,63
429,1620,99,514,172,1567,317,1564,191,97,600
430,1620,965,1485,317,1637,63,21,495,312,271
431,1567,312,271,315,749,63,21,56,1293,314
432,1567,168,49,317,407,356,301,189,1620,602
433,1637,1620,1011,143,63,297,181,332,567,1277
434,1620,172,11,168,113,167,314,271,407,1679
435,1620,285,10,1567,898,1491,99,710,250,301
436,284,899,482,49,1152,477,480,18,133,56
437,1567,1620,312,965,47,97,1637,78,710,173
438,1620,317,482,1567,168,1637,407,49,131,497
439,1239,1620,189,241,346,515,135,275,128,92
440,1637,1620,1567,49,168,1485,407,171,482,173
441,1620,511,172,1567,63,918,249,1004,518,515
442,271,315,317,312,63,314,356,1567,1637,1620
443,49,11,1567,312,180,171,113,271,510,1637
444,749,495,1637,126,509,13,131,482,481,480
445,1567,126,1637,511,518,186,97,356,191,179
446,1620,11,250,49,113,407,1637,1567,99,710
447,407,1004,1620,189,113,168,486,1523,429,1557
448,511,656,473,1004,191,1523,646,518,524,380
449,1620,1567,317,965,1637,1485,63,495,514,602
450,49,180,108,171,1567,312,248,1620,297,1637
451,11,777,965,250,1620,726,380,286,689,1072
452,271,1567,11,49,55,99,1620,315,314,172
453,1620,312,21,710,1677,168,1637,95,1472,1668
454,1620,1567,1637,317,126,250,407,133,97,602
455,511,901,284,1567,1523,63,473,55,1004,646
456,1620,1567,511,1637,177,518,656,602,11,407
457,1620,487,1557,1004,1448,1594,1511,1567,1193,486
458,325,1637,393,1620,965,49,68,464,1614,495
459,339,356,1567,284,511,901,315,126,473,646
460,212,164,317,125,603,407,7,1472,1677,168
461,1567,965,1620,312,315,268,317,920,193,1637
462,1567,113,267,610,320,518,186,510,1491,11
463,1567,1620,965,113,168,317,656,63,482,177
464,1620,1567,407,317,250,1491,49,113,168,1637
465,1620,271,99,710,297,11,314,250,1637,285
466,250,1637,99,1620,285,1564,126,1677,123,1567
467,1637,1567,49,511,63,1620,317,602,407,426
468,1620,317,482,1567,407,1637,99,250,486,510
469,1620,312,1567,317,301,710,297,486,271,63
470,495,285,293,1620,887,305,299,21,250,1637
471,1620,346,1567,275,250,113,128,887,1491,1594
472,49,317,1637,271,171,63,1567,11,482,315
473,1567,271,99,315,63,126,1637,510,317,356
474,47,11,284,1142,1637,901,271,149,63,55
475,1567,1620,49,171,1637,180,11,204,510,250
476,1620,965,1567,1152,1485,317,1637,250,482,212
477,191,63,271,317,156,511,315,301,356,150
478,518,407,113,11,312,172,511,173,1620,168
479,168,113,47,407,473,944,518,646,189,1620
480,168,1567,113,1620,518,965,47,172,198,610
481,1620,1567,1637,965,1485,63,312,602,1594,177
482,1620,49,407,1285,171,132,965,1448,346,250
483,1620,1567,49,1637,1485,63,317,171,301,965
484,1620,1567,58,301,1594,511,1004,1618,656,518
485,1567,510,126,204,356,481,482,600,133,509
486,1620,63,301,519,1637,965,518,126,97,1485
487,1620,965,1567,168,63,312,1485,21,189,1637
488,1620,305,1637,49,1485,495,63,271,965,317
489,55,49,126,1637,171,1142,181,1567,1677,134
490,1620,113,312,11,1567,47,518,944,97,693
491,345,515,1567,271,301,1491,474,356,41,314
492,315,314,267,1620,47,511,1567,312,1637,172
493,1620,1567,11,10,965,1637,271,49,1485,312
494,1620,301,360,285,297,1637,639,323,317,1485
495,172,1239,1679,178,249,300,90,49,167,208
496,1567,1620,1637,11,49,1594,213,63,314,1491
497,511,1004,1567,1511,345,1523,473,510,1620,518
498,356,317,271,315,63,1567,301,169,514,312
499,168,275,284,1567,55,901,1523,113,1006,112
500,1620,1567,1637,55,511,63,901,126,11,1594
501,1620,1637,1567,10,11,1594,149,431,297,150
502,99,1564,125,1620,285,513,317,274,407,486
503,1620,1567,1637,1594,1491,360,965,250,887,1485
504,965,1620,125,132,495,477,632,1188,68,142
505,1637,49,1620,1567,126,171,173,510,97,1485
506,1620,1567,360,1491,662,250,1637,346,1594,245
507,407,482,1557,1511,284,1448,473,480,177,487
508,1567,204,1620,126,49,1637,514,317,480,191
509,1620,312,1567,710,1485,887,299,965,1491,317
510,1567,1620,49,1637,317,171,514,204,126,482
511,1637,126,1620,1567,271,63,11,97,315,250
512,1620,1567,1637,965,173,312,49,710,21,1485
513,1620,1006,1567,168,172,11,271,113,63,511
514,1620,1567,965,710,172,113,1485,812,1679,49
515,1620,212,407,271,511,317,99,314,164,284
516,1567,345,202,113,1620,275,1491,319,90,513
517,47,168,312,21,965,63,1567,86,519,1620
518,1620,204,514,1567,1511,1485,1637,524,184,480
519,317,212,315,1152,407,18,164,305,268,250
520,1567,1620,113,1594,49,920,1491,1136,245,11
521,1637,11,511,250,407,49,1620,126,480,284
522,1620,965,477,1152,482,132,317,250,1567,49
523,1567,630,886,99,275,8,662,1594,22,1564
524,312,168,317,1620,1567,113,514,1485,257,49
525,317,1620,407,99,514,482,513,486,212,426
526,1620,1567,1637,113,1594,480,47,11,133,518
527,1567,312,49,1620,11,1637,173,356,63,126
528,1620,1567,1485,965,710,887,312,317,1677,250
529,1567,1620,317,965,482,1485,312,1152,177,602
530,1567,317,169,356,749,482,165,13,886,164
531,1620,1567,1637,49,965,1485,171,173,920,710
532,312,1637,1620,1567,749,165,317,710,486,426
533,1620,1567,168,965,1679,257,95,172,82,188
534,1620,1448,1567,250,1152,360,245,346,212,1679
535,407,1620,1285,1485,250,49,1637,168,173,429
536,99,510,1567,473,123,13,317,511,356,164
537,1637,1620,495,250,126,480,97,1567,482,514
538,510,177,1567,49,482,704,497,477,602,193
539,1620,1567,1637,113,317,407,11,710,250,482
540,1620,1485,514,285,1285,10,317,1637,495,250
541,1620,1637,407,1567,480,602,511,518,133,1511
542,1620,1567,1637,1511,407,1448,602,1557,482,480
543,1620,1567,1637,126,1511,97,301,184,514,1491
544,1620,1485,1567,168,49,965,1637,250,407,113
545,1567,431,920,1620,640,1491,480,1637,1511,49
546,1567,168,113,510,356,47,749,345,275,11
547,1620,1567,518,95,182,181,194,525,186,519
548,1567,1620,1637,317,63,49,356,126,271,965
549,1620,11,1567,312,301,1485,49,1136,710,1491
550,639,301,491,1620,511,380,1064,58,1471,515
551,1620,1637,1567,250,1594,1485,317,1448,1491,482
552,1620,1567,113,1004,301,317,58,511,407,11
553,1620,1567,1637,317,514,312,1485,97,710,78
554,1620,1152,250,1637,284,1121,477,482,1567,245
555,1567,514,356,268,317,126,204,177,480,510
556,1620,1637,99,1564,285,250,511,156,174,179
557,1567,250,99,284,1637,11,1620,510,482,1594
558,1620,1567,1064,199,514,1485,317,965,301,519
559,1567,271,314,315,11,63,49,356,168,317
560,511,1620,518,1511,1567,473,1004,1523,113,11
561,495,1637,524,305,1064,511,477,488,496,63
562,1567,1620,965,317,1637,173,63,482,49,477
563,1567,1620,1637,1491,168,250,1594,88,113,49
564,113,1567,1620,407,168,88,510,250,473,182
565,285,99,1620,13,179,9,473,164,901,1004
566,1620,835,901,511,1511,1064,1567,1193,55,1004
567,250,1637,480,346,284,133,1142,49,407,85
568,317,407,315,1637,1620,212,250,1567,602,482
569,1620,250,898,1136,360,887,317,285,710,1491
570,407,49,168,1567,113,510,11,1523,482,511
571,407,212,473,113,164,168,250,257,136,317
572,1567,315,284,511,1637,271,99,250,473,901
573,515,1567,189,965,318,317,169,82,958,275
574,267,320,113,47,1567,257,1620,518,514,168
575,1620,1567,312,113,965,1485,11,710,514,317
576,1620,965,1567,1637,168,1485,518,920,198,1152
577,1620,1637,1567,312,710,143,965,173,97,1485
578,317,1567,271,168,515,189,315,257,82,49
579,245,49,360,325,180,1567,171,1620,249,271
580,473,1567,1511,511,660,510,126,88,178,345
581,1567,1620,126,11,356,113,1637,407,250,301
582,1620,1567,1637,407,113,11,250,511,602,317
583,1620,1567,312,49,710,113,1485,965,486,171
584,1620,1193,487,1448,1557,1511,835,965,605,1152
585,1620,1567,1637,55,393,360,63,1491,1594,920
586,1620,49,710,171,172,1564,245,1637,180,250
587,920,965,431,1136,1152,744,331,1567,463,195
588,1620,116,312,63,21,47,965,420,691,14
589,407,250,284,1448,1557,1511,482,487,123,480
590,1620,1567,1594,1637,284,317,482,426,605,177
591,191,317,99,55,271,600,1677,356,1620,1004
592,965,1567,1072,920,477,47,656,315,63,271
593,514,1620,1567,317,356,965,97,63,177,312
594,511,1567,126,55,191,356,63,1637,284,177
595,1620,1637,1567,312,271,317,965,1485,1121,63
596,1620,11,271,1121,250,1136,63,222,1239,710
597,1620,1567,113,312,314,1677,317,887,710,212
598,1620,710,1121,1637,360,312,887,962,222,271
599,1620,1567,1637,301,97,222,11,317,486,1594
600,174,473,708,208,261,1679,704,407,245,249
601,1620,1637,63,49,486,965,173,407,1485,168
602,346,407,168,250,1620,1448,113,1567,735,482
603,1620,710,11,113,486,49,407,99,173,1564
604,1567,317,1620,514,126,356,1637,480,482,602
605,1567,1620,920,1637,965,63,55,49,250,1594
606,1567,1620,356,482,284,113,317,1594,514,126
607,1620,1594,297,1567,649,895,58,47,1004,301
608,315,899,18,1121,305,271,1293,1152,312,206
609,177,480,1567,426,482,656,514,268,1637,965
610,1567,1637,1491,250,271,315,126,245,49,1620
611,1620,965,1567,312,172,47,1485,710,11,173
612,49,113,1567,1620,168,172,407,317,11,510
613,1620,49,1567,171,965,317,172,1637,920,1485
614,407,510,168,164,126,473,1567,514,315,123
615,1620,312,317,407,486,1637,710,1485,1567,301
616,1511,22,511,639,518,73,1004,615,524,649
617,1567,1620,1637,126,514,204,481,97,965,78
618,1567,1620,47,312,113,1571,168,1485,78,95
619,1620,95,454,258,168,269,486,961,1668,1006
620,55,1567,271,1620,11,63,901,1637,49,245
621,1567,1677,1620,312,356,514,317,113,126,314
622,1485,1620,312,965,49,407,168,1285,514,482
623,1620,1567,317,1637,63,301,511,356,11,271
624,1620,1637,1567,250,407,49,11,1594,1491,1448
625,317,212,271,407,514,1239,189,274,9,1136
626,1620,380,656,524,518,58,511,965,241,177
627,1620,1567,1594,1485,1637,360,250,1491,662,312
628,1567,1620,482,1637,132,480,173,965,49,317
629,1620,710,965,222,116,1485,420,486,10,1121
630,1567,271,314,317,315,49,1620,257,168,1491
631,407,168,49,173,172,1620,171,317,189,1637
632,1620,710,312,1637,1567,1485,317,486,407,95
633,1620,271,317,301,1567,1637,63,312,314,356
634,315,271,1567,314,317,18,339,212,268,250
635,1620,1567,1491,250,1485,965,113,887,360,710
636,268,18,305,965,315,495,177,458,1152,317
637,1620,710,95,173,194,312,1637,21,11,143
638,1285,189,530,486,407,693,302,1485,317,514
639,1567,1620,1637,1594,133,168,602,407,482,113
640,1567,55,284,1594,345,356,901,1620,511,113
641,324,1679,245,477,254,1006,965,735,1152,168
642,1620,1637,1567,511,480,55,49,1511,407,482
643,1620,1637,250,346,1485,965,1567,132,710,735
644,511,407,1637,602,177,480,518,1620,1567,1511
645,1620,1567,301,317,1637,312,63,11,710,486
646,1620,1567,1637,63,965,49,482,11,250,317
647,1620,168,95,173,172,407,965,227,194,189
648,1620,1637,271,1567,710,1564,99,250,21,312
649,1620,407,172,49,168,113,11,189,1006,965
650,1620,1567,514,301,356,317,268,241,965,58
651,1620,965,1567,317,82,63,271,113,1471,1152
652,515,189,301,11,1620,63,836,88,134,126
653,1620,1485,965,189,486,11,312,168,49,407
654,1620,1567,319,921,1511,1557,516,1637,792,523
655,1620,1567,49,113,407,1594,1004,486,1136,11
656,63,356,317,1620,530,1567,271,482,55,965
657,1620,1567,317,1637,63,271,356,315,312,1594
658,1620,1637,407,1448,250,614,1511,486,1557,480
659,407,168,49,113,250,1620,11,1152,1679,212
660,49,1637,250,407,171,11,1620,173,482,480
661,1567,1620,1004,1594,275,511,55,901,301,304
662,1567,1637,49,1620,126,271,55,250,11,171
663,510,1567,511,49,407,473,133,518,482,177
664,1620,1567,168,1006,1594,1136,965,1677,284,63
665,473,1567,1620,511,1511,1004,653,113,1523,1557
666,284,271,305,1637,482,250,317,99,901,339
667,301,1620,11,1485,250,1136,486,710,317,10
668,510,99,123,11,407,49,1637,426,177,1285
669,965,920,1620,1567,477,1637,1188,173,393,132
670,245,1637,1564,250,99,1620,962,123,710,174
671,1567,1620,1491,1136,267,268,513,887,317,326
672,1620,1637,317,63,1567,301,126,356,1485,482
673,47,1567,1620,21,965,95,168,63,312,55
674,407,177,602,13,268,1627,212,482,136,60
675,173,189,483,1620,515,1637,49,962,11,63
676,1620,920,965,1567,1064,172,393,1679,430,326
677,1620,1567,710,113,1637,128,483,222,168,11
678,1567,250,1620,1491,55,88,271,99,345,510
679,49,1620,407,317,1637,1567,11,250,271,168
680,495,1637,530,250,21,482,1620,317,749,735
681,63,213,431,511,1567,1637,49,41,918,1620
682,511,407,1637,1620,518,473,1567,640,178,168
683,1620,317,312,486,710,407,1485,189,965,63
684,1620,511,965,1567,1152,1637,1618,407,1004,518
685,11,1620,1567,1637,511,177,602,518,250,126
686,1567,1620,312,317,113,514,1485,356,1594,710
687,1620,312,1485,1637,1567,317,965,63,495,1594
688,49,180,171,1620,1567,312,173,710,221,168
689,63,271,285,1620,315,10,332,317,1637,314
690,1620,1567,317,514,268,602,1485,965,189,177
691,285,271,1620,317,250,1567,1491,315,514,314
692,1564,1637,1620,245,267,284,250,324,314,237
693,1567,1620,317,1637,63,55,49,168,1677,271
694,1567,205,1136,58,268,1239,59,252,1620,1511
695,99,191,1620,1567,97,271,126,511,315,179
696,168,407,188,136,49,165,250,284,515,113
697,172,189,49,55,1239,612,171,168,1006,90
698,1620,511,1004,1567,1152,113,245,407,1136,360
699,49,1620,11,172,1637,173,171,63,271,965
700,407,317,212,1620,1637,315,482,271,602,250
701,113,168,189,407,257,312,693,1620,486,710
702,1620,1567,1637,49,173,171,63,126,317,965
703,480,1637,1567,1511,126,184,1620,177,524,196
704,1620,1485,887,312,168,965,690,747,165,407
705,312,1620,1485,965,21,49,165,317,168,710
706,136,164,261,212,284,922,169,1627,835,241
707,965,173,685,172,49,168,47,1567,21,180
708,1567,271,1637,315,332,126,1620,613,285,317
709,1620,1567,1637,480,1594,482,284,1511,177,487
710,212,482,1152,284,922,177,477,407,169,480
711,1620,312,899,965,1152,887,710,393,689,690
712,49,1637,1567,250,510,482,1620,171,133,1491
713,49,1620,710,11,1491,1679,95,360,1567,1485
714,1620,312,1567,514,317,268,63,356,1485,315
715,317,482,1567,356,274,312,275,63,268,514
716,113,312,1567,168,165,314,99,212,1620,271
717,312,1620,299,710,887,271,257,317,965,82
718,47,220,1567,965,1618,1072,197,1620,899,44
719,1567,1620,196,1511,511,524,317,301,1637,473
720,1620,1637,1485,407,1567,168,710,312,49,250
721,1620,1567,301,317,63,356,11,1637,177,514
722,1620,271,515,1567,63,168,314,11,317,710
723,312,49,257,171,180,271,315,1567,317,173
724,1620,1567,271,250,1491,360,314,317,304,1293
725,1472,495,407,1620,603,317,212,1285,484,965
726,113,1567,47,312,168,1620,11,49,710,172
727,1567,1620,49,11,250,271,113,1491,1637,965
728,1567,1620,55,965,63,356,1491,515,97,301
729,1620,317,1637,1567,63,511,315,602,301,526
730,602,58,511,895,581,530,301,63,317,488
731,1620,1567,1637,524,317,196,477,965,426,63
732,356,426,301,602,317,646,177,196,126,1627
733,285,317,1620,581,1159,196,212,99,1558,1564
734,271,317,315,99,63,1567,314,1620,1637,11
735,473,407,511,136,1620,241,1523,261,168,1239
736,339,511,208,315,473,356,1567,314,261,474
737,1620,49,407,1637,168,173,189,172,965,1567
738,257,299,125,113,1567,1373,603,965,168,944
739,1620,317,63,271,1567,301,312,315,356,514
740,495,1567,250,480,1637,125,1620,482,99,126
741,317,271,315,314,212,99,514,1567,356,1620
742,1620,887,1567,317,113,250,301,360,1491,1448
743,1620,317,1567,99,356,301,271,63,191,97
744,511,1620,515,189,639,689,156,82,172,473
745,49,172,1620,965,312,1567,315,271,710,173
746,1567,133,1620,1637,480,1511,126,181,184,317
747,168,1567,1620,1637,250,11,49,113,407,1491
748,1620,1637,1485,965,49,11,1567,177,173,602
749,1620,317,1567,271,301,1485,312,965,1136,63
750,1567,168,49,965,193,171,497,920,172,315
751,1620,965,1239,380,920,1567,241,159,1618,1136
752,268,965,177,484,602,1152,142,317,477,193
753,312,1620,1567,317,1485,63,49,710,271,1594
754,1620,299,887,710,312,271,7,317,965,1121
755,1620,1567,268,197,47,965,480,267,113,605
756,1620,1567,11,1637,49,113,710,250,317,1491
757,407,1620,189,614,9,164,317,172,473,1285
758,1620,312,710,965,1485,173,21,486,63,1567
759,1620,762,128,50,965,1679,958,189,254,393
760,1620,299,965,271,515,317,1485,21,189,68
761,514,301,317,189,312,1620,356,63,792,168
762,812,250,11,177,1620,480,113,518,1567,510
763,1620,1637,1567,317,965,1485,63,393,301,514
764,511,268,1567,284,196,356,60,473,339,1511
765,1567,284,113,1620,250,168,133,407,482,1677
766,1567,1620,1637,133,510,482,250,113,480,49
767,1620,317,1567,514,189,600,486,97,510,656
768,1567,1620,312,47,965,1637,1618,1594,177,656
769,1620,1567,317,63,271,315,1637,965,250,482
770,346,1152,835,324,318,326,1239,690,1136,360
771,1620,1485,1567,965,11,250,1637,312,315,317
772,511,407,704,473,477,1366,133,168,136,918
773,431,524,480,1141,1637,920,518,49,511,477
774,1567,250,11,271,339,315,1637,314,1620,126
775,250,284,1637,1567,407,165,1620,133,168,113
776,189,1620,168,1004,47,835,318,113,1523,1193
777,1620,1567,301,345,202,182,155,113,204,1004
778,1620,168,63,965,173,1637,172,312,1485,49
779,1567,49,171,1637,497,965,180,481,193,68
780,510,49,1637,518,1567,126,173,11,407,511
781,63,965,86,1567,1620,515,393,464,747,353
782,1567,1620,49,1637,11,1491,126,250,271,171
783,1620,1567,1637,1485,312,317,49,1594,250,710
784,1620,317,49,172,271,11,1567,63,1485,514
785,1620,1567,514,1637,312,317,1485,602,97,177
786,1620,312,887,168,165,212,710,1567,315,314
787,1567,1620,317,514,603,164,250,495,965,527
788,55,1567,49,1620,1637,11,171,88,250,1594
789,10,1620,271,1567,11,99,1121,314,710,1564
790,1567,1637,250,49,1620,1491,132,171,180,965
791,407,168,189,1637,1620,511,515,173,473,483
792,1620,1637,63,49,271,250,1567,55,11,317
793,1620,1567,407,480,113,473,250,511,482,1637
794,1620,407,113,168,473,250,511,11,1523,1679
795,1620,1485,1637,965,173,710,312,21,63,393
796,1620,49,1637,173,171,407,710,486,1567,143
797,1679,188,965,430,168,1620,603,407,495,250
798,317,514,312,1620,1567,271,356,113,99,315
799,1620,1567,1637,168,250,407,965,11,113,317
800,1620,1567,49,965,1485,271,312,63,710,317
801,1620,1637,49,194,173,180,1485,171,710,95
802,261,113,1136,1567,212,284,267,314,1239,473
803,1620,407,1637,1485,250,168,429,11,113,710
804,1620,301,10,1004,285,513,360,319,557,486
805,1567,49,480,177,1620,965,168,268,482,1637
806,1620,1567,1637,965,49,920,346,250,132,360
807,1567,356,1620,312,514,317,113,271,168,11
808,271,11,1620,250,49,1637,301,63,314,1491
809,1620,1567,1637,315,1491,1485,250,965,49,11
810,1620,1485,250,1567,317,360,965,710,1491,1121
811,1620,312,1485,49,1567,317,168,710,171,965
812,1620,312,710,297,95,1567,1637,301,49,168
813,1620,1567,710,11,113,1491,301,486,222,10
814,168,47,965,169,515,21,49,63,1567,284
815,1620,1637,49,1485,1567,965,312,710,180,171
816,1620,47,1567,126,1637,312,97,514,356,1485
817,49,126,271,1637,1567,356,63,317,171,11
818,1620,1567,250,11,113,222,1594,99,301,1536
819,1620,1567,1594,1637,317,222,297,304,898,312
820,495,482,1637,317,965,63,1620,131,497,602
821,1620,1567,113,710,1637,168,407,47,1677,1594
822,63,317,55,271,356,1567,168,284,164,482
823,1620,1567,1594,1637,1677,284,1136,1149,1152,1448
824,1620,1637,95,1567,250,299,1491,384,710,1348
825,1620,250,1637,11,1567,1491,49,710,1121,1485
826,1620,1567,1485,1637,317,49,965,63,11,514
827,518,511,1567,268,1064,524,918,514,126,602
828,1567,1620,356,1637,317,482,510,126,511,63
829,7,11,21,173,168,1620,47,965,250,271
830,1637,126,511,407,173,1620,63,315,97,522
831,1620,1637,965,1567,710,1485,63,1188,393,317
832,1267,1620,1021,113,480,1567,178,1004,22,518
833,1567,1637,1620,63,271,49,1594,11,356,126
834,511,1620,212,581,944,477,284,482,168,407
835,510,49,88,473,515,407,512,250,198,11
836,312,47,407,212,305,168,314,1062,1152,315
837,317,1620,1567,514,172,268,271,1677,315,63
838,1620,285,1637,317,250,302,1485,305,1121,486
839,1620,317,407,1511,301,1567,189,1004,1557,1448
840,1620,1567,360,1491,326,1293,1136,317,887,250
841,1567,1620,1637,1594,250,1511,513,480,126,133
842,1620,189,1004,128,483,407,515,1523,88,9
843,1567,1620,1637,965,920,315,49,268,480,11
844,1620,1567,965,393,1491,1485,317,1471,1188,1511
845,1620,317,1677,495,603,514,285,1637,250,164
846,257,267,113,312,1567,1620,168,1136,899,314
847,168,318,189,113,407,1006,172,47,257,261
848,1620,1637,1485,1567,317,63,312,965,11,271
849,965,1620,168,1485,173,407,172,312,189,1373
850,1620,250,1637,11,1567,126,49,710,99,407
851,1620,1637,407,965,511,518,1485,173,172,168
852,1620,1567,143,486,710,1637,95,78,312,97
853,1620,1567,317,1004,1677,514,356,55,319,473
854,511,168,407,47,1620,1523,113,518,488,473
855,1620,312,63,11,47,1637,21,317,315,271
856,317,261,514,212,257,113,271,312,356,407
857,1567,317,356,275,301,1594,1620,1637,63,662
858,1620,360,965,1567,887,250,898,1121,1136,306
859,212,168,113,284,47,1620,1567,407,1448,1557
860,1152,360,268,431,1567,250,920,477,325,1620
861,1620,1567,250,1491,11,360,1485,965,271,317
862,249,314,245,271,360,1620,315,762,10,1679
863,1620,271,250,1567,317,312,710,11,49,1485
864,407,1239,168,261,170,113,167,47,314,164
865,212,1152,284,407,477,1557,1448,1679,835,245
866,407,1620,301,429,511,1637,1004,11,168,486
867,301,1004,275,189,345,92,510,59,407,515
868,49,171,180,301,11,510,174,1620,407,202
869,1620,317,189,1004,1677,191,407,514,511,63
870,1620,1567,49,1485,1637,171,189,168,95,710
871,1620,312,299,965,1567,317,271,710,63,21
872,49,1620,1637,173,21,63,965,11,710,1567
873,1620,1567,1637,317,407,1511,602,301,511,126
874,1567,1620,1004,511,113,480,99,55,1511,22
875,317,1620,1567,1637,514,407,356,271,126,482
876,965,477,1620,168,63,511,1637,135,1567,482
877,1567,1637,133,509,662,482,1594,284,1571,886
878,1567,1620,965,312,1637,63,271,317,49,11
879,1637,1567,1620,126,662,250,1594,133,317,1491
880,1620,312,47,486,710,1567,1485,113,97,11
881,1637,1620,49,1567,1485,482,173,407,486,171
882,1620,1567,1594,1511,1637,1004,511,1448,58,744
883,1567,511,920,284,463,480,510,477,268,177
884,1620,312,1567,965,317,514,168,47,1485,63
885,312,1620,301,317,514,1485,297,1567,257,314
886,1620,189,270,2,128,360,50,515,346,530
887,1620,1637,1567,407,250,482,317,1485,602,177
888,1567,1620,49,1637,11,431,511,172,63,920
889,480,407,1637,1285,479,133,123,1511,250,184
890,1620,315,317,1567,212,965,1152,312,268,495
891,1620,1567,1637,11,113,250,407,97,99,510
892,1620,1567,1637,63,1485,965,49,317,126,710
893,1620,1567,511,1511,1637,473,656,179,1523,1448
894,1620,317,407,168,314,1567,49,271,113,212
895,172,918,268,193,49,514,965,204,315,704
896,1620,1637,1567,1485,1594,297,431,325,317,360
897,1620,511,63,1567,168,1004,172,1006,11,407
898,312,49,407,314,168,1485,165,317,11,315
899,49,171,407,11,173,710,510,271,168,317
900,1620,965,1485,1188,518,1285,1637,173,189,514
901,514,965,518,97,495,656,519,1620,177,602
902,511,1620,1567,55,1637,63,1677,407,317,126
903,1567,1620,965,920,899,1188,132,958,484,480
904,1620,1567,1637,49,11,1485,250,317,710,126
905,1567,1620,1637,11,317,1594,250,113,482,1491
906,1620,1567,1637,360,250,965,222,1121,1594,1348
907,1620,1637,1567,317,482,63,486,710,962,1448
908,407,1620,250,317,212,482,1567,113,1448,168
909,1620,189,486,600,514,47,1567,317,519,312
910,261,288,511,1567,515,704,257,58,60,168
911,317,268,482,514,212,495,274,426,1637,177
912,511,172,1637,1620,63,191,173,181,271,518
913,1637,1620,480,1567,920,1594,1511,965,126,184
914,250,1620,1637,1567,284,407,1677,212,133,1448
915,1567,511,1620,1004,473,317,113,1523,407,356
916,1620,312,1567,899,1594,710,297,317,47,1677
917,261,189,318,515,241,9,835,1239,1638,1004
918,1620,1567,317,287,271,63,1677,965,1637,898
919,1567,312,356,1620,317,275,1594,168,113,1677
920,49,965,180,431,1152,1620,1637,920,1062,171
921,49,317,1620,1485,965,250,407,180,1152,11
922,1620,1567,1637,1594,55,63,126,250,1677,482
923,1620,511,1637,477,407,63,524,656,317,602
924,1620,1637,710,1567,1485,486,222,312,1594,63
925,271,1567,317,1620,315,1637,356,314,63,11
926,1620,49,180,965,1121,1485,11,171,936,710
927,1620,1637,1567,1448,1511,250,407,1152,360,1594
928,126,1637,407,660,250,510,1620,97,1567,356
929,212,112,944,164,7,1567,47,8,1472,168
930,1567,1620,271,317,285,1637,250,356,315,495
931,1567,407,1511,473,1557,1620,602,510,1448,1285
932,1637,126,179,511,1620,285,191,196,97,241
933,1620,245,1121,222,250,1448,1567,1637,1594,962
934,1620,965,495,312,21,1485,317,315,1637,305
935,1620,511,1004,58,301,189,602,317,407,656
936,486,189,168,483,1620,407,482,510,113,693
937,1567,1620,431,1637,268,181,186,518,22,503
938,1620,312,47,1567,63,965,1485,710,11,317
939,1567,312,1620,113,356,710,514,97,317,1594
940,1620,1637,317,63,11,271,49,407,1567,1485
941,1567,1620,965,1637,132,920,482,317,480,63
942,332,1567,143,312,339,10,315,271,126,287
