0,301,407,99,168,49,1141,282,473,47,462
1,126,317,312,343,301,356,186,196,49,47
2,317,288,100,132,198,482,356,319,204,312
3,168,113,49,1250,222,1136,133,482,47,85
4,918,178,342,168,49,314,113,6,170,171
5,473,602,407,512,317,196,482,118,653,426
6,346,288,886,172,143,132,901,317,312,189
7,49,301,126,171,63,168,173,312,407,97
8,126,168,186,55,407,267,113,11,317,312
9,317,168,482,602,63,126,190,97,479,656
10,274,317,269,282,407,312,168,267,492,131
11,271,407,168,63,514,317,315,314,11,1250
12,1141,301,249,1008,1448,457,478,282,291,433
13,168,326,865,113,520,407,85,1250,747,108
14,125,282,257,271,222,581,268,343,49,886
15,184,126,186,479,602,173,63,135,312,407
16,168,49,11,407,113,171,133,482,126,284
17,407,284,168,274,317,268,126,123,514,356
18,168,482,113,602,1250,653,658,82,7,177
19,968,312,274,484,407,21,168,299,7,495
20,178,191,511,208,186,602,126,1011,185,22
21,172,213,312,189,968,602,167,433,135,49
22,168,407,473,113,512,646,656,482,118,433
23,271,63,11,314,49,407,168,315,514,97
24,168,315,314,113,11,63,49,407,173,514
25,317,126,312,63,49,356,271,173,97,171
26,168,11,63,407,271,315,314,514,99,113
27,268,49,18,356,168,173,171,188,113,514
28,168,11,63,317,222,113,407,1250,97,514
29,317,271,63,426,407,514,1250,356,168,8
30,189,524,346,482,653,172,135,602,167,483
31,11,168,63,514,49,97,113,314,407,188
32,49,312,171,173,63,180,182,97,168,315
33,267,310,245,662,149,249,1136,302,304,126
34,49,171,168,198,173,180,312,63,317,482
35,291,662,965,317,179,97,1250,68,581,1064
36,317,168,312,1038,519,63,479,126,514,11
37,511,252,134,151,653,968,1018,434,194,524
38,49,180,171,168,47,173,482,198,227,113
39,168,222,7,662,812,965,113,11,587,968
40,168,11,407,113,222,250,512,49,63,123
41,173,407,21,312,168,143,0,209,317,172
42,317,168,63,514,7,271,11,407,1250,97
43,326,177,172,63,49,602,332,524,168,11
44,168,314,315,113,407,49,11,482,63,171
45,314,315,317,249,177,1481,97,63,18,302
46,241,1136,356,510,113,133,473,250,168,646
47,407,49,512,88,186,510,478,602,482,168
48,511,178,1297,473,241,59,118,22,653,482
49,314,474,918,247,250,270,52,113,155,178
50,49,312,171,173,180,63,172,194,301,95
51,317,49,168,886,63,510,482,356,426,407
52,63,271,312,315,168,11,317,514,407,314
53,314,315,63,168,520,149,49,271,125,11
54,312,317,356,173,49,198,514,171,126,63
55,312,49,63,171,356,268,173,317,180,479
56,312,168,407,49,171,63,11,267,173,514
57,250,168,85,11,9,113,407,284,174,150
58,474,49,339,55,886,345,356,97,126,1136
59,168,317,113,314,482,462,886,301,407,315
60,312,173,21,143,317,301,95,49,63,55
61,172,301,433,222,213,49,11,134,653,168
62,1136,222,11,250,168,662,133,59,49,113
63,168,49,407,113,482,173,11,171,172,656
64,317,312,271,49,63,282,407,274,1250,171
65,312,173,49,171,172,21,209,317,150,180
66,149,315,49,301,63,314,168,312,317,180
67,11,168,268,407,314,918,113,85,63,284
68,126,356,312,49,268,474,55,339,284,317
69,168,49,11,63,602,173,317,407,482,656
70,314,315,1250,168,407,113,177,514,169,13
71,315,317,514,63,1250,186,314,168,126,271
72,126,473,1141,49,512,482,660,133,602,510
73,49,315,173,314,63,312,171,317,271,356
74,287,271,11,177,63,134,179,213,58,8
75,126,301,1141,186,99,407,55,356,510,473
76,918,168,407,514,113,314,11,178,482,512
77,317,343,495,271,450,49,222,426,7,510
78,301,662,646,92,653,473,512,222,184,407
79,11,168,63,407,126,271,222,662,113,317
80,312,314,317,315,63,514,126,356,97,271
81,11,63,602,168,186,126,204,482,407,271
82,965,495,602,173,587,317,63,21,7,480
83,317,63,602,271,495,426,407,482,168,97
84,168,407,482,317,198,478,189,133,510,483
85,58,92,1297,886,1136,895,581,304,923,1448
86,317,173,315,63,482,602,198,483,49,965
87,314,315,662,1250,1190,168,63,520,317,133
88,63,271,317,135,168,301,58,99,315,1250
89,407,168,482,602,514,113,1250,473,603,483
90,97,356,68,173,317,689,49,63,177,479
91,168,356,63,317,126,55,11,314,113,97
92,168,407,267,172,477,113,245,189,11,303
93,168,407,482,284,113,133,126,59,653,602
94,271,63,407,11,168,315,602,514,317,173
95,291,301,510,47,99,356,168,343,899,126
96,301,899,99,300,252,55,47,113,168,520
97,317,271,13,250,407,168,125,305,241,8
98,194,143,99,356,55,184,95,173,63,479
99,173,315,407,171,49,268,63,312,168,78
100,49,317,63,271,173,171,312,180,495,97
101,168,314,49,63,315,1250,169,482,602,173
102,11,250,168,63,514,407,317,271,356,113
103,49,171,180,268,173,126,343,312,356,510
104,49,222,1136,168,301,257,250,11,171,63
105,317,271,63,602,177,426,482,356,97,1250
106,179,99,126,356,268,662,11,520,92,1250
107,168,250,407,8,177,1250,317,482,13,241
108,173,300,171,49,95,275,257,343,180,227
109,317,314,315,514,63,312,1250,285,271,495
110,49,171,180,168,314,18,407,113,11,63
111,317,312,271,315,68,63,314,97,886,281
112,63,297,1250,1064,514,662,271,188,305,651
113,407,301,473,312,168,49,646,512,257,514
114,178,918,168,113,407,155,314,174,512,315
115,186,126,55,191,181,173,97,267,11,175
116,126,315,63,11,186,314,301,168,97,55
117,11,126,63,49,168,177,301,407,149,167
118,886,222,317,125,168,301,115,49,1136,250
119,168,271,317,63,407,1250,356,268,99,514
120,204,49,250,317,482,407,132,510,168,526
121,275,136,113,284,168,55,59,47,346,513
122,542,653,130,1297,13,482,126,196,191,473
123,249,182,176,113,482,1064,184,126,155,479
124,312,172,49,173,171,180,317,198,132,189
125,482,602,184,483,484,524,1297,168,656,186
126,315,314,116,173,95,332,120,194,81,185
127,271,297,63,11,332,314,287,189,250,8
128,317,126,271,407,356,49,301,426,63,510
129,1064,317,343,312,63,271,287,184,177,356
130,49,271,63,126,11,356,171,97,317,222
131,113,168,653,55,482,22,1250,118,133,602
132,268,168,407,1250,257,99,271,63,514,11
133,180,49,173,171,312,63,21,168,78,317
134,168,407,11,113,656,602,222,63,514,1250
135,168,1250,407,113,602,514,63,426,314,512
136,173,186,49,171,194,95,180,182,176,21
137,63,168,602,173,312,126,407,482,315,317
138,314,315,63,1250,126,271,317,97,520,179
139,317,63,126,426,271,356,1250,315,407,312
140,325,314,689,317,430,315,142,514,745,277
141,49,171,126,180,63,510,133,168,11,271
142,312,63,185,173,143,172,95,315,194,602
143,317,168,312,49,407,47,173,482,55,356
144,47,186,126,197,479,356,315,1153,171,176
145,317,97,68,291,356,426,495,49,1292,1481
146,317,271,886,125,168,63,250,426,8,13
147,257,49,918,168,250,172,136,173,658,113
148,126,49,356,171,317,284,510,184,312,267
149,317,312,314,204,519,356,63,514,126,315
150,407,168,473,514,113,356,317,11,271,284
151,317,315,168,63,407,484,1250,21,514,603
152,268,1064,99,188,1250,55,651,514,530,314
153,126,186,11,407,191,1141,168,602,63,22
154,317,1250,356,168,426,514,97,126,482,63
155,126,513,482,186,196,407,602,184,133,22
156,315,407,168,514,55,113,186,312,1038,317
157,317,482,473,189,602,168,512,407,656,88
158,173,81,171,63,49,186,126,203,271,180
159,55,126,186,474,155,181,317,179,301,356
160,314,315,514,285,63,271,332,317,1250,1315
161,63,317,168,315,314,11,514,312,97,49
162,312,317,271,63,49,407,173,168,514,356
163,271,63,315,125,299,68,317,49,222,291
164,407,168,49,482,171,602,63,180,177,173
165,312,21,741,173,95,143,168,172,567,301
166,581,189,812,9,653,886,55,420,11,514
167,173,312,21,78,209,143,171,203,317,567
168,222,168,317,49,407,63,271,11,312,662
169,249,63,662,315,126,602,186,1250,11,97
170,49,171,168,63,407,510,180,173,482,317
171,407,168,49,113,478,47,173,317,510,482
172,314,315,168,63,514,317,113,11,407,18
173,314,315,1250,581,211,706,662,310,113,291
174,271,312,49,495,317,63,171,173,97,68
175,301,55,99,179,653,126,291,356,473,92
176,126,11,168,63,407,49,55,186,177,602
177,312,49,173,317,171,180,21,63,495,168
178,314,11,315,287,271,63,297,332,41,149
179,291,314,886,92,345,179,923,1481,1448,1136
180,173,450,271,24,300,257,143,95,68,734
181,49,172,11,168,222,63,250,171,271,173
182,812,168,113,82,587,169,514,1250,55,482
183,482,317,1250,133,168,356,241,426,177,922
184,317,343,407,1250,168,426,284,126,196,356
185,186,317,312,126,315,96,285,68,240,527
186,49,482,177,168,606,407,274,602,63,477
187,168,63,514,317,315,314,271,1250,188,407
188,482,356,317,113,168,241,922,483,1250,47
189,11,63,168,49,173,171,82,312,222,297
190,317,168,49,407,63,113,250,55,356,11
191,250,168,99,407,473,284,317,113,55,189
192,343,317,196,1250,935,426,487,356,184,268
193,126,63,186,204,11,312,317,135,522,602
194,49,317,63,271,312,126,97,171,356,11
195,168,63,11,126,55,97,271,222,343,169
196,173,49,171,510,68,317,186,143,483,21
197,49,482,171,407,312,602,198,177,356,473
198,407,49,312,241,168,268,356,274,482,284
199,49,63,173,171,177,602,965,482,606,495
200,191,126,55,181,503,186,275,184,22,692
201,113,168,314,55,99,315,462,118,178,268
202,172,49,63,312,135,168,189,171,11,167
203,343,126,268,196,275,356,58,191,513,179
204,168,317,315,63,1250,407,177,271,8,314
205,49,287,271,171,82,173,97,11,10,312
206,317,177,602,606,482,135,1250,63,198,505
207,317,495,482,602,527,704,483,132,603,965
208,168,49,510,901,204,113,9,407,7,250
209,168,317,126,63,407,482,312,602,49,1250
210,186,370,482,501,484,198,315,483,481,317
211,168,407,317,49,312,47,113,171,173,844
212,312,184,301,177,198,49,482,126,63,606
213,178,168,177,1250,99,602,113,314,315,356
214,168,407,49,172,198,482,312,171,512,113
215,126,312,63,301,55,11,271,155,474,186
216,252,520,1153,113,168,747,99,301,300,55
217,126,407,11,514,656,602,482,168,63,97
218,581,291,126,356,7,284,179,97,879,99
219,317,271,63,312,49,250,11,315,168,314
220,314,315,155,126,186,113,519,88,168,182
221,314,315,55,173,514,95,63,11,271,49
222,312,325,173,185,171,525,63,198,486,1038
223,312,317,173,21,78,484,209,143,142,203
224,126,186,49,510,168,97,407,479,63,482
225,49,168,250,407,171,312,317,180,113,247
226,317,55,356,474,99,473,113,581,482,168
227,271,317,268,356,63,305,126,426,285,312
228,241,305,317,1250,302,923,268,922,651,343
229,256,662,271,1250,63,407,317,305,285,168
230,314,315,317,68,965,168,97,63,1250,514
231,168,407,113,136,478,301,282,1448,462,512
232,343,317,177,275,1250,169,1159,482,318,356
233,487,510,483,482,478,1250,177,317,481,133
234,284,55,136,250,241,482,1136,346,317,47
235,317,689,923,302,343,356,18,305,97,426
236,168,407,113,512,482,473,602,514,478,317
237,314,315,63,11,271,662,168,97,407,514
238,918,18,113,257,188,431,268,345,82,314
239,49,271,250,356,11,99,63,55,474,168
240,317,97,63,312,11,271,222,514,55,126
241,222,168,125,250,11,113,407,662,49,115
242,168,407,113,123,55,11,284,99,315,653
243,318,8,13,49,606,482,177,241,302,133
244,662,168,222,331,1250,965,11,125,63,7
245,271,126,63,11,287,135,8,49,302,149
246,168,482,49,317,477,407,656,1250,113,173
247,11,297,63,314,10,55,287,245,126,155
248,514,482,168,317,602,113,407,314,126,63
249,177,602,58,8,1448,491,511,317,482,606
250,126,186,317,312,49,63,135,301,171,479
251,126,168,63,11,407,284,356,271,55,317
252,317,132,312,168,482,49,198,407,497,514
253,173,317,749,21,49,68,312,407,495,510
254,171,49,312,180,173,55,126,343,402,47
255,326,968,168,965,189,222,602,496,58,1250
256,126,186,301,315,520,1141,22,63,133,513
257,312,407,168,63,317,245,126,267,198,303
258,317,126,356,168,63,602,407,479,184,177
259,249,182,198,317,482,49,1481,184,312,525
260,317,184,135,63,479,356,301,21,196,99
261,317,886,314,1159,1250,13,177,8,132,482
262,407,473,168,512,317,189,602,208,164,49
263,49,171,172,180,168,11,150,173,660,222
264,297,968,63,514,11,254,168,116,271,315
265,407,284,168,250,514,317,312,356,274,473
266,126,168,482,602,63,177,479,407,11,133
267,126,11,186,191,168,482,22,55,63,602
268,268,261,241,651,513,922,85,1020,284,126
269,168,189,58,250,9,317,222,886,63,85
270,49,482,317,356,171,173,198,126,407,602
271,126,11,479,168,602,63,186,99,179,356
272,168,250,317,49,1481,482,18,113,1250,407
273,49,168,171,407,271,63,312,11,317,222
274,49,173,171,168,63,312,180,317,172,198
275,11,49,126,168,63,172,171,173,55,407
276,55,168,317,113,222,97,514,63,11,1250
277,63,168,407,11,317,1038,602,312,482,135
278,326,346,325,674,178,918,462,431,342,921
279,1159,314,318,1250,168,481,482,59,275,483
280,312,317,271,149,125,63,886,49,302,303
281,49,168,180,171,149,301,222,108,407,47
282,168,49,47,173,346,113,482,171,198,172
283,168,113,1250,407,315,317,55,63,99,314
284,49,126,171,312,55,63,173,11,149,180
285,205,9,487,204,483,524,326,177,603,480
286,49,173,171,95,168,312,11,315,88,194
287,314,315,68,126,271,356,317,474,63,179
288,312,172,95,185,63,315,173,143,194,11
289,63,49,271,168,407,11,173,312,82,171
290,312,317,168,407,482,198,126,1038,514,47
291,126,168,55,482,602,11,97,186,63,317
292,126,191,473,602,356,63,179,271,186,134
293,49,312,63,317,171,11,173,271,168,356
294,168,1250,513,317,662,407,125,222,487,113
295,581,356,169,268,482,749,97,602,317,407
296,407,168,284,250,222,514,113,267,11,317
297,63,602,317,482,177,168,483,271,49,478
298,168,407,250,11,482,133,172,49,59,113
299,55,168,113,267,85,284,343,301,300,245
300,312,49,173,171,317,180,525,479,430,1038
301,194,55,88,95,301,99,1481,314,886,118
302,126,49,191,186,171,312,204,317,356,97
303,312,63,49,173,317,602,171,407,198,11
304,407,18,514,168,356,250,113,317,99,310
305,314,1250,168,407,113,922,315,85,356,317
306,407,168,49,482,171,708,918,198,478,47
307,168,113,55,482,167,653,11,812,1297,602
308,49,309,168,844,180,171,113,173,312,267
309,482,267,407,198,285,168,136,133,126,656
310,49,314,173,315,68,317,97,171,169,519
311,482,317,1064,602,177,1297,706,923,97,965
312,317,1481,512,473,189,602,184,135,88,56
313,256,78,343,218,312,1250,274,750,236,268
314,407,301,168,8,473,126,99,58,118,284
315,1250,407,310,311,115,168,922,85,514,13
316,314,63,315,11,49,126,271,332,168,97
317,1250,142,317,188,514,602,1064,603,315,343
318,317,63,312,168,407,49,11,514,271,97
319,315,314,63,312,317,519,185,95,186,514
320,482,178,317,602,483,177,922,356,184,1250
321,301,99,511,168,118,8,473,55,58,407
322,126,97,11,191,49,63,656,173,602,482
323,168,113,315,314,63,514,85,317,11,55
324,473,512,478,407,118,646,1481,482,462,208
325,326,325,689,430,431,18,901,100,288,49
326,482,656,1297,184,126,1136,250,317,241,133
327,317,407,312,168,49,285,63,514,749,315
328,314,315,317,63,407,126,356,168,49,271
329,168,222,407,317,63,1250,113,11,662,274
330,301,149,125,49,312,222,269,126,97,886
331,312,63,173,97,49,184,171,126,168,479
332,168,315,407,314,63,477,49,482,312,317
333,168,11,113,512,222,653,602,662,407,482
334,301,63,194,184,99,271,58,317,143,135
335,285,126,312,186,267,11,63,407,297,245
336,11,82,7,602,63,168,587,97,656,173
337,301,1448,125,407,512,168,510,646,133,478
338,482,133,168,113,250,314,317,653,602,177
339,968,63,11,168,189,495,7,407,271,662
340,222,330,1136,317,97,706,49,128,267,250
341,150,9,284,58,484,8,189,46,59,168
342,49,510,168,171,482,133,113,407,478,47
343,602,168,11,126,473,177,407,63,99,653
344,317,356,407,168,99,284,514,63,55,250
345,68,317,314,315,63,271,97,688,291,49
346,126,186,312,301,750,343,143,184,181,233
347,317,63,49,168,312,965,222,315,886,271
348,314,315,186,179,55,126,653,178,474,483
349,602,473,510,356,482,126,204,168,317,186
350,314,315,317,1250,689,282,63,177,18,530
351,343,317,581,68,55,356,49,291,510,173
352,271,49,63,11,97,126,171,312,317,407
353,284,407,168,123,241,85,510,113,133,646
354,314,315,63,317,168,1250,177,482,407,49
355,49,312,63,271,171,180,317,314,315,332
356,63,271,317,312,168,11,514,315,407,314
357,318,136,630,1159,13,1250,1297,188,511,274
358,312,63,49,317,271,171,126,11,407,198
359,407,250,168,284,63,317,473,11,189,514
360,126,482,317,602,133,407,186,478,510,426
361,49,271,63,317,125,8,171,510,180,177
362,11,301,407,99,172,168,433,1153,174,473
363,317,126,97,312,356,63,196,343,184,271
364,55,97,474,222,11,1136,812,514,113,250
365,1064,606,482,651,181,920,155,1021,267,184
366,168,11,113,49,63,482,177,314,479,172
367,67,247,588,172,250,11,31,126,88,270
368,49,312,173,315,317,314,171,168,519,97
369,689,268,428,177,602,282,249,184,301,356
370,21,317,514,63,315,312,356,1250,173,519
371,1064,97,177,606,317,314,482,302,1250,602
372,63,168,407,113,49,1250,274,188,11,317
373,267,78,343,269,496,750,301,55,469,1062
374,49,312,171,173,317,180,63,495,68,172
375,168,407,1250,177,63,49,482,268,602,356
376,49,171,11,63,168,173,482,602,126,177
377,317,407,168,312,482,63,514,49,274,189
378,168,55,113,482,407,284,473,11,656,653
379,407,514,168,656,11,477,274,188,113,222
380,113,133,168,482,250,204,9,510,922,483
381,9,487,653,7,168,113,1250,662,11,174
382,184,602,1297,656,482,527,484,196,317,473
383,317,312,63,49,356,173,315,426,126,198
384,267,113,284,407,1153,85,645,653,646,153
385,168,407,63,113,315,11,514,1250,99,173
386,88,473,250,113,170,656,182,172,646,345
387,312,63,168,82,49,173,11,97,587,602
388,473,284,407,168,482,196,653,126,184,1297
389,407,168,274,63,312,301,271,189,1250,317
390,177,602,126,178,63,8,118,168,134,356
391,126,602,317,184,482,135,479,312,186,407
392,312,325,965,120,49,180,63,198,317,172
393,168,99,8,49,257,317,58,301,63,356
394,482,407,356,602,49,173,168,317,478,483
395,317,312,173,49,198,21,63,171,495,177
396,126,191,186,312,49,473,135,407,356,602
397,317,271,63,312,126,135,407,49,426,495
398,314,886,317,315,132,1159,168,965,1315,519
399,49,312,171,168,172,173,180,317,250,63
400,659,282,494,314,315,462,178,96,514,317
401,168,173,317,407,312,49,482,63,171,602
402,271,63,49,11,173,257,222,301,171,312
403,173,21,299,209,78,171,143,63,222,168
404,150,271,450,58,506,268,287,343,143,300
405,301,303,267,125,269,49,312,222,646,149
406,11,168,63,250,49,271,222,407,172,602
407,168,49,314,47,180,315,301,407,171,1250
408,407,314,126,177,512,315,63,168,268,11
409,312,63,514,407,1250,168,78,11,171,173
410,168,49,312,172,407,171,198,173,317,63
411,49,312,171,173,168,180,63,317,55,356
412,407,168,317,274,13,1250,482,477,285,113
413,49,271,63,11,97,171,222,126,301,312
414,63,314,168,315,49,11,271,177,407,126
415,312,317,495,63,271,97,49,886,492,301
416,317,312,49,63,204,198,172,482,495,189
417,271,287,11,63,49,250,222,312,297,172
418,317,407,135,271,426,356,63,49,312,189
419,177,426,168,1250,407,487,602,473,317,356
420,315,325,314,301,514,63,173,182,312,407
421,482,168,656,97,113,267,602,477,11,126
422,168,222,407,482,63,97,11,133,1136,49
423,325,314,315,514,462,745,60,342,430,41
424,55,345,474,49,301,194,11,134,178,155
425,126,196,186,317,602,513,135,407,426,482
426,168,317,49,0,431,482,180,407,256,326
427,49,171,180,63,301,173,271,317,356,479
428,317,49,356,63,312,407,271,168,171,426
429,407,305,284,356,126,317,184,268,656,222
430,168,63,407,11,1250,315,317,514,49,662
431,343,317,315,32,312,63,356,314,97,271
432,407,168,123,59,512,133,11,708,113,482
433,343,186,750,126,291,199,269,214,78,691
434,49,11,314,168,113,171,315,63,312,88
435,315,314,63,252,520,168,662,1250,886,11
436,268,274,257,282,8,431,407,658,49,284
437,257,271,495,63,317,1250,168,173,274,1062
438,168,49,482,47,171,222,407,317,1250,113
439,168,49,326,125,247,250,429,314,747,133
440,407,168,63,1250,602,49,113,479,482,514
441,126,55,11,179,345,155,194,63,301,182
442,49,312,173,317,171,204,63,514,271,180
443,173,356,317,63,49,271,97,312,68,21
444,126,356,186,317,191,177,343,196,426,179
445,301,99,291,356,173,317,581,184,118,196
446,194,88,134,49,1481,314,178,172,63,177
447,431,482,249,510,606,241,269,49,345,1448
448,511,314,179,474,1250,55,99,134,653,113
449,317,407,1250,168,312,514,63,426,356,602
450,95,171,49,180,11,173,172,227,168,194
451,689,249,18,269,305,49,180,749,1062,356
452,312,55,49,126,171,155,63,11,173,175
453,317,312,21,407,63,168,209,173,49,299
454,317,312,49,301,198,407,168,356,171,173
455,178,136,482,314,474,511,177,356,155,118
456,168,602,63,407,482,11,126,317,49,514
457,267,407,184,168,126,167,301,513,482,602
458,326,430,317,965,525,1250,1038,63,312,135
459,356,317,514,339,473,99,18,1481,184,407
460,168,8,407,274,178,918,118,316,511,482
461,317,312,271,63,343,495,514,68,21,923
462,99,268,257,301,55,356,284,407,222,581
463,168,602,407,63,317,1250,426,189,11,177
464,168,407,250,11,63,514,222,189,49,656
465,312,288,317,474,315,356,143,339,55,886
466,126,186,168,22,133,1141,653,191,482,513
467,317,49,312,171,126,356,135,173,510,482
468,168,407,482,1250,317,602,113,426,514,656
469,312,55,317,63,356,343,271,173,99,268
470,299,312,185,81,321,315,1015,203,1151,471
471,314,315,168,886,1136,318,113,1250,47,696
472,63,301,407,126,271,11,168,312,315,99
473,317,356,49,97,63,314,126,482,426,315
474,168,113,520,407,252,11,204,315,186,483
475,312,172,49,171,11,173,95,63,168,189
476,346,317,168,173,482,49,483,198,519,478
477,274,271,8,268,58,150,484,284,312,317
478,407,301,168,49,510,1153,171,222,113,173
479,407,482,168,473,512,478,602,317,113,118
480,168,407,113,708,301,11,512,222,49,515
481,168,63,317,407,271,11,1250,49,222,426
482,49,171,180,173,168,282,257,901,407,198
483,173,317,49,479,21,510,168,356,1250,171
484,317,301,356,49,184,126,426,222,97,241
485,222,172,473,49,11,134,257,433,250,189
486,184,301,126,186,602,496,479,176,63,469
487,49,312,317,173,63,172,171,965,180,168
488,180,49,171,173,227,194,257,229,63,81
489,249,133,126,182,1141,1136,49,167,482,88
490,99,407,55,301,168,113,514,11,222,356
491,356,317,271,63,426,126,407,99,305,473
492,312,325,317,274,184,63,407,198,49,495
493,97,11,63,55,173,271,10,514,312,356
494,186,126,481,520,479,63,256,177,1250,135
495,250,247,18,113,168,407,918,188,514,13
496,314,315,168,63,407,312,11,113,49,514
497,1250,653,168,487,602,113,511,1064,921,1448
498,407,168,113,317,115,247,514,285,310,250
499,314,252,315,155,113,88,474,653,168,520
500,168,301,126,113,63,11,482,149,133,479
501,430,314,315,325,312,270,1038,525,63,41
502,879,510,90,303,301,47,222,241,49,269
503,886,317,125,923,222,302,58,965,662,1250
504,142,317,312,495,430,968,514,271,132,63
505,173,11,602,152,168,143,82,186,172,63
506,317,168,63,198,312,519,135,965,128,482
507,407,473,482,510,512,241,317,168,602,478
508,49,312,171,268,63,172,180,173,301,11
509,312,49,172,171,173,222,317,63,21,299
510,49,222,317,250,168,11,171,247,204,519
511,314,11,168,63,97,315,317,113,126,179
512,312,173,315,63,317,168,21,49,95,519
513,168,63,11,514,407,271,312,317,172,188
514,49,63,172,11,271,312,149,301,171,180
515,168,407,317,18,113,49,356,426,222,510
516,301,222,433,172,88,653,886,125,901,1141
517,314,113,168,315,257,95,169,82,222,300
518,49,317,132,879,510,204,330,198,482,249
519,317,268,18,407,356,312,274,514,1250,49
520,168,11,63,407,188,312,314,113,514,315
521,602,473,356,168,482,177,11,134,512,126
522,168,1250,431,317,125,269,407,326,965,18
523,581,886,19,136,47,55,12,346,457,344
524,49,168,11,171,257,173,180,63,271,172
525,317,514,356,527,484,142,482,426,188,407
526,126,49,479,301,150,184,171,510,660,135
527,49,171,11,312,173,407,168,63,180,172
528,168,63,312,317,407,11,222,189,301,172
529,314,317,315,1250,63,168,514,271,177,188
530,267,18,407,514,168,113,245,115,285,317
531,312,317,173,21,63,49,184,171,495,143
532,407,317,271,63,49,173,282,315,422,171
533,342,312,314,95,315,430,519,288,346,168
534,168,658,482,921,222,431,602,1136,177,1250
535,271,49,63,168,11,171,173,1250,177,180
536,317,356,473,482,126,510,474,133,250,49
537,317,312,126,407,356,749,63,426,186,527
538,1250,168,407,282,125,513,487,1448,113,482
539,168,113,407,11,482,63,315,514,314,49
540,484,312,407,274,303,189,269,317,301,131
541,482,198,168,407,126,47,312,184,284,301
542,168,482,113,317,133,1250,602,407,222,11
543,301,126,63,11,1141,99,1153,179,49,407
544,63,168,49,315,11,271,407,180,171,1250
545,304,1136,886,300,921,270,222,301,328,895
546,49,317,312,63,171,271,68,173,126,315
547,168,95,182,88,172,524,656,113,1018,11
548,11,63,49,168,407,271,173,171,222,602
549,314,63,312,271,315,49,171,11,332,180
550,82,514,188,10,1064,97,324,656,602,587
551,168,317,1250,63,407,426,662,222,602,482
552,55,168,126,275,11,63,113,314,474,482
553,317,49,312,173,63,171,168,356,482,407
554,314,315,168,1250,113,47,482,169,920,256
555,482,317,356,126,241,198,49,177,510,479
556,317,527,514,189,407,168,206,656,482,7
557,168,113,317,407,49,55,356,99,47,222
558,312,317,285,186,126,198,204,240,63,67
559,222,126,133,97,11,168,1136,179,49,482
560,512,473,126,653,301,407,118,168,646,1141
561,271,287,968,213,495,63,297,135,58,142
562,317,63,514,168,1250,271,173,97,482,11
563,49,317,63,173,171,168,180,271,510,1250
564,113,168,222,55,49,11,250,407,1136,284
565,222,291,301,662,189,304,653,92,250,886
566,653,1297,895,524,511,167,812,189,174,184
567,510,356,18,345,49,581,482,19,97,1481
568,317,49,407,168,222,510,250,284,312,356
569,149,1136,267,168,250,301,133,113,245,241
570,168,407,49,482,113,11,602,1250,63,171
571,168,407,11,172,63,49,271,250,113,8
572,317,168,407,63,271,426,482,49,356,602
573,49,268,171,47,180,168,284,149,108,55
574,312,527,325,317,21,184,514,143,495,189
575,317,482,965,602,168,1250,478,49,483,198
576,168,407,513,245,285,198,303,315,317,267
577,312,173,49,95,171,143,194,63,204,68
578,82,168,11,188,477,514,656,142,63,1250
579,49,180,312,41,171,606,314,198,177,325
580,482,653,168,512,602,478,511,177,524,178
581,301,126,473,49,1141,510,653,99,55,356
582,126,168,407,133,482,49,301,284,11,250
583,173,171,49,172,95,312,55,168,11,143
584,196,186,1064,1250,602,126,481,315,184,317
585,315,314,281,886,68,312,343,537,519,116
586,63,287,312,271,297,58,11,135,126,1064
587,476,258,303,513,168,475,708,407,8,172
588,14,49,180,271,171,63,173,219,312,332
589,241,284,47,85,168,13,113,261,268,407
590,271,1250,168,317,63,426,407,8,314,177
591,312,126,63,271,49,8,317,11,172,474
592,314,315,514,11,271,63,332,168,88,317
593,168,407,317,63,1250,356,514,426,99,284
594,317,126,356,177,314,482,47,241,275,474
595,312,63,168,317,514,315,11,314,49,407
596,271,63,126,135,49,317,11,312,520,426
597,317,63,315,168,314,407,514,271,312,49
598,317,68,21,343,495,691,450,923,965,312
599,317,356,301,126,184,196,97,482,602,1448
600,18,482,241,431,136,918,47,113,646,168
601,126,63,312,317,135,97,271,479,602,186
602,125,18,49,689,317,407,168,257,180,250
603,168,47,407,49,268,171,256,274,177,178
604,285,261,126,317,302,305,241,513,245,47
605,346,482,434,314,177,1448,168,886,606,519
606,126,168,482,133,186,113,11,407,356,479
607,1064,324,314,514,188,315,745,50,325,1250
608,271,305,125,317,301,428,689,426,126,407
609,126,602,97,317,63,656,495,482,426,302
610,126,55,97,11,186,662,514,356,63,291
611,168,407,1250,317,125,18,222,514,305,271
612,49,168,11,63,482,172,407,602,222,271
613,168,113,407,1250,662,11,653,512,222,85
614,407,482,602,168,126,512,198,656,478,473
615,49,312,171,317,47,180,126,356,510,301
616,184,249,176,615,182,199,1064,633,524,92
617,49,126,186,482,171,317,173,97,602,495
618,291,199,301,49,173,171,81,186,1141,312
619,314,178,918,315,275,346,332,168,82,95
620,315,312,301,314,325,173,95,55,171,49
621,312,49,171,63,11,407,180,172,514,168
622,407,317,510,49,7,131,495,173,168,704
623,168,63,317,407,11,271,482,602,97,1250
624,168,49,11,482,113,314,63,407,97,602
625,268,407,274,284,168,271,317,241,356,305
626,314,249,177,315,478,1481,482,602,483,512
627,315,314,63,317,1250,97,149,177,271,356
628,317,63,271,168,495,173,434,11,189,55
629,168,11,63,297,968,188,271,514,189,82
630,315,314,168,49,63,317,173,55,11,113
631,312,49,407,189,317,172,63,168,173,171
632,173,21,317,312,143,78,63,168,95,495
633,317,312,63,49,149,315,886,168,55,356
634,407,168,113,1250,18,85,514,482,250,512
635,222,662,11,63,168,97,291,301,182,965
636,317,271,495,142,63,132,426,484,189,968
637,168,312,172,173,407,189,21,63,11,317
638,865,318,314,177,1008,49,302,249,1250,606
639,482,198,49,602,177,483,478,168,126,479
640,113,168,653,174,250,511,473,59,178,284
641,152,256,429,219,0,275,483,481,501,341
642,168,482,172,602,126,167,63,407,177,250
643,168,63,1250,315,602,407,256,965,78,21
644,126,407,602,512,482,168,473,177,63,133
645,312,317,63,314,97,315,514,198,177,602
646,317,346,168,886,63,49,301,315,173,519
647,325,172,685,198,173,346,524,227,312,482
648,186,315,168,126,63,479,113,1250,11,173
649,168,49,407,482,512,63,11,602,250,177
650,268,1250,168,8,177,407,63,271,317,426
651,312,317,63,315,271,49,173,21,68,407
652,11,63,315,407,314,271,173,168,514,49
653,407,168,173,602,189,63,473,172,21,514
654,513,186,126,922,481,1250,1038,317,135,168
655,126,317,135,250,8,177,319,196,179,133
656,271,314,63,315,356,317,1250,97,11,10
657,63,268,271,356,126,11,99,317,168,426
658,1250,662,487,168,7,222,479,481,126,602
659,168,407,326,49,177,482,250,602,63,172
660,173,49,168,171,407,482,510,7,602,317
661,301,99,55,284,149,126,474,520,31,168
662,126,63,97,602,186,479,11,177,173,10
663,168,49,482,407,126,133,11,602,63,478
664,886,317,168,63,49,301,198,312,172,482
665,314,482,514,315,602,126,177,1448,97,317
666,407,168,271,317,63,426,305,1250,123,602
667,168,312,63,126,301,11,407,172,267,275
668,126,285,49,407,63,317,510,271,11,133
669,483,173,482,49,186,152,481,171,501,168
670,332,314,315,275,49,886,299,213,195,172
671,314,168,318,188,918,113,275,8,250,136
672,317,177,356,68,271,63,97,312,495,426
673,314,315,514,63,168,11,285,407,188,113
674,126,184,339,356,241,196,261,268,473,99
675,7,168,222,965,173,407,477,49,495,587
676,10,186,314,67,1064,297,126,315,63,11
677,55,315,314,95,168,113,155,186,474,11
678,249,312,49,317,126,182,198,97,187,63
679,168,407,49,11,113,63,284,250,482,171
680,317,407,315,186,426,285,204,126,603,483
681,314,315,312,63,126,317,177,41,186,514
682,482,168,602,483,177,512,407,524,478,473
683,168,49,11,63,407,271,173,171,82,477
684,118,1297,1250,168,1448,113,301,473,99,462
685,58,168,602,63,135,150,11,126,189,271
686,312,63,168,97,49,11,317,514,222,173
687,49,317,63,312,177,168,326,198,180,482
688,49,180,11,271,63,171,257,168,407,222
689,186,291,191,126,143,173,68,179,97,181
690,315,314,317,126,186,178,312,63,407,168
691,49,180,171,317,125,312,149,301,241,47
692,268,1250,99,168,651,284,150,188,63,530
693,49,317,168,198,312,482,171,63,172,173
694,1064,268,275,651,920,1250,606,269,431,921
695,514,188,268,407,63,271,11,356,168,284
696,301,99,55,1141,126,407,49,284,47,171
697,271,11,63,297,968,49,477,82,312,222
698,662,222,301,113,168,1136,1448,653,1250,291
699,49,171,312,180,173,172,168,407,63,317
700,168,407,113,514,11,49,63,356,18,317
701,171,49,312,173,180,108,172,274,168,407
702,312,49,171,173,63,180,126,97,317,78
703,317,177,510,356,1481,179,487,426,482,92
704,865,315,168,537,281,219,741,314,116,32
705,317,168,222,18,49,1250,173,21,514,113
706,300,581,18,188,474,1159,257,473,886,288
707,285,245,267,317,330,97,309,312,477,249
708,312,68,317,126,315,63,97,356,149,314
709,482,126,168,186,602,133,22,481,483,113
710,168,317,407,113,13,284,222,1250,250,514
711,300,257,168,288,741,125,282,21,274,407
712,317,1250,315,356,168,426,63,482,177,173
713,194,49,95,11,173,314,171,180,315,63
714,312,63,126,186,317,49,171,173,172,198
715,285,317,407,49,477,168,274,312,212,482
716,343,317,1250,168,315,113,407,99,514,55
717,173,312,21,63,95,315,49,171,168,317
718,271,268,343,315,314,317,63,1250,356,169
719,317,63,18,125,407,301,168,250,514,1481
720,173,315,168,171,49,47,78,113,314,1250
721,49,168,63,222,317,271,11,407,312,97
722,168,407,49,11,172,171,63,512,113,180
723,968,172,82,11,189,477,168,142,587,656
724,168,1250,245,407,267,85,662,113,305,63
725,317,142,430,484,132,288,312,0,519,525
726,11,168,49,172,63,222,113,88,662,204
727,63,168,271,222,11,49,317,312,407,99
728,49,180,171,1190,315,1165,198,312,249,168
729,407,168,49,268,11,63,171,312,271,274
730,271,154,317,268,285,495,992,63,494,514
731,312,407,317,63,49,274,168,171,1250,656
732,55,284,268,113,99,514,407,168,1250,220
733,312,317,495,274,484,606,142,198,63,482
734,49,168,11,63,171,271,407,222,133,250
735,314,315,474,514,179,177,178,155,11,1250
736,407,126,178,473,168,512,511,118,186,514
737,49,173,172,171,168,407,11,312,510,180
738,315,317,865,252,314,288,356,173,1250,530
739,317,63,271,312,126,407,168,426,356,49
740,317,482,126,407,168,356,63,602,204,479
741,268,356,317,407,514,426,271,177,482,168
742,125,168,301,149,1136,222,113,250,407,11
743,407,168,284,113,55,126,514,267,99,11
744,271,134,58,291,252,11,433,662,63,306
745,312,173,49,171,172,180,95,204,519,143
746,317,126,241,150,356,343,510,284,133,482
747,168,11,407,63,315,314,514,172,113,49
748,317,63,271,49,495,173,177,135,602,965
749,49,312,317,63,171,180,356,271,11,168
750,49,274,168,171,477,173,82,257,482,318
751,150,92,126,479,487,184,135,660,179,520
752,484,317,142,407,274,482,704,168,164,495
753,168,63,315,271,11,173,407,49,314,1250
754,407,168,49,267,222,1250,245,305,63,312
755,514,188,168,285,250,407,11,314,312,656
756,63,168,11,49,602,177,173,314,482,315
757,168,11,113,482,133,177,49,602,63,204
758,173,168,49,95,315,63,171,21,209,11
759,1250,716,18,142,689,188,326,168,431,7
760,271,63,317,68,49,495,305,689,11,312
761,312,317,346,8,288,301,473,132,886,172
762,168,113,1250,11,407,602,482,268,188,662
763,317,602,63,177,1250,495,356,426,97,514
764,511,59,268,474,22,177,284,1250,314,168
765,317,168,301,407,886,510,222,512,1481,426
766,168,1250,113,407,602,482,512,487,479,7
767,301,271,63,407,11,312,168,222,126,49
768,168,314,315,257,1250,317,268,173,49,271
769,168,314,113,407,1250,514,315,602,177,188
770,142,168,274,150,477,431,326,658,735,708
771,168,317,514,113,49,88,173,63,407,315
772,513,407,606,1141,8,505,126,198,177,282
773,41,918,275,314,178,606,332,191,49,155
774,317,168,49,1481,63,356,204,510,482,177
775,186,346,204,481,483,168,252,487,520,429
776,314,462,315,257,188,514,168,627,113,1481
777,1141,126,186,184,181,182,191,312,167,176
778,168,173,11,63,514,407,49,82,95,171
779,312,317,49,171,173,132,198,422,180,288
780,49,1141,510,186,660,172,171,346,126,478
781,689,125,18,271,305,63,317,312,923,116
782,301,55,99,168,315,314,474,113,252,1481
783,49,301,312,63,171,180,173,97,177,257
784,49,173,171,63,168,11,407,271,356,312
785,317,602,482,495,527,97,656,514,356,426
786,312,317,21,168,407,257,173,49,125,299
787,317,407,49,285,312,198,168,315,132,63
788,126,315,63,301,314,317,97,356,186,55
789,97,712,267,11,188,168,63,514,651,245
790,312,271,63,49,407,317,173,168,171,180
791,186,126,204,198,312,49,482,172,171,63
792,312,126,171,49,186,317,63,356,479,173
793,168,407,482,473,113,602,653,99,512,126
794,168,250,49,482,407,177,172,133,11,113
795,662,7,168,965,173,63,11,407,602,486
796,49,171,173,180,227,11,312,168,172,477
797,326,325,303,312,172,168,407,198,965,429
798,49,11,271,250,63,222,168,97,317,407
799,168,63,11,222,97,1250,49,317,173,662
800,63,271,312,11,49,168,257,171,314,180
801,88,168,49,182,180,194,113,901,172,270
802,356,99,55,271,97,317,339,63,514,268
803,168,407,113,49,11,172,312,198,63,173
804,301,269,284,645,646,99,55,113,267,955
805,168,172,189,407,11,63,317,312,49,173
806,317,965,49,198,312,180,1151,495,482,171
807,49,317,510,250,356,63,407,222,171,88
808,315,314,63,271,11,520,514,168,1250,55
809,168,317,173,407,1250,21,49,63,514,482
810,312,63,11,222,168,271,49,171,514,97
811,11,168,116,63,95,173,297,21,222,312
812,312,184,126,343,97,356,181,317,762,173
813,49,177,173,168,171,97,1250,482,345,63
814,312,168,172,407,514,484,612,656,477,49
815,965,168,173,63,1250,315,49,314,21,11
816,126,184,63,168,602,479,11,186,1250,99
817,97,63,11,356,271,10,49,126,305,268
818,49,171,356,47,18,317,180,168,314,312
819,172,312,11,63,407,168,271,49,250,189
820,317,168,7,49,407,222,63,495,271,482
821,49,168,171,180,11,407,173,63,172,257
822,317,132,407,189,168,482,473,312,126,198
823,126,186,55,181,275,301,63,315,196,155
824,312,63,49,198,965,168,173,171,182,180
825,314,315,168,519,482,317,49,483,113,173
826,168,407,49,113,11,1250,63,284,85,268
827,1064,314,514,511,651,462,324,188,184,1250
828,126,168,407,482,284,602,11,356,63,55
829,317,495,18,49,1481,132,689,407,514,426
830,126,173,312,171,356,186,49,407,479,268
831,63,315,312,168,407,11,514,126,317,314
832,184,113,487,653,179,7,1153,191,645,473
833,63,11,49,314,97,171,173,312,271,514
834,317,55,581,356,514,434,196,602,97,492
835,11,168,126,63,49,222,662,479,271,602
836,49,407,168,125,171,317,180,312,282,173
837,168,482,312,317,49,274,514,407,188,198
838,55,95,315,88,11,314,113,168,175,172
839,317,487,177,92,250,1481,921,426,602,482
840,317,49,312,97,63,125,886,68,222,182
841,249,126,182,88,512,301,49,1141,11,133
842,326,901,270,88,1481,6,182,172,49,194
843,188,514,317,97,168,63,312,274,11,1250
844,407,168,18,113,514,164,482,865,315,314
845,55,95,113,168,514,284,143,99,173,519
846,257,318,49,274,268,171,180,282,431,168
847,407,168,113,85,47,342,284,514,99,462
848,317,63,168,271,222,11,97,602,1250,662
849,173,312,21,317,49,168,407,172,209,171
850,194,173,49,356,63,317,204,126,88,134
851,168,11,63,271,407,314,82,1250,602,662
852,312,49,317,171,198,495,186,135,180,126
853,191,482,126,656,602,179,222,1136,199,22
854,407,168,473,1481,317,512,250,482,113,118
855,63,126,315,271,11,186,97,314,312,173
856,268,168,284,407,1250,113,274,99,300,8
857,271,250,63,317,8,168,11,13,1250,314
858,314,315,63,332,514,745,271,317,177,602
859,317,198,49,510,126,482,407,312,186,478
860,49,168,171,407,11,180,222,63,271,256
861,317,168,63,250,886,1136,125,177,1250,222
862,250,11,514,247,407,168,188,88,314,18
863,168,49,317,312,173,315,407,171,113,95
864,174,113,407,168,123,115,512,462,521,85
865,1250,168,314,482,133,1190,177,113,315,483
866,407,356,168,18,99,514,473,317,1481,113
867,407,268,261,241,49,305,250,284,356,11
868,55,284,99,301,407,168,113,1153,173,631
869,126,186,55,284,168,356,317,479,191,173
870,95,173,301,55,176,312,78,168,184,194
871,315,317,63,271,68,312,965,21,691,1250
872,317,312,173,63,49,21,68,495,171,271
873,168,407,126,317,301,63,99,133,113,1250
874,126,177,474,356,179,482,133,1136,317,49
875,407,168,317,49,356,63,482,113,514,426
876,346,168,178,482,177,483,1250,314,113,315
877,602,704,478,271,524,482,483,495,752,130
878,314,63,168,315,271,49,11,514,317,407
879,126,186,317,168,479,63,407,482,133,356
880,606,314,177,315,602,63,482,198,41,126
881,186,173,126,135,49,63,602,495,479,171
882,168,113,346,315,85,55,407,301,252,1250
883,113,345,473,1448,118,512,653,134,462,511
884,407,317,312,514,168,267,484,21,274,749
885,312,407,514,274,317,63,268,356,267,49
886,298,247,901,222,128,172,67,250,965,1190
887,49,317,63,312,168,407,271,126,11,171
888,312,314,63,49,168,315,41,11,171,177
889,473,126,191,656,510,602,204,482,356,407
890,317,274,168,407,514,1250,188,63,271,268
891,482,602,168,63,177,314,11,97,317,478
892,312,317,49,126,63,301,171,173,271,21
893,482,602,317,177,133,126,196,478,168,1448
894,168,49,317,407,63,271,171,315,173,356
895,49,171,495,204,271,173,312,317,63,11
896,301,135,63,126,149,269,271,662,125,184
897,49,180,171,177,314,268,63,530,168,271
898,407,168,285,113,514,267,11,245,284,123
899,168,407,126,113,186,11,284,49,133,510
900,63,271,185,968,745,495,965,173,82,312
901,317,495,97,749,356,173,602,527,68,426
902,126,186,513,63,149,135,22,302,191,133
903,317,495,271,923,965,968,63,377,587,426
904,55,301,99,126,168,63,317,356,49,173
905,168,1250,113,268,188,514,97,356,317,222
906,315,168,314,63,1250,317,514,965,407,602
907,317,271,63,495,426,8,168,407,250,312
908,407,168,222,317,113,7,482,1250,301,49
909,55,317,168,173,126,186,312,407,284,49
910,168,407,174,113,511,11,99,188,151,473
911,177,482,606,602,1250,431,317,704,513,658
912,312,49,473,356,126,749,172,271,171,317
913,1064,269,1250,184,267,651,662,1297,923,245
914,186,482,126,168,407,317,198,312,133,483
915,317,168,407,314,49,13,356,250,474,126
916,300,250,168,85,188,9,113,150,284,222
917,18,115,222,125,168,257,407,113,662,250
918,317,63,312,150,184,126,343,135,479,356
919,49,171,312,63,180,126,198,177,172,168
920,173,49,384,180,171,965,312,346,288,68
921,168,49,407,317,482,171,497,198,173,180
922,63,168,314,11,177,315,126,602,482,49
923,317,510,132,168,49,222,189,172,495,704
924,268,32,55,188,63,315,514,168,11,1250
925,271,356,268,168,63,99,407,317,49,11
926,11,222,168,662,300,299,113,297,82,95
927,1250,482,602,177,249,317,168,479,431,513
928,126,291,407,63,301,11,317,749,356,97
929,301,282,125,58,303,886,196,1008,407,1448
930,315,317,63,126,314,271,186,168,426,1250
931,473,512,407,478,482,168,118,653,1448,113
932,126,63,271,189,407,602,317,473,135,11
933,886,581,222,291,1136,1159,346,168,1165,1448
934,314,315,68,97,63,11,965,317,514,168
935,511,473,178,602,653,482,512,314,478,134
936,271,126,63,49,191,495,213,135,602,11
937,173,194,49,171,227,180,177,268,95,143
938,315,63,168,314,11,271,514,317,407,312
939,168,11,407,7,1250,63,173,222,113,82
940,168,407,63,312,11,49,172,514,171,315
941,317,482,168,587,173,495,602,484,63,704
942,312,55,267,175,63,126,285,297,186,11
