0,615,318,322,285,879,606,297,1089,478,487
1,301,1193,879,322,222,647,614,259,962,155
2,284,749,304,657,248,339,196,23,740,459
3,608,146,750,288,117,509,822,345,735,298
4,287,117,747,18,878,750,345,629,64,303
5,263,82,749,233,1141,646,331,632,101,314
6,64,291,224,467,326,310,741,269,335,728
7,747,223,244,1159,294,324,180,1148,655,491
8,298,418,1603,750,740,487,274,608,615,1600
9,658,728,467,895,538,1603,970,606,415,353
10,346,161,136,341,854,1600,127,1202,660,322
11,747,539,935,188,343,356,309,314,513,161
12,224,608,471,66,613,454,627,410,654,424
13,257,606,298,496,320,267,1600,608,216,309
14,311,1010,465,155,761,161,918,606,640,379
15,608,288,66,607,224,301,243,454,62,1546
16,314,40,742,1134,287,1038,614,522,345,403
17,263,548,1133,242,646,332,101,614,459,518
18,637,301,606,743,1006,1089,322,520,1202,309
19,343,310,212,64,342,479,426,284,339,181
20,739,844,206,608,1038,59,474,315,323,527
21,871,885,812,461,503,317,748,653,269,41
22,287,339,468,310,309,285,511,1118,689,171
23,491,325,168,1008,1244,1016,614,427,615,391
24,871,812,607,267,108,1603,320,606,1009,284
25,242,538,64,1133,658,11,1049,268,885,728
26,750,748,108,180,747,18,320,194,566,478
27,546,343,356,983,314,662,618,1027,537,161
28,855,279,708,1010,55,1600,1267,287,275,161
29,608,844,569,855,747,1059,288,1125,328,502
30,608,901,258,207,271,1603,735,284,14,1600
31,8,534,242,134,426,1010,222,64,451,538
32,750,117,304,608,822,95,211,632,992,881
33,740,274,749,894,244,736,566,279,298,901
34,279,211,165,301,874,462,881,346,962,708
35,22,108,320,522,164,894,29,317,196,419
36,530,517,356,314,899,423,747,312,525,846
37,268,241,495,56,167,426,640,1128,240,342
38,750,602,314,345,748,646,95,304,330,587
39,245,872,357,478,285,615,1016,1141,736,267
40,322,346,284,606,415,293,267,257,339,343
41,747,12,222,288,303,879,312,735,261,75
42,0,658,31,517,403,1603,886,267,741,365
43,345,522,222,330,279,466,51,287,878,677
44,309,113,306,267,326,186,1131,769,155,662
45,291,895,608,658,631,135,728,630,164,992
46,509,454,315,113,606,55,317,525,13,309
47,652,312,1196,901,80,311,992,726,314,326
48,53,1010,428,8,301,465,222,880,155,741
49,522,403,315,879,614,709,165,184,484,481
50,314,95,164,212,747,474,188,330,327,825
51,356,314,302,879,647,293,872,51,677,961
52,267,608,311,271,1603,846,630,901,115,761
53,608,925,298,881,741,471,294,874,681,509
54,314,268,296,495,99,171,923,51,356,180
55,771,22,1017,164,739,485,496,615,267,1600
56,309,763,689,286,537,407,485,357,285,922
57,314,293,356,872,279,537,615,219,736,312
58,309,353,477,407,310,22,268,479,1202,1141
59,311,496,1010,155,606,267,1187,294,275,918
60,415,546,320,343,426,284,1072,545,322,1027
61,267,1008,315,615,736,478,608,487,285,219
62,344,983,743,761,332,899,216,53,839,920
63,339,537,314,300,1267,407,457,212,85,245
64,1089,689,462,288,743,671,471,250,324,301
65,881,608,346,749,298,874,322,369,263,989
66,1016,427,615,1008,575,168,763,1141,606,287
67,55,1010,169,29,267,92,854,1546,177,315
68,291,1600,322,127,259,511,467,290,210,660
69,49,419,108,315,144,309,496,471,267,894
70,614,233,647,615,341,1016,314,1141,325,464
71,314,300,188,312,513,502,935,1027,279,537
72,315,177,522,233,314,403,647,846,653,614
73,309,652,46,496,608,844,1070,314,992,306
74,164,291,284,716,630,207,608,992,267,135
75,325,489,503,259,355,467,322,637,826,80
76,116,812,271,288,173,431,150,846,1603,1072
77,339,117,212,830,286,695,747,1118,164,22
78,82,212,602,534,300,614,241,21,712,343
79,750,261,224,288,608,330,207,12,748,603
80,339,245,158,740,314,310,343,675,516,356
81,330,511,192,651,530,79,287,259,12,769
82,311,588,348,938,155,8,85,743,920,1159
83,82,602,647,314,872,293,271,116,115,21
84,326,95,310,1118,306,330,662,284,113,184
85,306,0,658,1013,879,139,267,207,886,41
86,288,454,331,525,1089,743,344,614,755,812
87,1600,314,1668,339,287,312,22,290,1666,922
88,922,537,692,314,1006,167,742,40,506,1128
89,1008,325,698,92,491,99,171,740,1141,309
90,846,356,314,923,608,86,298,881,989,750
91,923,886,331,302,75,296,846,271,14,812
92,747,261,288,895,306,608,517,424,478,1668
93,211,258,844,595,279,608,546,652,314,528
94,239,1072,398,658,263,167,846,150,31,56
95,871,403,658,269,391,812,886,461,224,885
96,309,257,320,747,992,287,711,194,326,46
97,423,923,356,268,640,548,983,99,482,325
98,88,287,168,325,23,92,1244,196,653,791
99,525,614,595,528,947,417,302,812,791,729
100,284,2,879,293,312,291,261,314,647,257
101,538,1133,658,895,476,242,812,728,261,269
102,240,522,426,56,461,318,241,153,403,994
103,658,135,425,478,1117,1603,418,894,895,749
104,324,136,275,708,314,86,655,491,660,844
105,287,528,339,618,506,689,637,511,126,322
106,846,608,332,901,140,583,268,324,14,236
107,314,323,88,474,491,1600,689,175,287,125
108,285,419,418,925,658,267,108,245,1090,298
109,285,608,410,613,695,297,876,1059,1118,478
110,301,538,241,155,222,268,11,1205,8,250
111,339,310,681,689,1118,863,872,117,574,830
112,514,652,692,100,1006,525,379,844,689,595
113,923,207,726,331,296,750,716,1017,99,304
114,517,155,454,294,216,241,222,57,471,753
115,509,1034,520,454,315,526,239,525,844,140
116,879,478,1089,614,325,647,1007,615,1008,534
117,244,314,279,223,491,310,1159,85,245,188
118,261,750,608,747,880,288,330,222,1045,75
119,311,658,895,135,1603,1600,691,425,630,267
120,530,899,747,330,424,12,1125,608,534,177
121,311,306,309,245,244,353,285,164,696,537
122,314,164,312,309,923,356,537,321,689,407
123,750,284,293,615,872,219,6,716,322,1114
124,285,450,315,306,100,471,299,444,569,508
125,608,901,324,161,660,211,1600,1010,346,136
126,302,18,482,743,243,301,762,433,11,391
127,314,595,513,356,652,275,708,211,661,1136
128,56,285,189,887,184,886,139,486,284,318
129,301,322,1193,169,224,614,528,651,179,165
130,879,322,509,508,606,284,1202,306,30,315
131,1010,108,1187,320,267,55,685,177,1008,49
132,322,169,165,546,326,356,302,662,343,161
133,608,207,288,261,164,691,271,735,95,150
134,356,314,525,517,312,846,99,923,747,530
135,288,331,989,8,222,221,203,1089,219,464
136,294,297,880,608,330,274,740,1600,282,659
137,314,846,548,261,474,332,608,920,660,115
138,923,517,18,482,312,180,173,747,268,194
139,177,54,530,222,611,143,655,1010,735,1133
140,301,241,54,1010,465,268,324,155,222,8
141,748,287,454,315,317,18,108,269,478,750
142,117,747,789,95,608,64,689,171,180,750
143,331,263,344,239,875,886,812,658,839,1089
144,632,509,318,479,310,812,58,749,881,263
145,268,353,271,489,1006,479,321,314,431,923
146,322,326,855,528,879,339,897,126,318,1600
147,747,117,750,288,830,354,872,878,223,433
148,310,614,113,509,427,830,318,477,1016,130
149,522,315,614,403,879,508,55,647,317,603
150,1010,310,675,55,925,244,268,279,1141,241
151,300,54,286,241,534,1010,53,717,465,403
152,314,763,356,287,312,40,290,615,1668,84
153,293,925,1010,294,741,223,509,874,608,224
154,651,143,530,330,222,647,751,177,192,481
155,241,1010,610,529,518,918,245,155,486,428
156,263,923,353,658,306,207,479,413,728,407
157,301,610,259,511,637,528,1064,58,322,855
158,608,1100,846,312,222,209,294,735,185,180
159,518,259,55,481,285,297,56,1600,713,610
160,403,269,871,424,614,113,517,186,331,344
161,1008,274,1064,749,615,740,708,1600,894,86
162,477,922,615,632,315,1008,1141,344,86,263
163,285,287,22,537,164,117,519,171,522,279
164,314,82,355,339,115,647,1600,356,2,588
165,291,326,207,1196,14,267,0,306,284,139
166,288,608,735,115,323,60,411,182,749,712
167,284,2,608,749,146,212,207,565,581,1603
168,164,267,108,630,135,1141,284,320,1603,1668
169,1010,346,854,846,788,1009,391,86,92,750
170,268,658,1010,1128,925,274,962,606,1603,49
171,257,356,287,879,312,302,791,595,314,509
172,310,305,117,513,747,161,64,822,212,146
173,309,306,1017,1008,496,740,689,244,471,608
174,306,309,514,1089,311,0,637,734,658,379
175,325,46,1202,1008,309,922,314,491,275,637
176,212,339,310,300,407,343,1141,1202,606,427
177,314,491,125,474,652,198,588,325,1159,356
178,522,688,146,1058,293,486,1603,318,271,116
179,306,207,139,413,514,395,342,506,296,327
180,306,309,689,420,310,1118,891,623,796,46
181,522,2,284,565,165,327,879,481,40,189
182,325,615,614,1008,275,1007,1128,8,391,865
183,164,750,566,894,312,1072,135,267,740,846
184,113,478,18,615,168,493,653,482,1007,606
185,212,343,761,983,344,654,66,406,602,327
186,495,171,245,968,123,99,312,474,296,210
187,294,274,989,8,874,86,279,708,244,426
188,749,323,894,608,297,285,139,448,477,59
189,315,113,478,18,285,403,330,517,612,1008
190,595,415,706,743,314,115,1600,513,339,2
191,267,22,29,750,92,291,992,320,904,255
192,901,207,426,271,56,296,1013,383,311,1072
193,301,64,947,511,614,322,461,333,651,259
194,522,855,315,508,22,443,595,844,328,257
195,301,322,465,346,161,1010,1600,971,901,647
196,314,652,595,513,844,660,276,656,496,1027
197,345,314,293,614,1134,522,865,466,356,165
198,323,22,314,287,252,615,771,818,477,219
199,331,268,743,167,689,637,301,1089,318,506
200,322,662,326,293,502,339,257,113,169,540
201,285,330,20,478,12,630,879,716,18,603
202,608,522,315,146,284,323,894,508,749,509
203,326,632,662,302,777,322,750,1114,509,224
204,222,155,301,530,100,517,8,514,259,511
205,508,0,306,315,40,485,879,31,139,107
206,267,761,415,0,1013,658,311,945,606,234
207,245,311,188,303,171,139,422,64,309,419
208,886,331,8,285,538,271,173,241,1205,397
209,522,546,484,947,528,287,590,165,257,855
210,286,747,357,300,309,285,12,475,534,212
211,1047,341,121,308,164,314,1017,478,1600,127
212,314,356,750,315,1668,608,29,330,522,164
213,2,595,332,608,175,5,62,198,314,30
214,314,495,341,640,660,846,136,415,227,1600
215,750,326,99,558,304,740,992,330,662,287
216,113,662,356,509,314,491,310,433,168,287
217,947,240,745,403,461,759,945,885,301,64
218,293,279,925,224,502,522,294,994,343,165
219,188,314,95,474,244,371,407,164,701,689
220,14,207,306,608,769,923,261,332,514,326
221,344,525,231,113,315,517,510,403,476,232
222,241,268,1010,538,640,397,324,465,227,8
223,267,737,1125,647,1135,739,608,814,1038,1203
224,708,411,323,651,582,301,222,749,462,60
225,275,1600,127,341,314,457,615,443,1267,168
226,279,608,701,211,901,426,659,388,236,596
227,311,139,245,407,306,1202,658,310,309,1128
228,339,681,353,310,321,311,117,574,288,146
229,301,318,879,886,502,241,614,293,743,1193
230,751,343,261,602,1010,747,224,534,293,143
231,495,534,245,474,85,188,341,422,286,626
232,339,212,300,333,830,310,440,343,286,427
233,325,99,530,716,41,558,101,879,148,587
234,288,608,252,127,660,712,308,381,323,353
235,284,881,271,346,343,546,383,207,632,211
236,537,637,339,1128,618,244,314,85,268,427
237,113,403,606,918,110,427,240,310,343,994
238,297,749,615,736,568,82,875,282,487,56
239,134,173,271,418,353,1603,135,538,18,221
240,983,343,761,291,212,310,123,974,267,154
241,322,161,343,1546,614,143,301,165,854,169
242,608,288,311,216,471,691,895,1135,660,652
243,31,522,206,279,56,240,508,315,40,211
244,314,356,312,164,321,595,716,677,747,78
245,268,344,263,510,324,989,846,239,583,44
246,528,855,506,287,689,1165,206,610,40,511
247,325,491,314,169,525,356,275,879,423,113
248,168,143,611,196,127,92,427,210,286,391
249,1049,309,92,633,658,306,923,511,38,99
250,315,239,55,403,1010,548,962,466,317,509
251,750,196,22,1600,608,23,210,92,323,284
252,330,548,1008,325,99,968,522,530,210,153
253,311,309,306,188,316,115,747,588,251,261
254,310,64,333,291,339,322,750,433,343,467
255,286,309,311,261,300,341,407,212,291,728
256,750,923,242,608,263,788,99,877,992,180
257,588,85,245,640,886,482,356,978,923,1128
258,164,284,750,716,321,339,135,657,1132,207
259,901,608,881,846,874,311,312,271,346,258
260,331,745,743,618,64,51,886,263,302,923
261,314,522,279,293,315,1038,116,84,40,940
262,314,922,485,306,739,1017,325,1118,113,1038
263,339,46,309,407,310,353,355,314,356,618
264,314,356,339,657,304,716,632,681,327,442
265,288,331,263,812,82,115,1603,879,384,2
266,325,322,1008,355,491,637,433,662,169,275
267,855,608,750,117,22,1600,695,146,143,528
268,739,495,206,245,59,31,40,311,457,474
269,608,1600,259,660,843,380,659,419,60,121
270,495,751,22,443,300,143,314,121,1600,1072
271,150,735,173,40,332,296,1209,596,431,303
272,343,546,116,983,165,239,356,1141,1015,344
273,608,750,528,177,243,148,651,514,735,196
274,608,288,607,750,735,603,481,534,177,472
275,323,314,474,88,101,1008,478,252,1017,715
276,660,341,1600,284,291,300,127,267,314,210
277,879,331,30,113,315,509,306,528,318,11
278,419,259,353,58,511,422,64,855,610,674
279,284,267,514,608,846,207,164,1072,312,22
280,64,326,747,0,309,291,117,923,769,306
281,925,874,1114,75,326,741,224,433,750,222
282,608,327,30,526,306,113,471,509,424,231
283,403,614,830,165,183,40,327,357,343,532
284,874,293,881,288,294,115,824,749,431,82
285,285,615,610,879,922,522,692,1089,601,481
286,1133,474,215,1668,534,1141,1038,602,332,478
287,901,1202,546,1021,415,268,346,263,479,167
288,113,38,18,269,130,558,287,1016,310,331
289,322,415,127,660,1600,311,901,467,348,947
290,242,1133,611,467,503,210,495,658,871,92
291,1010,1603,534,261,614,1133,518,212,761,341
292,241,610,256,614,534,40,8,518,529,173
293,749,297,318,196,58,153,632,285,615,323
294,339,322,284,58,6,522,318,615,947,610
295,925,298,419,287,108,223,326,144,750,1090
296,330,474,517,424,548,530,99,723,95,1038
297,164,135,150,894,395,596,658,49,40,31
298,339,2,314,284,341,355,1244,125,325,933
299,606,322,267,983,343,467,415,310,1114,1010
300,431,1006,288,320,303,812,1018,482,590,250
301,309,407,22,314,164,300,495,496,212,1141
302,689,241,244,279,268,477,309,596,537,506
303,339,284,485,164,1600,311,355,505,1118,308
304,306,139,311,115,608,332,30,251,623,327
305,184,64,440,296,330,830,269,342,56,511
306,812,344,263,239,606,1141,116,846,366,233
307,279,56,323,708,206,521,474,345,477,495
308,287,1008,315,918,763,491,55,950,525,54
309,288,8,301,743,250,1089,182,222,431,529
310,58,318,301,610,528,897,855,13,1202,749
311,314,1017,922,323,894,173,689,86,726,477
312,284,608,1114,740,310,298,282,681,750,992
313,311,743,197,341,288,115,308,706,46,407
314,750,330,224,880,751,608,391,196,143,607
315,284,267,2,346,14,608,322,291,207,974
316,64,296,342,268,596,479,353,309,689,738
317,267,660,320,312,291,194,1027,639,1018,846
318,478,1089,314,18,615,493,219,288,168,88
319,284,339,245,736,267,322,740,537,468,311
320,481,1072,271,646,1010,846,116,426,279,748
321,462,314,708,279,777,662,504,211,203,1193
322,1600,901,514,968,1064,311,530,155,325,177
323,285,879,522,534,647,323,610,614,6,330
324,534,301,256,511,64,610,712,222,689,26
325,267,320,108,257,763,711,0,478,653,606
326,546,742,279,495,240,56,167,40,211,1072
327,1600,297,608,810,749,282,285,1141,407,518
328,324,901,75,222,288,250,182,874,608,979
329,1089,743,514,100,325,222,528,88,879,155
330,244,241,268,85,491,427,223,433,1159,324
331,285,357,610,537,486,31,245,40,318,522
332,0,517,332,403,846,812,761,397,53,1668
333,263,268,1205,239,538,397,173,1011,658,1175
334,327,306,326,171,769,618,506,126,987,727
335,250,1006,268,324,348,743,978,254,301,431
336,284,285,339,128,153,750,418,383,497,291
337,534,288,747,314,929,308,261,961,719,880
338,309,537,311,312,763,495,739,639,485,0
339,608,284,632,304,30,306,62,23,891,207
340,741,479,923,271,0,415,658,207,326,983
341,311,901,502,739,1600,188,245,348,388,844
342,99,517,548,923,155,423,325,1049,510,424
343,459,608,407,1159,161,674,1600,410,511,179
344,6,522,224,426,285,994,330,153,391,143
345,309,1027,618,287,546,947,257,415,200,0
346,113,424,330,491,169,474,1038,403,184,315
347,320,339,22,317,287,632,509,590,343,257
348,161,211,343,301,66,1010,169,55,212,322
349,222,126,777,236,165,497,279,302,383,879
350,239,344,454,538,509,812,397,1205,606,846
351,1072,22,317,587,296,40,484,646,269,150
352,285,537,855,486,311,502,287,522,146,339
353,608,322,179,901,326,971,161,346,674,662
354,0,745,257,126,326,812,317,484,509,508
355,514,692,325,726,608,326,652,595,41,489
356,241,250,689,303,1006,529,431,287,348,254
357,503,155,538,611,428,1010,8,1133,660,288
358,410,168,1159,286,608,1600,1118,310,292,600
359,211,309,1202,212,306,513,526,161,140,608
360,689,287,506,508,206,40,855,61,528,922
361,222,8,968,741,236,737,184,330,271,123
362,353,64,268,728,242,309,538,658,1175,640
363,294,222,345,748,288,285,224,735,522,153
364,40,300,22,116,164,189,317,381,537,303
365,285,894,419,49,297,259,955,518,1117,274
366,310,297,339,285,282,955,477,304,674,749
367,537,314,485,922,339,739,948,478,1038,407
368,658,31,517,0,423,461,1133,1668,186,155
369,40,537,1072,495,116,742,865,1038,314,779
370,433,462,491,1159,557,324,244,689,753,268
371,1202,606,366,922,637,1187,692,1064,1600,615
372,465,276,457,314,614,491,341,275,918,656
373,608,267,315,41,846,1007,92,298,1008,219
374,689,1089,506,922,162,671,88,517,306,491
375,155,301,259,428,348,611,1600,311,1133,465
376,8,222,324,311,752,474,495,529,115,588
377,311,658,495,901,139,1013,470,1603,639,89
378,759,301,211,169,161,586,617,179,181,1064
379,737,1013,968,383,267,56,418,886,548,245
380,614,56,183,1141,713,212,704,391,1016,403
381,534,712,478,40,314,614,286,747,536,300
382,339,325,546,1064,287,22,468,284,211,1008
383,749,284,608,263,342,409,494,82,632,1600
384,322,606,945,357,339,310,415,1202,58,309
385,284,894,207,569,146,486,133,271,139,881
386,286,534,747,403,260,125,113,647,478,1038
387,1600,353,431,311,901,495,749,182,489,1603
388,514,1064,528,322,325,546,179,944,211,651
389,1603,658,606,415,479,482,812,239,271,886
390,534,6,422,196,610,1045,286,224,1600,614
391,747,64,18,291,302,750,12,330,261,326
392,288,294,608,188,261,371,60,311,712,197
393,330,1196,326,870,514,171,184,291,99,267
394,92,23,196,974,854,403,55,614,267,291
395,326,306,747,291,261,886,299,113,1114,741
396,86,865,846,426,1010,268,482,75,153,925
397,300,164,40,537,267,739,1668,22,443,189
398,261,747,312,608,291,95,164,14,271,1196
399,1546,320,143,177,660,257,55,1010,855,403
400,739,546,113,1131,198,1013,325,769,100,662
401,403,886,224,614,184,467,343,974,391,154
402,608,750,330,279,708,771,203,881,192,298
403,314,595,652,689,312,198,618,742,316,588
404,293,872,318,146,288,509,879,224,493,522
405,608,294,846,279,1010,968,751,566,1047,67
406,901,1064,322,881,749,1600,311,298,133,1202
407,747,640,300,476,482,312,303,123,677,261
408,323,411,708,279,477,285,830,521,448,462
409,317,269,871,748,153,658,173,403,135,461
410,608,298,471,419,219,294,288,496,487,57
411,164,312,1668,326,171,1196,306,0,569,68
412,356,330,171,18,123,29,677,482,1114,747
413,22,689,287,200,303,173,735,252,312,290
414,8,301,426,56,222,483,481,647,968,1010
415,263,649,407,1133,344,895,478,242,920,658
416,311,901,348,222,938,312,299,497,250,886
417,846,1006,288,431,8,735,583,324,812,503
418,1010,481,647,751,854,391,659,67,224,426
419,51,268,296,64,301,618,167,342,208,762
420,901,608,311,881,258,139,284,569,211,140
421,206,596,279,56,327,211,212,654,506,1067
422,8,53,261,534,895,920,1038,288,761,1603
423,331,263,614,879,646,632,745,318,30,51
424,309,267,660,683,127,675,740,168,320,300
425,155,530,325,222,737,100,517,1008,968,75
426,293,814,113,879,314,462,540,662,509,315
427,825,20,85,245,588,1159,762,123,64,747
428,171,312,356,314,742,677,1100,546,283,296
429,331,18,1089,222,878,478,879,288,243,345
430,279,345,314,165,522,126,236,211,1100,222
431,288,878,345,331,735,747,454,812,513,30
432,121,474,610,655,1133,303,496,611,495,529
433,309,689,333,310,511,212,161,339,64,759
434,188,212,161,279,654,388,311,738,371,608
435,879,1089,743,938,529,316,961,828,886,588
436,306,658,315,365,0,517,31,450,207,139
437,608,242,288,1133,263,728,538,44,1159,920
438,491,169,161,528,1202,113,301,462,937,457
439,146,139,284,1059,691,855,508,419,1202,311
440,314,751,534,275,341,1600,708,647,187,82
441,339,322,284,546,901,947,415,211,537,311
442,608,117,146,298,513,310,881,681,321,509
443,403,315,31,423,186,267,517,239,520,0
444,339,495,314,290,300,537,22,341,1027,121
445,257,0,312,935,68,320,146,569,267,326
446,314,708,356,86,491,339,740,657,1244,279
447,108,658,263,1010,1009,1133,242,353,660,538
448,267,346,184,179,161,662,311,245,272,291
449,322,415,284,267,346,1072,546,484,947,1600
450,304,113,23,314,130,632,5,38,716,323
451,330,224,18,648,222,11,391,1049,750,269
452,660,324,136,595,843,608,846,106,726,177
453,127,22,252,288,40,381,303,711,175,290
454,259,8,483,301,418,391,1010,155,648,962
455,127,1600,339,322,341,290,325,168,1070,933
456,306,923,244,207,1114,310,245,353,268,282
457,1008,279,315,314,736,275,86,344,854,294
458,164,284,291,659,261,271,95,383,245,740
459,741,608,654,224,261,95,925,330,613,747
460,879,779,189,40,150,139,508,486,691,1072
461,743,1089,326,306,886,331,879,299,126,734
462,113,314,356,872,662,602,424,21,677,716
463,314,1668,135,245,968,164,418,312,1072,474
464,301,224,874,243,322,741,288,824,971,509
465,279,343,426,211,1010,212,181,56,310,546
466,522,315,879,484,615,41,366,1007,148,632
467,309,689,747,314,491,287,223,1159,303,312
468,1133,301,242,263,658,514,332,222,13,8
469,301,528,331,318,777,30,745,879,618,743
470,325,651,99,1049,330,511,558,302,169,528
471,279,314,662,496,502,315,958,244,29,739
472,923,0,320,326,461,18,482,312,658,418
473,322,259,1600,223,740,45,155,310,1064,161
474,528,296,301,222,618,181,514,211,506,511
475,298,923,164,894,750,992,207,608,306,395
476,534,300,286,712,341,314,614,646,751,82
477,647,651,1072,383,302,325,968,467,202,481
478,322,301,467,415,58,743,520,243,947,971
479,331,2,263,41,879,175,40,332,1060,150
480,288,261,747,743,222,64,929,115,20,686
481,64,296,461,99,268,750,143,180,495,480
482,1133,658,1010,108,518,242,538,309,419,1009
483,311,339,322,901,1600,284,299,310,692,497
484,314,356,293,872,647,339,677,302,1015,983
485,113,322,306,606,674,450,155,1202,1600,1131
486,309,510,344,310,180,923,268,567,113,476
487,267,314,164,602,761,356,291,983,210,846
488,491,268,244,85,637,1008,325,161,292,433
489,263,1133,242,658,514,1009,1117,503,24,150
490,310,168,339,606,322,615,113,433,662,309
491,747,222,528,12,878,879,330,287,830,511
492,522,343,165,614,443,279,293,502,546,300
493,56,95,323,646,327,395,279,596,206,207
494,268,1010,86,239,161,344,140,274,708,525
495,534,330,474,530,12,647,1069,651,54,222
496,309,1202,948,139,310,306,1118,407,212,1133
497,263,749,239,58,150,846,812,1009,632,366
498,339,947,467,2,1024,415,51,614,302,322
499,314,325,339,491,168,355,275,1244,615,922
500,259,528,514,651,1064,301,511,56,777,7
501,1600,608,514,311,481,879,59,472,259,523
502,325,467,1024,92,284,383,41,263,322,1049
503,323,879,206,1118,40,411,285,508,922,506
504,314,929,355,743,489,51,90,339,288,1089
505,344,846,608,239,314,525,219,812,509,263
506,418,75,737,658,639,517,326,312,938,497
507,40,31,522,1072,508,779,879,614,947,267
508,514,546,618,901,296,595,211,528,843,181
509,291,320,983,343,335,381,750,339,904,482
510,846,812,1072,150,320,1603,735,41,1018,312
511,383,651,467,330,391,259,750,224,301,322
512,312,164,271,846,1072,194,267,1100,291,320
513,689,596,506,211,513,901,140,844,595,279
514,608,750,846,75,747,86,194,298,223,878
515,608,660,1600,503,127,1603,288,920,311,341
516,267,1010,294,311,639,245,675,496,683,1600
517,660,127,267,45,257,320,255,322,611,155
518,108,224,269,317,55,419,320,871,654,750
519,901,56,886,271,429,126,301,504,167,311
520,300,443,314,343,279,276,341,739,751,940
521,546,236,211,520,583,759,528,423,177,846
522,511,64,333,339,309,1153,310,618,689,672
523,514,150,30,206,332,317,528,506,13,193
524,514,1089,743,658,734,100,301,7,928,503
525,314,595,51,339,1024,82,708,489,2,632
526,740,164,80,407,1017,992,314,284,546,698
527,608,294,471,496,288,315,613,478,323,30
528,288,747,1089,878,517,743,303,18,735,734
529,618,306,322,743,886,310,557,415,1202,637
530,681,288,293,219,509,310,615,338,855,223
531,320,303,461,287,503,590,1006,127,1018,288
532,974,357,267,403,291,245,343,284,184,485
533,314,344,608,46,356,309,407,194,753,513
534,537,739,1047,314,496,894,749,1017,279,121
535,244,285,537,279,287,894,681,477,519,872
536,286,747,300,330,534,54,474,12,143,695
537,311,530,529,139,1013,251,100,61,0,514
538,330,424,651,467,192,99,530,750,291,769
539,522,284,894,267,315,22,128,615,1072,320
540,537,164,407,40,212,327,300,245,742,1038
541,343,546,268,412,1141,403,983,918,974,204
542,285,339,1118,245,310,887,56,511,306,318
543,495,610,311,658,1600,1202,139,601,259,7
544,1100,312,236,345,241,303,279,294,222,502
545,923,306,113,344,769,510,517,99,269,263
546,608,528,514,30,193,315,454,735,133,258
547,608,311,284,1600,901,388,59,139,527,1196
548,846,886,658,14,812,0,1603,267,983,895
549,546,211,284,181,339,343,240,322,618,759
550,343,614,165,509,317,233,632,812,212,983
551,285,601,1600,353,339,489,610,245,497,134
552,784,925,222,741,123,875,886,881,56,901
553,474,496,309,1038,689,314,1668,478,164,1017
554,82,474,294,314,8,534,115,708,464,647
555,345,878,330,222,466,279,18,236,287,171
556,610,285,518,1603,1600,425,419,259,472,1117
557,747,1006,312,303,482,241,978,288,431,173
558,325,495,7,198,1013,467,1049,322,368,383
559,268,301,482,637,1006,250,379,149,155,520
560,301,322,879,1089,1600,489,411,462,355,855
561,608,267,315,569,630,128,164,312,522,1668
562,287,325,491,514,88,1008,791,528,172,496
563,293,298,681,509,219,881,146,615,608,257
564,284,750,1072,207,296,632,117,304,22,126
565,285,245,279,502,522,486,188,294,537,184
566,294,279,206,474,323,752,749,608,708,1047
567,886,743,115,839,2,513,53,741,465,332
568,423,325,113,769,403,791,100,918,186,525
569,608,750,1196,992,23,304,291,410,326,822
570,314,353,288,681,321,115,344,574,331,407
571,747,194,312,261,75,978,923,123,348,517
572,309,339,310,257,1600,113,485,606,322,356
573,326,881,901,117,874,569,298,211,925,681
574,314,846,812,86,275,865,566,525,239,233
575,339,284,51,1072,657,546,632,314,40,356
576,314,608,311,115,880,324,188,341,901,660
577,356,82,314,293,632,493,602,284,509,339
578,279,1100,327,506,742,206,171,1038,1668,61
579,116,40,478,1141,164,1603,812,602,630,233
580,1024,92,514,415,546,291,290,41,284,1072
581,279,701,211,244,504,56,894,740,708,388
582,418,588,245,923,20,123,810,474,1062,221
583,0,312,309,314,200,1038,306,216,496,311
584,300,196,614,22,6,481,143,534,1010,670
585,207,284,415,901,658,514,267,14,0,608
586,290,514,595,302,743,250,287,528,257,326
587,267,284,164,485,630,749,1202,608,108,948
588,279,522,236,345,165,211,426,546,56,502
589,317,22,287,894,164,304,477,315,822,309
590,211,327,901,618,528,652,258,565,506,514
591,522,615,285,153,318,293,315,481,56,1072
592,309,241,502,310,293,754,482,348,537,640
593,658,306,517,123,923,1049,895,198,14,886
594,301,322,614,58,66,224,651,607,243,528
595,383,391,330,657,331,165,56,777,224,184
596,886,344,331,743,239,538,306,403,983,11
597,514,658,691,150,735,135,288,608,1133,173
598,614,522,610,508,40,879,855,403,502,318
599,30,315,206,608,323,203,318,345,133,521
600,608,658,311,901,1603,139,135,749,115,419
601,287,750,18,748,86,482,345,173,878,330
602,284,322,632,606,509,339,239,257,415,310
603,314,325,290,356,339,287,355,127,763,1244
604,879,647,331,2,777,614,1193,424,462,1007
605,311,139,537,901,312,164,706,284,300,267
606,320,606,339,615,590,293,300,257,40,415
607,18,164,478,716,630,747,269,317,602,587
608,750,261,751,659,291,602,210,381,370,608
609,325,198,588,113,306,423,467,825,618,1049
610,184,614,403,165,651,245,343,515,56,330
611,355,1128,339,615,601,51,762,331,464,489
612,538,478,344,886,331,18,895,517,482,493
613,608,750,22,877,660,822,846,314,992,180
614,224,750,330,269,748,55,646,181,317,304
615,309,461,0,312,303,658,923,482,639,287
616,747,288,252,712,534,476,750,607,286,261
617,293,606,615,522,318,509,322,879,590,493
618,537,495,40,279,241,245,742,922,486,519
619,309,918,1312,241,306,1011,763,1032,529,689
620,314,608,750,602,323,708,751,82,203,233
621,306,485,267,245,0,492,325,1013,326,31
622,241,345,8,12,534,173,529,1644,317,646
623,344,608,44,263,681,298,282,510,219,471
624,353,493,615,812,1603,58,1128,478,82,503
625,287,314,279,443,522,22,345,692,275,855
626,747,314,356,223,312,474,180,309,286,113
627,64,461,947,618,511,51,296,1128,1049,495
628,1010,901,660,428,311,140,512,761,1209,324
629,310,261,728,741,64,353,1010,224,433,212
630,923,18,312,117,133,326,846,298,878,0
631,306,339,1118,662,326,674,769,284,618,327
632,287,763,339,309,427,491,168,85,314,286
633,135,1072,495,271,418,481,8,312,189,134
634,155,1600,652,311,324,348,901,844,514,660
635,750,326,224,822,269,509,302,343,417,1546
636,747,287,180,171,144,68,330,315,517,29
637,284,608,207,221,881,271,383,346,1132,749
638,895,538,517,658,529,306,311,886,123,478
639,528,608,514,169,30,331,100,530,525,222
640,343,293,279,872,310,427,801,1010,925,212
641,327,279,314,95,316,521,331,345,271,872
642,301,322,427,433,482,637,947,511,302,1040
643,245,339,309,1600,311,285,310,85,212,407
644,514,332,1133,658,263,1202,175,41,200,150
645,306,331,207,886,0,126,923,139,133,734
646,522,484,315,128,317,1066,750,709,748,508
647,353,357,309,339,164,537,135,407,696,310
648,330,326,974,184,741,403,95,269,165,224
649,222,8,294,324,345,604,530,301,708,989
650,618,314,588,296,923,309,1600,407,198,64
651,418,259,297,311,245,1600,285,658,282,135
652,608,901,324,258,726,881,652,846,844,989
653,750,64,288,608,75,261,222,117,426,194
654,608,1059,471,288,298,419,410,146,310,750
655,314,495,457,491,325,85,626,423,675,245
656,1141,279,495,739,40,519,894,537,31,1187
657,660,80,194,309,312,180,1196,992,901,348
658,415,284,263,41,1202,595,164,332,812,479
659,738,596,139,212,241,689,830,56,513,342
660,923,1024,263,415,788,14,618,296,846,983
661,899,846,53,741,312,737,865,293,761,356
662,164,139,40,537,135,485,31,0,189,207
663,287,309,689,637,525,1040,113,310,268,379
664,415,322,0,947,1013,467,879,840,743,520
665,259,339,322,245,325,467,285,511,355,489
666,155,611,1133,610,653,606,658,503,259,518
667,168,1008,113,325,615,606,292,310,704,92
668,503,478,879,288,1089,615,653,610,534,871
669,322,994,632,318,196,224,391,6,301,522
670,311,529,537,314,1100,312,739,348,652,84
671,22,285,31,317,610,522,419,287,518,24
672,18,38,269,113,304,558,923,575,646,716
673,343,310,117,822,546,983,212,309,974,356
674,872,747,294,18,219,293,478,288,493,476
675,830,189,779,303,40,879,587,323,285,12
676,383,331,886,1049,56,923,296,263,342,11
677,879,403,293,224,522,508,509,878,614,502
678,181,296,55,654,426,1010,49,395,317,741
679,855,749,1600,610,22,522,58,366,615,320
680,353,689,268,431,244,637,1006,537,692,754
681,309,310,344,268,689,510,407,353,244,479
682,40,1072,749,522,58,22,1202,610,1141,284
683,314,474,534,747,1038,286,407,825,316,215
684,279,294,1010,274,708,1141,740,297,244,521
685,1008,294,275,708,1010,615,279,854,86,315
686,64,482,762,467,886,1049,302,461,123,1114
687,747,314,356,899,257,502,113,286,12,1038
688,309,1027,660,267,312,164,194,314,696,257
689,747,750,99,302,530,326,287,791,75,1196
690,608,1600,481,288,60,311,751,660,1603,647
691,2,341,647,346,1024,467,415,284,82,233
692,291,64,750,97,296,117,659,1196,143,426
693,330,123,424,95,220,825,327,184,548,654
694,268,538,344,1205,397,658,263,241,173,8
695,735,608,101,1600,242,150,135,495,846,8
696,288,879,331,40,779,189,318,175,830,743
697,164,992,608,284,1017,485,894,326,312,1196
698,407,310,1133,680,66,263,728,242,309,212
699,311,608,258,139,686,207,497,59,879,901
700,608,211,1600,279,161,410,310,662,521,613
701,314,726,288,252,595,308,194,290,503,122
702,267,761,291,332,164,269,300,812,14,317
703,269,403,484,317,871,812,31,748,974,153
704,357,339,537,779,40,189,285,245,135,954
705,608,1600,288,311,419,1059,855,719,259,308
706,1010,66,55,317,614,518,403,1133,654,1009
707,747,314,356,678,1295,330,677,474,287,530
708,326,1196,207,184,546,211,327,306,14,901
709,481,189,135,303,779,659,311,735,139,1072
710,306,517,514,413,923,658,207,395,1049,99
711,923,1114,18,310,886,20,762,588,482,383
712,288,747,895,261,970,503,467,607,836,684
713,339,293,879,522,830,872,537,508,356,126
714,285,18,418,872,330,12,20,478,737,221
715,285,18,678,1007,558,478,517,330,325,612
716,224,483,481,522,6,330,56,391,285,646
717,339,310,485,891,309,46,113,822,257,284
718,306,769,326,144,747,309,330,419,113,171
719,747,288,286,743,261,728,127,534,836,820
720,311,341,308,1600,127,407,197,115,288,920
721,514,608,419,270,171,326,193,617,287,528
722,117,750,164,22,894,304,587,95,296,287
723,236,279,466,517,315,1100,185,925,846,1187
724,323,288,478,287,314,173,1089,922,252,1017
725,300,22,314,286,747,29,1594,613,287,223
726,169,198,325,2,125,314,491,879,528,791
727,314,244,188,310,407,568,588,279,161,245
728,263,608,846,812,538,1603,658,332,344,62
729,325,88,287,763,168,653,121,491,1008,611
730,108,1047,285,478,294,474,378,613,330,315
731,309,353,419,1133,631,286,407,610,158,85
732,263,344,467,369,168,607,649,826,606,871
733,611,80,459,1133,127,168,631,740,410,121
734,245,285,537,339,311,610,486,1600,887,139
735,288,879,318,331,317,323,897,224,603,587
736,590,320,482,1006,824,947,287,339,606,250
737,288,534,8,12,747,261,222,474,478,647
738,747,330,222,424,224,878,741,434,184,476
739,339,284,1600,285,497,322,486,245,126,310
740,314,491,356,169,275,433,708,462,325,168
741,1089,315,454,287,514,517,173,653,520,530
742,0,658,886,357,1603,978,482,734,640,461
743,309,918,637,0,1202,306,658,754,155,606
744,534,288,424,603,712,614,879,323,1118,600
745,495,263,242,413,101,658,548,296,268,99
746,288,1089,743,503,891,353,826,41,684,127
747,323,1134,206,528,288,712,855,1089,345,671
748,326,322,257,267,299,311,320,502,0,128
749,326,879,651,302,747,511,330,695,305,192
750,495,8,259,1266,325,1008,242,222,474,548
751,296,327,342,207,56,596,240,506,494,139
752,403,846,520,484,812,522,590,239,899,0
753,99,923,180,747,491,287,171,750,26,18
754,339,689,287,891,897,879,855,288,117,146
755,311,938,639,348,503,245,601,537,139,312
756,846,812,263,86,344,239,268,989,583,346
757,403,614,879,325,651,186,530,92,871,647
758,879,139,508,691,897,288,922,486,562,0
759,695,1059,305,322,855,502,328,879,6,509
760,279,285,245,56,925,736,974,519,395,244
761,353,339,309,696,310,139,135,537,631,285
762,1600,22,419,855,749,58,610,139,901,1202
763,923,479,268,881,306,207,271,886,1114,395
764,55,1600,854,1008,1202,1141,1010,196,674,606
765,309,267,161,92,407,291,512,974,212,546
766,748,750,224,243,330,317,454,269,466,878
767,288,735,747,345,303,323,534,12,150,146
768,309,353,303,419,658,173,135,495,461,537
769,314,339,1136,275,462,355,356,433,743,308
770,743,46,309,288,433,680,310,1136,1202,557
771,482,923,64,745,309,268,415,983,618,606
772,843,660,332,514,795,706,901,434,735,855
773,330,424,403,517,222,534,466,241,548,878
774,348,250,222,311,301,840,511,100,326,743
775,330,750,608,267,29,613,747,48,291,1196
776,241,309,918,301,268,689,1202,431,720,754
777,222,530,514,206,56,100,236,548,968,330
778,127,1600,631,660,22,419,286,320,291,1133
779,1010,268,918,241,606,1006,173,431,55,287
780,206,345,530,222,330,474,596,735,1066,1100
781,654,830,695,305,212,117,66,146,822,261
782,267,974,602,403,317,233,315,1141,606,269
783,267,164,314,356,291,312,284,293,761,537
784,658,135,123,134,418,886,538,285,245,271
785,127,1600,290,511,364,64,706,22,660,381
786,716,992,314,326,304,164,356,891,284,608
787,2,286,825,125,647,534,341,113,260,814
788,548,325,1008,275,263,8,708,495,423,167
789,54,403,155,614,241,529,301,962,1010,918
790,314,462,327,316,115,652,198,588,211,753
791,608,211,258,284,881,749,179,322,901,346
792,503,418,134,135,353,1603,895,631,1062,194
793,608,342,735,207,288,646,258,749,483,56
794,325,206,614,100,7,301,647,198,495,962
795,82,288,115,355,221,314,219,608,749,1132
796,291,210,300,659,660,143,481,267,751,189
797,325,1089,530,155,100,491,169,99,743,791
798,18,747,478,923,269,164,0,630,331,306
799,403,502,155,186,267,165,935,257,1034,315
800,318,749,855,528,522,632,1202,477,509,315
801,747,751,168,534,252,1159,880,288,187,660
802,740,750,468,223,274,287,1114,339,771,632
803,1089,100,743,879,528,844,652,530,791,222
804,1017,894,323,922,771,22,193,121,1008,1600
805,901,311,656,139,514,652,1202,844,1600,332
806,407,164,716,314,992,291,1284,747,602,125
807,322,467,284,291,415,346,1600,1024,326,127
808,322,284,126,339,415,326,509,745,257,310
809,614,51,491,427,165,391,301,651,330,85
810,311,322,339,855,348,901,1600,320,309,303
811,632,881,989,383,681,874,1114,310,777,331
812,344,18,895,478,113,517,306,538,476,123
813,608,660,127,1600,314,341,308,346,503,751
814,287,117,339,126,497,285,279,528,672,678
815,143,224,343,1010,184,6,165,55,994,54
816,763,31,423,325,611,495,186,54,1187,653
817,511,528,879,506,206,1118,651,88,830,100
818,314,608,323,2,462,448,647,879,1069,59
819,339,537,284,486,164,314,321,1072,40,522
820,322,546,284,339,257,267,606,1600,522,165
821,326,662,356,992,546,1196,267,314,161,1114
822,320,461,309,482,812,108,173,658,640,269
823,608,846,514,298,660,692,252,288,122,257
824,291,326,1196,311,901,1114,747,261,356,662
825,291,467,326,14,261,1196,64,1024,284,322
826,64,658,296,1133,461,511,97,135,317,303
827,288,64,735,1175,296,207,843,222,117,691
828,534,302,314,614,743,156,747,331,403,879
829,322,301,467,947,415,743,777,886,637,618
830,263,344,433,491,44,762,268,187,292,510
831,8,245,529,241,85,752,515,968,647,784
832,608,369,749,346,86,708,771,846,632,750
833,713,56,962,330,391,648,1049,268,548,658
834,127,660,325,503,611,267,415,346,136,467
835,614,286,125,403,947,706,300,156,40,54
836,522,315,484,508,267,1668,0,630,128,879
837,322,415,947,1072,879,58,1202,1600,606,614
838,309,1159,155,123,85,306,529,245,310,11
839,2,332,608,647,125,1024,660,800,467,233
840,222,1010,56,426,901,962,741,881,483,301
841,461,320,1018,127,353,303,812,415,495,658
842,606,610,918,309,637,1202,1089,241,922,1312
843,327,95,62,263,296,608,181,268,654,510
844,300,288,261,189,747,381,40,215,212,332
845,285,306,1090,309,244,18,144,419,310,925
846,314,223,275,294,244,1027,293,443,356,84
847,310,244,113,872,123,285,681,241,18,309
848,310,168,410,113,23,213,602,433,608,304
849,300,286,314,212,341,125,407,1038,747,164
850,314,595,356,346,312,284,293,546,652,846
851,513,261,288,314,465,115,434,208,943,595
852,288,301,608,528,735,222,13,318,855,30
853,325,1008,750,740,92,99,736,1007,168,330
854,314,747,356,935,300,286,751,1546,640,312
855,894,288,285,146,688,608,164,298,133,750
856,431,1006,288,846,812,331,743,692,321,356
857,681,493,872,615,219,310,339,478,293,482
858,326,290,291,312,618,322,1153,415,595,652
859,339,355,891,41,637,353,615,468,922,175
860,608,750,846,369,595,632,660,252,86,284
861,1600,901,855,250,443,348,502,311,608,844
862,330,279,171,184,95,211,654,388,701,675
863,517,330,18,548,222,466,99,8,530,923
864,314,341,161,197,660,1159,608,275,136,187
865,322,343,346,224,741,1010,184,284,161,509
866,1034,332,935,53,1209,627,496,660,188,1038
867,495,325,245,457,601,259,1128,1008,658,1141
868,274,297,989,784,244,1008,294,749,279,568
869,750,608,369,877,370,361,1600,409,291,117
870,311,901,639,259,245,658,843,470,267,348
871,40,339,285,139,537,1118,212,948,323,300
872,306,0,312,198,326,207,1013,126,618,139
873,306,407,327,1118,212,948,825,113,125,440
874,341,284,1600,245,135,407,291,505,1141,267
875,267,1072,443,40,522,116,300,481,846,940
876,1010,1600,660,311,341,267,1603,428,1202,512
877,51,296,64,302,672,923,312,618,202,117
878,320,1072,590,865,1018,1603,303,461,426,779
879,285,478,615,872,219,630,522,486,493,1668
880,314,164,740,210,751,267,356,659,474,312
881,306,311,309,923,810,326,588,407,316,113
882,325,608,1008,168,1007,876,1600,59,472,810
883,64,728,511,242,495,339,947,1153,706,415
884,525,344,846,510,239,263,1008,46,315,608
885,403,899,186,267,865,356,320,423,257,522
886,314,345,300,1100,443,22,40,735,312,751
887,520,177,660,525,423,1010,846,918,155,611
888,495,503,8,341,1600,259,751,1603,489,127
889,314,323,608,771,219,595,521,203,164,652
890,326,743,879,299,0,514,126,608,311,901
891,40,739,495,595,314,423,546,325,947,537
892,615,522,366,275,1008,219,315,86,293,645
893,513,66,212,332,327,509,1202,1546,30,406
894,108,86,320,287,223,846,49,1010,750,583
895,312,595,290,339,321,303,706,314,40,513
896,301,222,528,1193,462,169,206,100,708,614
897,288,1089,743,301,431,1006,8,250,331,735
898,1010,344,538,1021,294,8,1603,784,875,548
899,520,344,239,846,525,1010,346,548,925,983
900,689,244,314,457,537,407,279,339,309,458
901,302,331,213,743,467,608,62,326,923,618
902,740,750,171,330,99,675,1049,259,1114,80
903,325,155,168,99,530,113,491,1008,1159,1007
904,874,268,925,344,1114,86,989,274,923,356
905,606,614,315,403,918,610,763,186,450,113
906,747,261,534,288,314,302,53,961,899,476
907,117,327,689,596,528,30,506,95,206,345
908,309,310,1114,407,992,306,740,292,923,113
909,325,1008,168,615,155,1089,1064,275,637,1007
910,879,872,293,339,322,647,302,6,151,615
911,1118,259,674,511,459,695,410,23,306,1067
912,872,285,293,747,314,502,219,339,830,323
913,322,467,284,2,415,339,505,879,183,863
914,658,1133,728,139,64,309,970,1202,511,311
915,267,514,698,495,31,101,1133,512,739,485
916,211,139,698,565,212,596,739,270,206,284
917,825,56,259,886,20,139,251,713,184,529
918,284,339,164,353,750,304,320,632,369,894
919,520,525,155,454,11,743,528,791,1089,301
920,879,747,302,1089,18,840,75,461,743,503
921,514,530,99,325,495,423,222,324,843,503
922,311,879,115,288,261,886,271,497,139,222
923,514,100,528,41,520,315,92,530,325,306
924,495,135,1072,245,418,1128,56,537,489,355
925,615,493,285,339,872,288,478,219,537,610
926,339,310,113,468,309,356,662,427,442,18
927,895,538,155,534,607,658,1603,478,503,970
928,747,222,530,424,769,878,155,302,100,791
929,314,51,588,961,302,202,8,271,176,495
930,314,285,323,474,339,40,689,303,706,830
931,548,962,875,344,239,784,737,968,723,8
932,923,846,75,312,517,0,194,267,899,741
933,681,891,18,344,923,288,331,747,219,310
934,285,339,537,287,245,244,171,279,468,22
935,491,314,325,169,337,51,462,301,302,1193
936,879,1089,113,315,478,791,1007,525,325,219
937,309,1202,239,200,344,525,918,606,922,567
938,353,288,321,339,135,1603,134,355,537,497
939,311,901,1600,259,608,245,139,282,1603,895
940,537,339,1141,1128,40,606,485,309,1016,486
941,750,326,99,800,1196,788,14,514,1024,296
942,306,18,1089,309,885,826,895,478,113,0
