0,149,918,1561,284,49,44,275,168,171,301
1,168,1576,407,284,602,301,1631,123,126,579
2,1561,640,1072,409,1576,167,165,204,176,198
3,1576,1631,125,317,168,271,189,1561,407,259
4,301,174,49,194,11,149,113,1561,407,314
5,426,482,473,1561,407,123,510,614,478,5
6,314,1561,315,134,962,631,47,55,407,99
7,168,63,257,1576,97,86,182,602,1631,126
8,1021,199,287,150,97,482,189,82,315,495
9,1576,1631,1561,317,62,482,962,662,126,168
10,1576,962,317,407,1631,168,271,495,314,526
11,1561,1576,656,312,168,495,602,315,407,1188
12,518,520,510,134,866,99,646,962,271,1062
13,49,431,133,174,895,473,252,1561,47,150
14,312,49,749,47,173,962,171,899,168,583
15,1561,63,49,1576,186,11,126,171,482,173
16,49,171,11,1561,172,63,126,1141,12,1576
17,168,301,1631,267,962,1576,407,317,284,241
18,1561,314,482,315,222,1576,646,962,7,99
19,1631,1561,1576,1188,458,1297,168,165,433,247
20,186,126,181,513,204,55,63,481,356,191
21,918,1561,63,172,312,97,149,197,11,113
22,1561,407,113,168,188,473,477,44,1631,602
23,1561,662,1631,1576,168,63,312,602,188,640
24,1561,271,317,1576,168,63,125,189,1631,97
25,49,312,63,173,168,271,126,1576,407,317
26,1561,49,1576,11,317,63,171,482,172,324
27,1561,63,49,11,171,113,317,126,173,962
28,1576,317,1561,407,126,11,133,482,49,188
29,271,126,317,1576,1561,407,315,168,63,356
30,812,1064,237,136,646,653,708,473,513,22
31,63,1561,49,182,126,1631,257,171,962,97
32,1561,312,271,315,1576,1631,49,63,172,173
33,1631,168,271,407,1561,241,310,662,244,268
34,299,1200,312,1561,1631,125,173,180,317,171
35,249,1640,194,49,174,88,1576,1631,483,1018
36,1561,301,315,168,407,1576,49,113,1631,517
37,317,142,285,314,581,923,1561,332,537,196
38,1640,281,180,1561,172,173,95,194,108,962
39,1200,1576,662,186,126,1561,168,317,640,312
40,1561,49,640,184,482,479,1576,191,22,473
41,1576,21,317,1631,495,173,49,1561,497,168
42,312,514,1576,1561,172,63,82,495,317,113
43,301,49,1576,168,1561,1631,113,708,407,189
44,1561,315,314,1576,173,312,482,172,49,97
45,285,1129,1620,1561,662,305,482,343,177,602
46,268,11,339,49,284,1576,510,407,962,482
47,1576,1561,317,1631,99,134,126,314,11,962
48,59,58,487,1561,473,284,136,653,60,492
49,1064,261,41,342,6,1136,812,270,194,345
50,172,21,171,173,172,1576,171,271,314,315
51,1561,1576,271,317,97,514,168,63,1631,602
52,312,301,271,317,1561,271,407,495,602,426
53,1561,1576,1631,317,962,49,312,95,171,706
54,1576,11,1561,49,173,88,1631,126,68,317
55,1561,63,49,11,1576,172,173,317,171,97
56,1576,312,1561,63,514,317,113,482,49,1038
57,301,113,514,486,275,407,268,356,492,517
58,126,1561,55,474,339,49,345,271,99,63
59,1631,271,1561,662,1576,168,188,301,113,315
60,299,312,21,1200,409,63,97,11,602,49
61,55,1561,918,208,482,708,172,656,653,11
62,1561,314,962,55,8,315,317,11,356,301
63,172,1561,208,204,11,1576,482,55,315,656
64,312,177,1576,1561,63,168,662,68,602,317
65,49,194,1576,171,95,1631,1561,21,180,962
66,1640,1613,1631,49,271,962,171,895,173,474
67,172,407,49,1141,312,268,11,514,1561,171
68,186,126,1561,275,49,284,653,866,63,58
69,49,1576,1561,317,482,11,63,97,514,602
70,1561,9,1576,317,55,477,318,113,514,482
71,514,1561,285,312,1576,317,662,196,1631,1072
72,918,1561,113,11,168,602,407,514,356,63
73,1561,312,271,315,314,97,1576,63,317,1631
74,1561,520,59,58,511,614,518,516,213,477
75,126,482,133,510,22,186,305,184,431,962
76,113,918,188,1631,602,305,11,168,177,301
77,1576,484,312,204,1038,135,656,168,495,407
78,1631,250,1561,301,708,1576,241,343,1297,482
79,55,317,356,11,1576,1561,63,314,126,922
80,1561,126,63,97,312,186,199,514,197,356
81,168,1576,1561,315,312,204,173,198,640,602
82,168,312,1062,63,1576,264,281,257,173,124
83,1576,1561,482,317,49,173,1631,169,602,168
84,1576,1561,482,317,126,640,135,1631,184,497
85,271,314,1561,1631,511,315,222,407,99,962
86,1561,317,1576,656,1188,173,602,312,962,63
87,1561,1576,1631,317,188,271,662,63,11,113
88,1561,312,168,252,188,1576,113,63,407,172
89,1561,581,1072,1576,482,196,315,1631,478,97
90,126,1576,317,49,21,173,271,63,660,125
91,1561,317,126,55,63,356,1576,11,962,1631
92,1576,1631,317,1561,113,1626,315,21,11,962
93,1561,482,268,407,473,284,168,126,602,301
94,1561,314,271,173,172,18,49,315,11,426
95,317,63,249,895,297,126,81,97,296,271
96,257,99,962,520,149,646,245,511,517,133
97,267,274,317,1576,1193,1631,407,284,142,495
98,1561,11,63,155,143,312,1576,126,10,1626
99,1576,312,1561,49,173,171,165,1631,180,63
100,49,312,173,63,1576,271,1561,143,11,317
101,1561,1631,1576,962,314,49,315,168,271,11
102,1631,271,317,1561,11,1576,63,301,49,404
103,49,171,173,180,1561,510,172,1576,1141,482
104,312,63,514,168,113,407,1576,284,1561,274
105,1561,1576,1631,317,482,662,962,497,168,866
106,901,49,510,271,99,962,126,134,345,1141
107,1561,1576,317,1631,178,482,97,63,58,11
108,312,171,49,173,1561,95,180,315,962,172
109,1561,1576,312,514,1072,97,315,82,1631,317
110,1561,1576,315,514,113,314,312,407,317,332
111,285,1576,317,132,315,312,85,314,1631,962
112,1576,317,1631,21,63,495,86,168,662,188
113,510,918,1141,49,171,482,182,173,126,123
114,918,1561,708,153,197,646,895,49,301,88
115,1561,962,1576,186,126,1631,275,99,503,653
116,1561,168,271,1631,63,662,315,125,257,49
117,11,1561,113,49,172,88,63,301,1576,189
118,113,1561,168,407,257,222,207,188,962,477
119,317,63,1576,271,274,1561,168,514,495,97
120,1576,1561,497,640,482,407,135,285,198,241
121,241,275,1561,1576,492,630,284,47,482,250
122,1576,407,284,285,640,168,482,241,497,126
123,1561,662,1631,41,1018,1072,866,179,63,182
124,49,1576,180,171,173,21,209,0,317,63
125,1561,640,167,49,174,198,483,487,1576,172
126,1561,172,113,95,1018,1188,165,146,1576,197
127,1561,191,1576,482,317,184,172,1021,126,143
128,1576,482,851,514,301,268,1141,49,285,602
129,63,317,1576,312,297,1561,662,126,133,479
130,1561,315,314,1576,407,312,47,13,631,749
131,168,513,1561,58,407,59,473,511,482,602
132,49,1561,271,168,171,317,222,173,11,407
133,312,1576,63,1561,317,173,97,21,264,1188
134,1561,49,63,126,173,312,271,97,171,317
135,168,407,1576,317,1631,189,301,113,356,962
136,1561,222,95,962,194,49,315,207,113,171
137,1561,1576,97,63,126,312,482,168,317,186
138,1561,662,63,317,312,126,55,11,1576,1631
139,1576,1561,482,126,317,962,1631,49,312,173
140,325,63,1631,312,627,1062,689,923,662,271
141,49,1561,962,305,317,1631,126,171,173,63
142,1561,63,312,97,197,172,662,511,271,11
143,1576,317,1561,168,1631,482,495,962,407,662
144,301,519,315,299,1576,113,181,49,143,11
145,1561,47,174,662,1631,284,168,407,133,314
146,1576,317,1631,271,407,168,1561,241,962,495
147,241,1561,1008,749,1631,343,693,301,305,706
148,1576,482,317,407,1631,510,133,123,168,268
149,1561,1631,317,11,63,305,1576,56,49,514
150,18,426,602,168,177,284,407,1062,1561,478
151,1576,168,312,484,495,47,264,602,407,317
152,113,55,514,63,511,271,312,1561,356,97
153,1561,126,640,186,63,191,22,55,49,134
154,1561,126,1576,312,49,63,482,317,191,602
155,640,126,1576,1631,133,1561,482,487,284,186
156,656,113,204,1576,514,602,11,135,519,1561
157,1561,315,301,851,314,749,1576,482,49,514
158,312,49,173,1561,171,180,662,264,271,47
159,126,1561,63,186,178,55,11,356,22,191
160,55,474,1561,287,314,511,315,178,271,113
161,1561,312,1576,1631,63,168,317,271,662,962
162,1561,1576,271,312,63,97,317,11,356,315
163,271,1561,1631,314,1576,21,315,173,317,125
164,168,1631,1576,1561,49,63,125,169,271,317
165,312,1561,269,63,281,173,120,851,944,299
166,9,1561,314,318,339,13,8,178,581,345
167,1576,172,312,1561,143,495,264,173,82,168
168,1576,312,168,1631,1561,21,63,317,49,602
169,1576,1631,317,168,312,1561,1062,21,662,602
170,168,49,407,1576,271,962,173,1561,301,325
171,315,1576,1561,271,301,49,317,99,1141,962
172,1631,1576,1561,113,301,168,317,1626,271,602
173,113,257,220,514,922,301,968,284,528,356
174,1576,312,173,49,63,482,317,126,650,171
175,1631,305,284,133,407,1561,426,168,188,113
176,1561,11,1576,49,63,126,178,55,356,172
177,49,1576,312,63,171,173,180,1561,172,602
178,474,55,696,257,520,24,1561,287,314,771
179,662,1561,511,1631,895,168,213,188,271,520
180,312,63,203,173,171,567,97,514,650,233
181,49,171,962,1576,1561,173,180,317,0,95
182,656,513,481,1561,602,1188,377,196,704,482
183,482,1576,513,1631,284,133,1297,274,492,317
184,47,407,284,168,1576,482,133,962,126,579
185,312,1576,689,525,254,1631,1072,762,283,154
186,1576,189,317,11,250,1631,901,482,1100,169
187,1561,312,271,285,514,1576,1631,97,317,315
188,285,85,1561,1576,1626,11,305,482,426,480
189,312,1576,168,271,257,315,1561,63,173,21
190,1576,1561,962,482,514,317,312,126,314,315
191,113,1576,407,315,514,11,168,271,317,1561
192,1576,168,407,284,47,478,602,482,495,426
193,1576,1561,168,11,312,63,407,356,155,602
194,305,1561,133,1576,479,49,482,602,126,426
195,513,317,482,196,142,184,1576,495,1193,478
196,1576,482,317,204,495,132,173,49,68,650
197,49,268,1561,407,169,168,1141,171,271,1576
198,301,241,1626,315,268,113,11,356,514,1576
199,1561,1576,1631,317,63,49,482,962,173,95
200,339,126,55,99,962,345,513,507,181,315
201,1631,169,1576,708,165,189,512,49,518,95
202,49,301,168,305,252,312,125,1561,268,1631
203,268,285,1561,13,241,1576,482,427,169,407
204,1561,1576,1631,317,63,97,11,514,922,271
205,271,63,172,287,312,173,49,314,171,332
206,1576,317,1631,1561,168,495,267,482,962,63
207,1576,495,168,312,656,1062,481,1188,484,602
208,1631,1576,704,602,656,1561,177,1297,653,660
209,962,1561,482,47,1576,49,312,284,126,407
210,1576,1561,656,204,135,487,481,497,640,1072
211,274,142,317,495,168,303,407,484,284,1576
212,1561,312,662,1072,63,168,167,602,1631,640
213,1561,113,656,1064,1631,602,63,188,197,55
214,168,1576,1561,63,165,704,918,49,602,515
215,1561,126,63,179,186,97,11,1631,55,356
216,1064,142,922,656,346,968,480,377,603,493
217,1561,514,97,482,1576,602,63,11,126,478
218,178,99,511,407,208,168,468,55,653,174
219,1576,49,317,514,11,301,1561,1626,312,63
220,1561,1631,662,179,640,1576,194,11,88,706
221,271,315,257,1561,312,173,314,511,171,49
222,1576,312,143,204,495,264,384,173,21,519
223,312,1576,264,495,173,63,317,142,21,1188
224,1576,1561,482,317,602,656,962,49,11,63
225,271,1561,125,314,315,511,1631,317,11,1576
226,267,168,407,58,189,274,268,284,59,317
227,312,271,63,305,285,317,689,851,11,514
228,252,1626,125,274,267,282,85,431,305,268
229,168,1062,1576,169,1631,86,267,317,125,274
230,1561,1631,271,1576,317,851,1626,314,63,173
231,1561,1631,431,305,133,662,177,426,706,473
232,1561,581,962,312,196,284,47,317,482,97
233,1561,482,177,1576,1631,305,602,483,426,49
234,284,962,510,126,356,1576,1561,99,482,653
235,581,346,288,1561,314,1631,606,196,487,29
236,1576,168,407,99,602,126,284,482,1631,317
237,1561,271,317,315,312,63,314,1576,1631,514
238,1561,19,918,153,521,346,213,693,1008,708
239,301,474,271,514,113,356,55,317,962,312
240,1576,315,317,1561,495,407,168,497,482,962
241,317,1576,1561,1631,142,962,133,495,662,426
242,1561,1576,284,656,407,1631,602,168,188,962
243,58,1561,56,420,169,60,516,59,150,605
244,1561,1188,1576,312,353,168,281,14,116,1631
245,189,168,407,267,63,486,274,126,292,513
246,1561,1576,317,482,63,962,97,1631,169,426
247,172,55,11,208,1561,178,197,474,175,155
248,1561,1631,113,168,602,63,188,284,301,1576
249,1561,284,662,1631,487,602,41,196,133,63
250,49,63,126,1576,482,317,133,11,1561,602
251,1561,1576,514,113,63,602,1631,356,11,168
252,1576,317,113,656,189,922,11,63,204,1631
253,314,173,49,749,962,1576,171,68,317,180
254,1561,275,183,200,55,481,66,151,1064,420
255,1576,113,168,656,1561,495,188,407,82,602
256,1561,1631,662,284,305,133,55,866,487,962
257,1576,1631,168,169,125,317,484,482,495,212
258,1561,1631,1576,662,301,113,168,315,11,188
259,267,662,1631,1576,245,317,476,186,188,1561
260,1561,407,168,1576,11,271,640,155,662,1631
261,1561,482,317,58,1631,56,1576,962,169,189
262,1576,317,1631,168,271,356,527,11,886,189
263,49,962,171,510,1561,133,482,477,895,1006
264,312,1576,21,1561,173,271,68,63,1631,317
265,126,356,317,482,63,1576,514,1141,97,191
266,1561,126,49,168,63,1576,167,1631,602,11
267,1561,126,918,186,182,510,99,482,356,653
268,407,284,473,188,168,191,123,59,174,55
269,1561,317,9,1576,271,11,293,1631,125,63
270,1576,962,317,356,126,510,482,99,315,97
271,1561,63,11,126,168,55,186,407,356,602
272,1631,126,1576,317,49,63,962,301,482,356
273,1561,271,315,314,11,317,962,49,63,407
274,1576,49,1561,1631,173,171,180,317,962,21
275,1561,11,63,49,317,1576,126,113,356,172
276,1576,63,312,317,514,356,97,126,1038,168
277,199,150,1620,317,1561,49,602,312,514,426
278,454,249,830,47,172,1021,517,454,407,477
279,1640,261,706,897,113,1159,9,315,427,1576
280,317,897,688,244,1631,271,1576,301,85,317
281,49,1640,171,431,317,962,171,128,245,189
282,1561,640,184,482,1576,49,483,479,196,167
283,1561,1631,1576,11,317,113,168,271,482,407
284,1561,172,49,11,63,171,312,173,271,317
285,285,1626,270,85,113,1083,11,327,301,172
286,11,1561,113,315,1576,271,175,63,194,514
287,312,314,305,689,356,749,271,63,1561,173
288,1561,312,315,113,143,11,55,1576,63,519
289,1576,125,49,317,169,180,173,171,495,962
290,1561,312,126,49,315,1576,134,271,407,275
291,1561,1576,126,11,640,482,55,602,656,186
292,126,510,168,407,284,49,1141,356,660,1576
293,1561,63,317,11,514,97,1576,172,482,602
294,1561,315,1631,427,314,1021,1576,47,962,407
295,315,1576,168,407,886,99,123,257,478,944
296,271,407,268,301,1561,312,314,317,315,18
297,1576,1561,317,482,63,602,11,495,1631,126
298,1561,1576,1631,482,189,317,178,113,9,165
299,1561,113,353,1015,1021,1576,315,741,55,200
300,1561,1576,143,49,173,63,317,11,1626,312
301,1561,1576,1631,113,317,63,11,514,1188,1626
302,126,1561,482,1141,186,63,356,204,191,317
303,1576,312,49,173,63,180,171,264,21,650
304,305,301,918,177,602,115,49,18,284,660
305,1561,314,749,49,173,301,312,11,315,305
306,708,189,492,1561,168,172,58,482,169,920
307,1561,962,1631,133,126,267,55,317,284,662
308,1576,1631,257,1561,317,300,168,113,315,188
309,301,1561,268,407,123,241,1576,315,85,514
310,312,1561,173,49,962,63,171,271,315,1576
311,1631,343,267,250,241,1576,245,922,254,706
312,1576,1631,1561,660,11,640,88,179,483,134
313,288,1631,431,487,662,1576,344,142,305,605
314,133,407,482,510,317,150,126,473,284,477
315,886,1631,188,649,168,310,528,511,1062,271
316,1561,1576,1631,11,271,315,317,95,49,21
317,312,1576,47,407,168,495,315,962,284,317
318,1576,1561,11,113,317,312,63,514,1631,656
319,1561,63,312,662,113,1631,11,168,21,49
320,482,1576,1561,497,656,602,135,487,196,478
321,284,1561,168,126,407,275,55,99,602,356
322,63,126,49,168,1561,312,177,356,602,11
323,1561,1576,1631,317,63,95,315,514,312,97
324,134,1561,614,473,640,518,524,164,735,483
325,125,189,222,407,168,1576,879,271,257,82
326,482,126,186,22,184,133,510,922,317,1576
327,1576,317,886,1631,495,271,922,482,189,97
328,271,317,1631,1576,168,301,63,356,962,284
329,1631,1561,1576,317,1497,63,602,482,962,142
330,49,133,305,317,339,90,962,1561,271,895
331,1561,1576,63,1631,312,662,95,11,1018,186
332,1576,173,312,315,1561,317,962,49,314,171
333,1561,113,301,1631,168,602,11,482,1576,514
334,1626,271,285,851,301,1576,689,1631,315,11
335,312,63,126,271,97,332,199,1561,191,49
336,1561,1576,168,317,113,407,511,222,63,656
337,261,284,268,47,275,168,126,646,301,1561
338,407,1561,482,133,473,168,126,479,317,113
339,1576,142,495,317,63,486,482,514,656,204
340,1576,1561,407,317,315,168,271,113,1631,285
341,267,204,338,344,1576,131,245,740,477,317
342,1561,962,482,1631,510,131,133,49,1576,708
343,1561,11,301,113,407,49,356,1576,602,168
344,317,407,63,482,1576,168,514,356,602,1561
345,1576,11,194,1631,21,317,314,962,95,519
346,312,41,689,149,63,254,181,173,126,21
347,1561,95,49,63,171,180,173,172,317,312
348,1631,1561,706,241,284,343,662,41,962,693
349,1561,482,314,1576,11,133,1631,602,126,479
350,1631,1576,1561,312,662,168,1497,21,317,63
351,126,1576,317,962,99,186,510,315,356,314
352,271,317,1576,312,63,168,407,1561,356,1631
353,1631,1561,473,1083,133,431,301,47,241,646
354,1561,314,1631,315,1576,317,662,271,962,95
355,271,1561,63,113,312,257,55,514,511,97
356,1561,63,1576,317,49,11,312,173,97,172
357,9,285,189,1631,250,13,752,317,1523,922
358,1561,1576,49,317,63,173,312,271,11,1631
359,1561,482,1576,1631,492,962,653,126,497,487
360,1576,482,126,317,510,497,186,190,204,135
361,1561,1631,327,241,301,1626,343,271,1576,706
362,172,1561,511,11,113,168,614,197,63,407
363,1561,271,317,312,63,923,1631,125,97,1576
364,1631,305,1561,317,63,11,271,301,1576,312
365,1561,662,134,1021,271,895,330,407,191,63
366,1561,113,63,11,172,1631,1018,197,49,662
367,168,252,113,188,1561,63,895,44,60,284
368,317,63,11,1576,271,49,1631,113,356,21
369,918,1561,708,482,1631,165,483,614,518,512
370,1576,312,1631,1561,63,317,97,21,315,962
371,1561,662,1631,312,1576,63,179,640,317,1072
372,1561,172,1576,168,113,125,82,920,49,268
373,513,143,469,312,1011,615,66,186,481,281
374,49,171,1576,173,11,317,63,962,180,482
375,1561,97,63,482,271,514,49,317,1576,11
376,1561,1576,63,11,49,317,312,97,165,172
377,1561,1576,482,1631,962,66,49,602,173,426
378,1561,482,1576,656,97,602,11,196,356,514
379,1576,1631,49,168,301,317,407,169,901,512
380,133,482,473,407,1561,7,85,1576,477,486
381,1064,487,1561,704,1631,706,656,1297,59,250
382,482,317,133,126,1576,479,510,184,426,602
383,1576,1561,1631,317,49,63,962,271,11,168
384,513,133,639,646,184,18,284,855,1535,633
385,271,1576,317,514,168,125,63,315,407,113
386,301,901,11,851,88,407,1561,345,473,49
387,1561,1631,49,63,662,1576,113,11,21,194
388,131,133,1631,284,482,510,646,1297,962,653
389,1576,317,267,495,962,168,484,407,189,579
390,602,1561,284,168,177,312,1576,305,41,528
391,1561,134,1576,49,510,962,173,482,407,171
392,1561,1576,327,1631,1188,317,21,965,63,82
393,271,317,133,1631,314,407,962,63,305,426
394,1561,482,1576,49,126,165,483,1631,173,296
395,1576,1561,317,63,113,514,271,1188,1631,11
396,1561,126,49,186,63,177,171,602,510,284
397,49,1576,317,495,63,482,169,312,168,189
398,1561,113,9,1576,1631,317,82,235,1188,1395
399,312,1576,514,63,317,1561,315,962,271,301
400,315,318,1576,511,886,370,656,495,257,314
401,317,126,312,63,1576,962,482,173,1561,168
402,49,1576,171,173,21,1631,180,257,962,63
403,312,1561,173,125,49,271,168,171,63,180
404,150,142,894,344,317,68,293,63,297,332
405,49,1631,343,301,345,305,749,901,962,1239
406,1561,602,11,49,63,1576,1631,113,172,317
407,1561,49,962,171,315,1576,317,125,169,189
408,317,213,901,1141,97,271,169,126,199,356
409,312,1576,407,168,47,49,1561,173,579,268
410,1561,49,1576,169,171,63,317,168,172,962
411,1561,312,315,271,173,49,1576,962,314,63
412,49,1576,482,169,317,407,173,168,268,47
413,1561,55,113,11,271,407,168,63,301,962
414,1631,1576,301,11,1561,317,113,922,241,514
415,1576,514,63,317,189,11,97,602,113,656
416,1561,11,317,1576,189,63,511,113,222,271
417,271,125,865,317,63,274,1062,97,923,257
418,63,1576,11,1561,602,317,514,482,97,172
419,317,1576,1631,962,922,271,482,356,886,11
420,198,49,1576,660,182,525,479,851,11,918
421,199,1561,63,97,126,514,191,197,356,317
422,1631,962,1576,317,482,1561,271,169,284,315
423,581,923,271,296,317,324,125,339,1561,771
424,149,474,194,55,49,1561,174,171,11,95
425,513,188,1018,113,656,168,602,429,184,1561
426,1631,962,457,706,267,1626,1561,317,1576,85
427,47,1561,49,312,173,407,168,962,171,1576
428,49,1561,1576,173,171,168,312,63,11,407
429,11,482,314,1561,1576,317,514,479,356,113
430,1576,125,271,317,1561,21,49,1631,173,1626
431,312,63,49,173,1561,171,21,180,271,1576
432,268,1561,301,241,1576,169,1631,58,300,49
433,312,264,1015,14,66,275,63,281,24,968
434,1561,172,165,49,11,1576,197,918,167,171
435,113,1561,257,200,514,1015,323,513,63,517
436,581,288,482,207,1561,708,7,477,346,227
437,1576,1631,125,257,1561,169,271,21,168,317
438,1561,1576,482,317,1631,962,514,132,312,315
439,431,305,1561,150,1631,60,897,477,252,235
440,1576,1561,168,1631,63,49,317,602,125,21
441,1561,63,197,55,113,172,918,11,97,420
442,1576,317,49,11,173,171,1626,63,21,1561
443,1576,1561,1631,317,11,482,602,173,177,49
444,1561,317,1576,1141,126,13,134,9,962,169
445,312,1561,168,284,1576,47,407,602,656,177
446,49,1561,173,126,271,171,11,99,134,1631
447,708,1561,482,646,49,165,515,249,169,167
448,1561,407,174,473,55,237,427,47,18,511
449,1576,1561,312,168,1631,317,407,63,47,602
450,312,1561,1015,281,24,63,14,172,116,160
451,581,851,271,844,314,97,886,478,18,296
452,1561,312,63,49,11,155,301,55,171,126
453,1576,317,495,173,271,125,21,49,63,962
454,1561,1576,315,271,317,482,1631,962,168,97
455,1631,284,1561,168,662,866,47,528,407,301
456,1561,1576,482,317,63,97,602,1631,11,168
457,188,267,133,113,513,174,407,473,1576,1297
458,1576,1631,317,125,482,169,1561,965,165,189
459,168,268,407,1561,301,284,1631,241,528,113
460,1561,63,58,59,186,60,1576,656,516,168
461,312,1576,63,168,21,264,514,317,602,1561
462,168,284,1631,257,523,301,47,274,407,1062
463,1576,168,1561,317,63,1631,962,407,602,113
464,1576,113,482,204,962,317,656,11,135,922
465,271,662,689,1631,1561,155,49,314,173,149
466,407,962,274,317,482,510,126,133,477,189
467,1561,133,962,482,317,49,126,510,426,284
468,1576,482,317,1561,131,1631,602,497,922,169
469,312,1561,173,63,271,49,301,514,315,962
470,143,1576,256,469,172,495,264,221,120,173
471,1561,1631,95,662,194,1018,86,326,245,165
472,63,168,317,49,271,407,171,11,173,150
473,1561,315,1576,962,314,173,99,356,126,49
474,49,1561,510,895,482,133,305,11,473,171
475,1561,312,1576,63,172,168,656,113,49,11
476,1576,1561,113,1631,317,514,1038,656,168,602
477,312,514,968,275,1038,356,63,55,1576,284
478,918,49,172,171,168,173,515,1561,518,227
479,1561,1576,168,602,918,518,407,656,165,1631
480,1576,301,1561,1631,482,962,49,708,168,173
481,1576,1631,317,312,1561,21,63,49,11,173
482,288,1576,482,962,303,227,132,274,708,7
483,1576,1561,49,171,168,704,962,173,1188,602
484,301,47,1561,315,168,962,1631,268,407,271
485,315,314,55,99,1561,318,962,511,1576,434
486,513,188,63,1576,168,189,113,656,317,602
487,1576,1188,21,165,63,1561,317,168,189,1631
488,1561,49,180,171,95,1631,173,194,662,249
489,1561,345,339,49,178,126,851,22,134,640
490,168,1576,113,407,188,301,602,1631,63,267
491,356,267,301,178,1631,901,1576,126,271,317
492,918,227,515,176,165,281,1561,312,429,656
493,1561,63,271,314,11,317,55,173,143,49
494,257,301,267,274,326,275,168,125,962,294
495,125,901,90,895,270,249,9,1631,546,169
496,1561,312,168,49,662,63,171,271,173,172
497,1561,614,88,11,895,518,640,197,134,473
498,1561,9,1576,315,314,178,317,1631,285,13
499,1561,520,511,55,1631,188,113,1448,662,866
500,1561,1631,662,186,188,126,640,55,11,1018
501,1561,194,95,11,172,49,314,171,1626,180
502,90,56,431,169,708,249,482,288,58,49
503,1561,1631,662,1576,188,317,113,63,168,1188
504,1576,285,1631,317,142,85,495,1497,1626,426
505,143,1576,63,11,317,126,173,650,602,186
506,1631,662,1561,1576,317,1497,706,21,1626,358
507,284,482,510,123,301,261,133,646,492,220
508,172,1561,63,312,11,49,514,113,97,171
509,312,1576,1561,168,172,49,173,63,514,271
510,271,314,317,407,125,1561,315,63,222,11
511,1561,11,1576,317,314,63,88,271,1631,194
512,1561,312,173,315,1576,271,314,317,49,962
513,1561,63,962,312,1576,1631,113,55,317,168
514,315,962,314,1576,1561,271,317,143,222,407
515,271,1561,49,1631,317,125,169,962,407,168
516,194,95,314,1176,113,257,11,222,1561,301
517,257,1561,281,1062,511,520,168,734,63,1188
518,899,174,47,431,49,457,962,284,133,108
519,312,1576,317,271,514,63,285,1631,97,1561
520,171,1561,49,1576,11,63,172,1631,165,113
521,1561,126,407,99,55,511,482,168,513,473
522,1561,317,1631,1576,426,271,63,49,113,168
523,99,345,315,1561,339,178,314,507,126,962
524,1561,172,312,962,49,171,1576,63,173,257
525,482,1561,317,514,274,133,196,126,85,962
526,186,918,126,510,482,660,49,653,149,602
527,312,63,172,1561,11,1576,49,171,918,165
528,1561,1576,113,1631,188,63,1188,656,317,662
529,168,1576,1631,317,63,602,188,177,113,407
530,1561,1631,1072,241,1576,315,301,312,168,514
531,1561,1576,63,312,602,656,49,165,482,173
532,1576,168,317,1561,495,1631,1062,131,188,602
533,1561,172,1072,1576,165,11,315,656,9,167
534,1561,1083,207,482,6,708,844,315,7,1631
535,1576,168,49,317,407,495,173,21,171,1631
536,407,284,99,123,473,356,168,126,1561,1576
537,126,317,1576,11,63,356,191,479,271,97
538,1631,168,47,1576,1062,1561,284,169,407,693
539,1561,1576,315,1631,317,312,482,314,63,126
540,1576,482,708,515,56,169,918,165,189,486
541,482,1561,1576,126,407,492,135,47,640,196
542,1576,317,1561,1631,482,922,656,497,204,131
543,1561,271,11,63,312,514,113,407,168,851
544,1561,49,1631,171,962,1576,95,173,180,63
545,1561,312,271,1072,172,16,197,153,18,511
546,1561,1576,656,962,602,49,11,519,168,204
547,143,1576,11,168,1561,222,315,63,519,49
548,1576,317,63,1561,11,271,97,49,21,514
549,271,125,312,49,173,21,63,299,1626,113
550,1561,662,1631,520,1072,55,179,178,314,1576
551,1561,1576,1631,317,168,63,113,962,315,271
552,63,1561,11,602,97,317,1631,356,113,177
553,1576,1561,317,63,312,482,1631,602,126,173
554,1561,1631,662,1072,177,693,866,165,58,1576
555,482,514,356,126,63,317,602,1576,486,284
556,1576,1631,317,922,1561,602,188,482,656,1448
557,168,407,113,1561,188,301,1576,602,55,284
558,1576,1561,1631,188,317,21,11,327,63,662
559,126,1561,482,49,962,63,317,356,11,97
560,1631,1448,473,482,479,133,602,660,1561,11
561,312,47,1576,640,168,264,992,601,1561,167
562,1576,63,1561,126,182,312,186,97,175,173
563,1576,1631,1561,317,962,482,602,21,1188,168
564,271,407,49,168,301,125,1561,317,315,173
565,1631,1576,188,1561,317,602,11,662,356,922
566,487,188,1064,113,513,1561,252,323,1297,656
567,431,150,305,80,284,133,640,1561,177,47
568,1576,514,1561,602,482,407,168,478,63,426
569,901,125,317,271,1576,1631,49,189,11,1626
570,1561,482,268,11,1576,113,49,301,602,514
571,1576,301,241,315,1561,300,1631,250,962,749
572,1561,168,1576,1631,271,407,301,113,63,11
573,1576,300,257,250,1631,113,241,301,612,962
574,1561,656,327,1072,1576,514,113,312,602,172
575,1576,317,63,97,1561,189,11,271,21,168
576,1561,1576,168,1631,407,317,312,47,198,602
577,312,1561,1576,173,63,49,11,172,143,171
578,1576,1561,317,514,315,63,97,312,271,82
579,1561,49,305,431,180,171,173,312,482,90
580,513,178,1561,640,188,1576,88,1631,473,59
581,1561,1631,301,482,49,314,962,11,305,133
582,284,133,482,962,407,126,301,113,317,356
583,312,171,63,49,173,962,1561,227,149,172
584,1631,1561,1576,317,142,603,965,632,662,131
585,662,312,1561,63,281,41,1631,116,297,1188
586,271,312,317,63,1561,274,152,97,923,125
587,1561,1631,1576,965,706,343,458,165,300,9
588,49,173,171,180,1576,312,209,21,749,317
589,407,168,268,47,427,271,284,1561,1631,123
590,1561,1631,317,426,284,63,602,1576,482,97
591,126,55,1561,186,356,63,191,97,22,514
592,1561,314,271,317,332,1576,318,9,97,11
593,1561,1576,63,11,113,317,514,168,602,356
594,1561,275,284,126,58,653,482,962,55,1631
595,1576,1561,271,312,63,49,11,317,168,1626
596,49,171,1626,180,21,1631,173,962,305,301
597,1561,1576,315,1631,312,271,168,314,317,407
598,312,63,317,305,21,173,271,49,1561,426
599,1561,662,1631,63,179,126,88,602,97,271
600,268,646,301,123,407,168,47,125,579,261
601,1576,1561,317,63,11,49,186,482,1631,962
602,962,1631,317,267,1561,1576,698,8,169,56
603,1561,49,640,167,171,173,315,47,174,134
604,189,317,1576,267,1100,468,962,1561,169,190
605,1561,1631,317,1576,63,962,271,312,49,662
606,1561,1576,317,482,1631,63,113,514,126,97
607,63,199,97,606,332,514,197,317,196,297
608,18,312,47,168,284,407,274,268,1062,426
609,1576,495,602,514,191,407,482,479,168,478
610,1561,1626,962,49,301,85,314,1576,317,11
611,271,317,125,407,168,63,1576,274,18,495
612,49,1561,1576,11,63,317,168,189,482,97
613,49,1576,1631,171,1561,165,301,180,343,267
614,1561,407,1576,168,602,482,656,473,479,478
615,49,1561,1576,173,171,962,1631,180,317,482
616,31,660,126,640,181,191,525,179,639,186
617,1576,317,126,63,312,482,190,68,173,97
618,962,1576,186,312,225,143,68,173,662,126
619,275,312,47,320,284,469,66,269,1561,181
620,1561,275,520,662,186,165,55,1018,516,281
621,1561,301,49,11,172,315,314,171,268,749
622,1576,169,49,173,317,482,168,125,495,171
623,1576,1561,63,602,317,1631,11,97,482,126
624,1561,314,1631,317,1576,962,271,482,133,49
625,268,300,189,301,274,285,1100,125,128,310
626,1631,1576,182,342,901,189,267,343,317,922
627,1631,271,1561,312,662,317,315,1576,962,1497
628,63,1576,1561,317,482,97,312,495,602,173
629,332,1631,1561,689,21,271,662,331,317,1576
630,1576,271,1561,317,49,1631,173,11,63,315
631,172,1561,482,49,1576,614,184,317,97,63
632,1576,63,317,126,86,186,482,513,78,962
633,1561,312,315,55,1576,407,63,271,168,143
634,1631,1576,168,305,317,301,407,63,267,49
635,1561,1631,662,271,95,314,63,332,317,962
636,312,1576,305,1561,426,177,285,968,992,168
637,312,172,49,1561,11,1576,173,171,143,63
638,142,1576,317,495,735,482,131,212,484,497
639,1561,1576,962,49,267,1631,168,171,275,245
640,1561,1631,653,284,59,41,301,1297,55,113
641,353,108,832,180,256,49,1576,1561,47,878
642,11,1561,1576,49,482,113,962,126,510,133
643,1561,1576,662,1631,312,168,317,188,63,21
644,407,168,133,284,188,473,126,317,602,1576
645,1561,312,1576,271,168,315,63,317,407,314
646,1561,1631,1576,962,317,49,95,314,482,11
647,227,49,708,171,172,180,844,108,173,482
648,1576,1561,312,317,315,271,63,1631,97,514
649,1561,49,1576,11,168,317,63,407,479,602
650,312,301,268,514,49,305,85,1561,851,284
651,1561,1576,1631,315,514,317,314,285,241,482
652,1631,21,271,1576,63,11,1561,317,662,88
653,1576,514,327,63,11,312,602,172,656,113
654,662,1631,487,640,126,1576,267,866,1193,513
655,49,1561,1631,305,895,171,177,866,180,63
656,285,13,268,339,10,318,771,514,188,343
657,1561,63,312,1576,317,407,172,11,55,168
658,1561,63,312,1631,602,196,662,1064,97,605
659,49,268,1561,407,168,301,171,271,125,173
660,1561,1576,49,204,315,482,11,317,173,171
661,301,323,314,300,126,1561,186,866,275,487
662,63,1561,312,1631,1576,317,126,11,662,962
663,1561,1576,134,407,473,640,49,168,510,11
664,1561,1631,317,1576,63,113,11,962,602,662
665,1631,1561,99,1576,168,188,317,178,267,513
666,407,317,168,271,495,18,63,426,1576,479
667,1561,172,49,301,113,312,268,1626,271,11
668,284,288,133,482,431,220,479,510,602,184
669,1576,131,1631,482,962,632,1188,201,165,512
670,1561,49,173,314,180,426,171,108,237,305
671,1561,113,312,514,257,962,920,56,1631,1136
672,1576,1631,1561,317,63,662,602,11,271,177
673,312,1576,168,1561,662,271,63,317,1631,21
674,169,482,131,1576,510,58,133,136,317,1062
675,63,1576,1561,1631,165,177,602,518,198,483
676,194,49,1561,662,1631,21,11,171,63,180
677,1576,315,11,1561,962,1631,317,204,194,99
678,1561,49,11,301,1631,1576,171,113,165,305
679,49,1561,962,317,407,63,1576,168,171,11
680,1576,285,1631,317,305,1561,241,13,735,497
681,63,662,312,1561,305,1631,168,49,177,431
682,126,482,510,1576,646,512,133,962,49,660
683,1576,1561,317,962,131,495,173,497,49,482
684,1561,49,482,646,708,222,171,473,173,133
685,1561,168,60,58,59,44,407,602,1576,284
686,1576,1561,1631,317,126,312,482,168,602,63
687,312,1561,1576,317,49,63,173,271,21,171
688,1561,172,171,95,49,173,180,194,332,312
689,143,191,312,126,97,63,469,650,1576,315
690,1576,1631,126,267,317,63,186,602,356,284
691,1561,1576,312,167,1631,656,482,49,640,165
692,284,662,55,1631,962,1561,133,899,188,168
693,1576,1561,317,1631,962,49,482,168,271,169
694,1561,1631,59,487,662,90,58,9,866,640
695,407,113,168,99,271,11,356,301,317,55
696,918,1631,301,165,1576,525,113,326,602,430
697,172,11,113,1576,287,194,317,300,189,82
698,1631,662,1561,271,133,317,962,895,1448,426
699,49,171,173,1561,63,312,180,317,172,1576
700,1561,168,271,407,63,301,1576,317,602,49
701,1062,173,257,49,281,171,312,227,168,63
702,312,173,63,49,650,171,1576,143,97,126
703,1576,317,1631,188,267,168,133,602,407,426
704,125,257,219,326,21,331,299,86,1631,271
705,1576,168,312,49,172,264,63,1561,407,173
706,19,1631,1448,131,632,1083,895,92,428,133
707,312,1576,173,171,264,21,49,63,180,227
708,312,689,1561,41,1631,662,305,63,332,179
709,482,126,1576,1561,317,510,133,190,1631,186
710,1561,241,1576,317,250,922,1631,8,482,13
711,14,1561,124,353,312,965,1497,1188,962,458
712,1561,1631,1576,305,49,177,168,11,317,271
713,1561,270,194,95,63,172,11,113,49,180
714,63,1576,312,11,602,514,113,1561,656,21
715,288,1576,482,274,284,312,261,962,169,85
716,1631,1561,1576,602,301,284,168,113,241,656
717,1561,315,257,314,271,95,1631,299,1576,312
718,1561,1576,962,63,168,11,317,55,314,407
719,1631,271,1576,317,301,113,168,285,514,851
720,1561,312,1576,172,173,49,167,315,514,482
721,63,312,1561,305,1631,317,602,49,271,97
722,1561,312,172,49,268,168,1576,407,173,63
723,63,312,168,172,97,271,257,49,171,317
724,1561,271,314,1631,113,315,11,1576,317,301
725,866,962,482,133,513,169,646,47,1631,873
726,1561,1576,172,168,63,165,49,11,317,1188
727,1561,1576,49,312,63,168,173,317,271,97
728,1576,257,1631,315,1188,1561,299,21,962,125
729,271,49,317,1561,314,63,962,173,171,11
730,312,150,47,173,49,284,168,305,171,18
731,1561,1576,312,172,514,407,82,495,168,173
732,1561,47,407,172,268,168,167,477,473,49
733,1576,1631,312,305,482,177,142,602,317,288
734,1561,312,1576,11,49,63,317,173,271,172
735,188,168,1561,113,407,11,602,1576,63,59
736,178,407,168,126,113,99,55,356,275,189
737,1561,49,11,1576,173,171,63,172,482,317
738,1576,1631,125,267,315,962,245,21,343,257
739,1576,312,317,514,1561,63,126,301,1626,11
740,1576,407,317,168,356,301,11,271,602,514
741,126,1576,317,356,63,267,97,168,1631,1561
742,271,1631,125,301,901,317,49,1576,962,173
743,407,1576,168,126,317,301,962,271,63,356
744,511,271,1561,125,88,901,11,194,222,197
745,1561,312,11,514,1576,63,172,327,602,656
746,126,133,305,482,284,510,962,288,431,49
747,1561,1576,11,113,1631,49,194,317,301,962
748,1561,1576,63,11,602,49,1631,113,168,177
749,63,1576,1561,317,11,49,172,514,1631,97
750,1576,1561,49,169,477,168,189,172,407,171
751,49,1561,171,180,301,305,172,194,149,11
752,168,1576,407,484,495,312,47,169,1561,602
753,312,1576,168,49,63,171,317,962,271,267
754,125,271,1576,168,315,312,173,49,301,407
755,1631,168,1561,1576,602,63,188,267,113,662
756,1561,1631,11,1576,113,63,301,317,271,49
757,513,407,189,317,222,113,168,11,1576,511
758,63,1576,21,317,172,11,312,271,125,1561
759,346,1561,314,1008,581,305,1631,426,271,1062
760,173,49,171,180,271,221,125,314,844,21
761,1561,514,312,172,237,55,113,191,196,1064
762,1561,168,407,426,1631,473,602,188,177,18
763,1576,1631,317,63,602,168,482,656,1561,495
764,482,305,339,126,1561,13,284,510,8,426
765,1561,1631,1576,317,11,662,188,88,133,1448
766,1561,168,1576,49,602,1631,482,479,407,177
767,1576,189,317,63,97,356,11,204,126,495
768,1561,962,49,173,312,317,1576,426,271,169
769,1561,113,317,514,63,1576,97,1631,482,602
770,476,484,267,300,252,704,353,477,1576,245
771,1576,168,1561,271,407,1631,317,11,602,113
772,58,80,59,169,268,168,614,1561,407,150
773,918,1072,1561,165,275,167,515,409,640,153
774,1576,317,1561,1631,962,11,126,482,63,49
775,182,315,301,345,175,6,146,962,314,1631
776,1561,1631,706,1064,693,165,241,250,346,113
777,1561,1072,178,165,155,167,275,41,315,640
778,1561,1576,1631,317,271,49,11,315,63,21
779,1576,962,49,749,173,171,899,312,47,1631
780,918,1561,708,49,165,512,182,167,515,429
781,1561,656,1576,1064,1188,346,63,312,1631,201
782,901,1576,1631,194,49,11,88,125,271,317
783,1561,1576,315,1631,271,168,301,268,312,257
784,1561,312,172,63,171,271,173,1576,11,49
785,314,1576,317,962,1631,11,922,271,356,315
786,1576,1631,312,962,315,317,125,21,271,173
787,1576,1631,317,886,271,922,188,189,315,168
788,194,49,1561,126,99,962,11,345,171,182
789,63,1561,662,312,602,1631,113,895,188,41
790,1576,1631,21,317,962,49,271,254,1626,173
791,49,171,47,173,482,1561,962,180,646,133
792,1561,312,49,1576,167,63,172,173,171,482
793,1561,407,1576,168,482,602,473,11,126,113
794,1561,1576,407,315,47,168,473,512,222,301
795,1576,844,63,317,173,482,1561,97,495,11
796,49,173,63,171,312,172,1576,650,143,97
797,125,1576,169,249,189,180,49,341,326,165
798,1561,312,514,113,407,168,55,63,271,301
799,1561,1576,113,63,317,1631,11,962,482,514
800,63,317,21,271,1576,113,11,125,257,514
801,1576,1561,165,168,113,429,1018,525,167,198
802,271,301,356,514,284,407,168,1561,851,268
803,1576,1561,1631,168,49,317,63,113,11,602
804,513,708,646,200,323,482,184,429,918,512
805,49,317,1561,1576,133,63,11,126,407,482
806,1576,1631,1561,662,317,49,47,962,640,873
807,1576,126,317,49,1561,11,510,168,356,63
808,314,1561,11,271,851,315,63,1626,514,1576
809,1576,1561,1631,317,63,21,168,11,49,602
810,1561,312,1631,1576,125,271,113,317,63,1626
811,1576,1561,63,21,317,49,11,125,172,180
812,1631,851,1561,1626,314,342,95,315,662,146
813,1561,63,271,49,11,1631,1576,126,317,312
814,1576,254,11,305,21,922,1631,968,317,204
815,1576,1561,317,271,63,125,312,168,514,49
816,1561,49,11,1576,63,1631,171,317,113,194
817,317,1576,49,11,271,171,173,63,21,962
818,1561,113,514,315,407,271,511,222,11,168
819,312,1561,474,55,63,339,155,126,514,356
820,1576,317,482,1561,142,962,495,1631,922,477
821,63,317,189,1576,895,1631,168,49,125,428
822,1561,1576,126,356,55,312,284,962,514,315
823,271,662,317,1631,312,962,63,168,1561,1576
824,1576,314,1561,1631,95,315,194,317,662,68
825,1561,315,1576,1631,314,95,49,962,11,173
826,125,1631,1576,49,1561,317,301,271,268,1626
827,113,407,168,191,513,851,511,514,301,1561
828,1561,63,482,514,126,602,97,317,11,356
829,1576,312,1561,168,173,602,49,63,11,21
830,312,126,1576,173,63,49,1561,68,97,317
831,1576,312,317,63,21,1561,271,1631,1626,11
832,639,513,660,184,1448,88,22,179,1631,901
833,1561,312,173,49,1576,63,11,171,602,21
834,1561,962,1631,169,318,317,1576,482,196,866
835,1576,518,1561,97,918,168,482,527,602,189
836,305,317,142,303,426,14,271,1062,274,150
837,1561,56,482,1576,514,317,63,172,97,169
838,271,49,407,317,962,173,171,63,1626,11
839,1561,1576,482,1631,164,497,9,483,314,11
840,271,125,1631,1576,1561,317,168,21,312,63
841,126,49,407,261,191,133,895,63,271,168
842,194,1631,1561,88,11,113,95,1626,271,6
843,1561,312,1576,168,514,172,407,63,268,113
844,113,1576,300,241,301,327,1561,1038,168,244
845,1561,1576,314,315,312,749,640,126,482,204
846,708,56,268,920,49,172,257,274,125,918
847,168,268,312,407,172,1561,125,1576,300,47
848,1561,1576,63,317,113,11,1631,514,97,95
849,1576,312,49,317,173,264,495,180,482,63
850,1561,149,1631,1018,662,11,194,113,41,174
851,1561,1576,1631,317,11,312,63,662,271,168
852,407,1576,168,49,222,495,47,317,579,519
853,63,126,356,97,317,511,11,1561,55,895
854,1561,113,1631,11,602,1576,168,63,514,656
855,271,1576,315,173,312,49,317,1561,962,21
856,168,407,113,514,1576,317,63,356,189,44
857,1631,317,271,1576,962,267,1561,310,8,301
858,1631,1561,113,514,56,301,1576,1136,1626,602
859,126,356,63,1576,317,482,186,602,514,97
860,305,49,317,173,426,1576,1561,171,303,312
861,1631,662,1561,168,188,1576,271,252,267,317
862,63,113,11,514,356,10,182,175,55,199
863,315,314,271,1561,301,49,11,1576,1626,173
864,271,901,178,511,268,310,13,301,407,155
865,1576,1561,47,284,168,482,196,426,312,177
866,11,113,305,301,49,1561,1626,479,1631,602
867,918,301,170,49,660,11,305,113,149,486
868,513,181,486,126,186,407,191,429,510,168
869,514,113,189,63,274,317,486,407,1576,97
870,1561,430,113,312,41,172,1576,1018,49,165
871,312,173,143,264,116,1561,567,21,63,384
872,1576,63,312,21,317,11,173,495,264,49
873,1576,482,317,356,113,63,1561,189,602,922
874,1561,133,126,895,482,301,1631,284,49,63
875,317,1576,407,482,63,168,1561,514,495,97
876,63,1561,49,317,168,171,662,271,1631,177
877,134,407,191,168,1561,271,426,317,511,47
878,63,271,312,168,317,97,1576,356,407,173
879,1576,1561,1631,962,11,133,314,407,640,49
880,1576,168,317,63,189,21,126,271,188,186
881,1576,482,49,317,1561,173,63,184,171,602
882,267,252,1631,275,245,653,662,113,1561,513
883,275,58,1561,268,323,60,511,59,284,492
884,1576,312,63,1631,514,317,1561,602,21,11
885,49,1576,301,312,1626,167,1561,171,525,486
886,270,297,1018,194,786,874,657,357,1064,184
887,514,1576,312,63,602,1561,482,168,97,113
888,1561,63,168,312,271,49,113,172,1631,602
889,11,356,407,317,1576,660,473,602,510,126
890,1576,317,1631,1561,312,169,482,962,168,495
891,168,1576,407,1561,99,602,63,113,126,317
892,1561,312,1576,49,173,63,1631,11,602,640
893,1561,1576,1631,482,602,640,317,487,168,188
894,1576,268,506,317,49,11,168,1631,271,312
895,49,1576,171,189,169,168,1141,317,172,173
896,249,895,1631,317,482,133,662,1083,184,86
897,288,314,1620,8,1631,133,317,510,482,477
898,257,271,315,168,125,268,1561,407,1576,962
899,1576,126,317,189,579,510,99,407,315,49
900,1576,327,142,21,656,1631,1188,317,495,602
901,1576,482,1561,602,97,483,49,173,11,656
902,126,134,186,662,1561,133,317,191,63,640
903,312,63,514,1576,317,97,86,257,56,274
904,1576,1561,1631,63,168,49,301,317,312,602
905,168,1561,1576,407,312,1631,514,602,188,63
906,1561,1576,1631,113,656,602,63,317,514,312
907,1576,1631,482,317,1561,169,962,497,602,131
908,1561,1576,49,301,407,1631,47,168,315,482
909,1576,514,356,204,482,656,63,11,1561,113
910,1561,113,189,131,317,477,1576,428,1631,250
911,1561,1576,169,482,196,58,497,426,478,965
912,63,11,356,514,191,97,237,55,317,126
913,1576,1631,300,1561,165,82,241,189,250,168
914,1576,1631,317,1561,962,126,11,312,1626,49
915,1561,301,1631,49,284,305,268,126,962,271
916,271,257,168,407,284,274,63,317,312,301
917,1631,113,188,897,252,895,247,115,1448,250
918,274,514,317,312,285,271,63,97,1561,1576
919,1561,962,312,173,49,171,314,315,1631,749
920,1561,1576,965,384,172,312,1188,327,95,173
921,168,1576,602,704,177,63,188,431,1631,479
922,1561,662,271,63,1631,317,168,407,312,55
923,1576,482,49,317,1561,962,1631,171,131,169
924,125,271,49,173,1576,317,63,171,11,21
925,271,271,407,1576,301,514,274,63,1561,268
926,270,63,248,894,95,681,287,1136,288,180
927,1576,317,1631,482,1561,168,407,962,133,47
928,97,126,186,317,63,356,1576,510,482,962
929,1631,271,1561,1576,197,168,97,511,317,462
930,315,1576,312,1561,317,314,271,63,11,514
931,1561,1576,656,1631,131,511,482,886,168,527
932,168,407,1576,188,317,126,356,271,579,99
933,133,1062,662,895,271,873,324,124,18,317
934,1576,1561,1631,317,312,63,514,602,113,656
935,431,1561,1631,133,47,85,305,899,962,662
936,314,1561,11,271,851,49,301,113,173,962
937,1561,314,55,271,95,172,11,317,9,332
938,1561,1576,312,317,63,271,514,11,97,21
939,1561,172,222,514,407,152,513,113,168,315
940,1576,63,126,317,356,312,11,1561,514,602
941,1576,482,317,962,495,1561,131,173,602,632
942,267,517,143,287,156,113,312,1011,168,63
