0,341,299,328,878,1007,704,1583,424,609,339
1,923,482,1347,390,188,206,300,272,1013,325
2,301,412,309,749,689,428,367,1583,30,1106
3,305,301,178,1460,1583,339,603,353,1347,1445
4,245,310,457,269,345,305,219,698,679,832
5,357,331,894,299,891,1066,267,108,328,1128
6,747,1060,1097,300,989,872,863,868,362,303
7,749,115,271,157,895,881,200,327,885,224
8,300,331,149,291,311,303,738,492,1460,904
9,299,285,871,219,487,678,872,303,236,1460
10,323,608,902,292,30,136,938,487,154,679
11,1602,245,417,885,355,741,1347,322,684,935
12,698,168,213,355,73,1021,696,125,430,1064
13,431,704,433,735,168,300,690,512,762,271
14,1460,284,481,206,647,1587,970,1365,140,276
15,8,741,854,698,1064,579,959,383,168,214
16,992,498,1460,492,303,291,1587,316,1133,507
17,474,605,750,342,631,650,1138,269,204,405
18,219,281,609,457,968,8,274,191,730,871
19,285,661,537,204,610,257,1100,595,626,735
20,1460,198,481,206,750,339,251,335,341,300
21,1064,318,268,424,357,267,632,109,636,325
22,494,300,135,147,312,1032,424,1097,1008,330
23,1613,269,192,100,56,689,524,0,151,609
24,770,839,281,609,333,950,204,56,378,258
25,326,300,410,363,124,13,1125,812,942,129
26,115,1066,863,271,327,885,365,881,308,855
27,284,241,206,256,220,647,236,466,889,468
28,748,610,1587,21,162,871,581,503,338,281
29,747,552,390,870,223,357,1613,328,298,58
30,1587,992,291,276,1542,140,1024,749,303,270
31,357,872,299,100,235,241,135,219,320,977
32,1583,979,1587,291,44,1602,200,478,736,292
33,136,156,929,1583,268,870,153,258,11,1519
34,1460,1519,331,647,241,284,19,1097,219,299
35,297,303,738,149,342,1018,904,300,695,369
36,677,879,1196,330,6,649,1390,135,331,311
37,14,606,208,922,235,395,407,879,135,311
38,331,357,108,894,420,881,189,106,743,1347
39,300,288,482,331,147,1460,305,106,178,1347
40,178,13,647,284,219,983,272,44,1460,309
41,223,241,328,322,1602,1519,299,189,11,315
42,312,1602,285,323,662,695,146,609,342,84
43,1060,689,12,176,922,608,204,661,346,320
44,1066,30,881,566,357,299,509,1583,608,315
45,341,251,494,368,326,1158,410,238,1460,250
46,290,154,992,85,1015,213,923,1347,750,708
47,357,299,872,320,1007,241,275,154,100,220
48,481,206,268,341,1205,194,247,745,179,763
49,300,339,449,1460,126,506,178,1156,296,269
50,153,1066,639,608,698,509,572,115,689,924
51,318,147,819,254,712,126,331,424,280,868
52,339,1460,178,341,268,449,305,300,318,524
53,749,368,875,604,467,891,285,522,342,450
54,342,677,872,149,235,1032,826,467,285,922
55,662,281,277,872,492,58,303,696,507,480
56,923,662,507,8,492,197,1460,938,281,54
57,331,305,162,285,610,962,640,280,210,306
58,992,144,346,290,304,520,897,301,143,921
59,290,304,1013,1097,245,925,344,189,361,1347
60,219,1587,126,518,498,220,649,503,689,609
61,609,315,601,624,390,885,91,1205,522,247
62,872,1097,220,235,701,714,606,467,543,649
63,763,481,1587,677,14,609,720,297,98,1613
64,268,341,8,698,281,718,871,457,609,658
65,689,1587,1613,873,136,1583,156,608,153,590
66,197,325,546,148,116,369,983,30,492,854
67,1460,156,1602,268,522,136,1587,19,1583,291
68,13,126,300,615,311,472,254,899,677,1460
69,178,309,305,241,288,603,832,605,13,206
70,1097,875,126,650,300,345,1008,16,130,219
71,318,874,1460,305,147,923,288,331,268,1390
72,689,219,498,922,220,285,345,281,608,211
73,270,1602,647,288,1583,331,200,1585,1460,1519
74,923,1038,1015,54,457,992,789,8,899,1460
75,871,299,730,268,658,609,341,678,457,527
76,299,687,342,285,303,945,942,323,1066,385
77,874,871,534,315,1602,420,1008,194,241,322
78,1587,307,968,13,291,258,736,1460,603,136
79,312,245,188,923,1013,1347,457,527,55,206
80,300,870,1072,23,482,1613,390,14,747,339
81,357,649,606,312,588,607,451,108,420,407
82,965,241,288,11,925,357,330,305,424,1072
83,357,267,826,318,608,1587,832,338,537,98
84,168,188,512,143,386,894,735,355,379,245
85,1133,300,13,681,988,256,292,736,296,615
86,271,189,1008,345,1519,300,306,762,747,241
87,457,206,13,326,609,178,1460,309,923,18
88,357,338,108,894,537,467,126,130,846,729
89,14,778,273,741,168,743,637,143,379,1637
90,303,738,149,144,507,291,647,1460,904,970
91,341,315,92,268,871,1519,534,299,487,1585
92,992,962,285,1587,640,522,1024,749,442,144
93,481,284,293,157,879,241,312,169,514,19
94,271,1006,300,341,491,306,1460,788,326,494
95,300,677,311,424,254,948,747,546,325,482
96,872,244,311,875,891,1097,494,606,361,1032
97,268,509,748,698,1390,500,568,449,417,281
98,346,863,176,689,204,922,992,163,12,290
99,407,741,605,922,344,332,606,208,743,193
100,301,749,1347,992,306,1583,422,346,271,921
101,872,290,299,1097,568,922,320,935,147,730
102,481,284,206,1519,299,1460,788,1637,1347,750
103,1015,965,147,330,85,280,603,1460,292,1519
104,219,609,1587,832,245,333,457,610,689,257
105,605,302,162,170,132,287,108,342,626,537
106,430,8,631,959,213,1064,698,125,992,1587
107,342,300,761,149,491,135,494,1027,312,311
108,601,695,689,621,1583,91,835,377,1587,303
109,863,346,290,1097,306,1347,528,362,245,251
110,608,689,743,30,292,979,211,922,58,581
111,342,19,873,287,323,946,30,640,1519,605
112,14,870,885,6,15,1613,1006,481,1136,876
113,1097,285,357,299,219,444,873,245,925,1585
114,13,342,498,650,899,184,1032,367,474,1460
115,339,522,604,609,285,219,1613,513,1460,1194
116,206,487,1460,871,241,345,1519,322,1602,1585
117,606,649,463,193,881,879,924,63,417,30
118,689,1613,345,609,100,310,473,333,56,873
119,749,345,342,271,323,626,863,346,1519,873
120,221,297,100,1018,235,1006,357,377,647,369
121,968,219,481,871,763,38,879,1587,646,157
122,872,923,534,588,543,607,606,294,649,940
123,108,357,331,189,894,962,467,305,846,249
124,331,306,978,189,106,362,1034,583,543,280
125,749,30,741,8,1587,144,274,992,219,1024
126,14,261,85,735,330,220,326,1519,379,188
127,116,221,1006,759,885,297,326,894,343,300
128,300,481,561,491,271,1460,311,1347,344,647
129,342,303,507,1044,285,1460,323,550,631,197
130,695,1587,992,343,1133,1542,1039,605,1024,854
131,649,923,743,369,113,854,1045,58,992,949
132,147,318,1460,872,126,807,219,257,1390,610
133,284,468,1587,307,1390,872,1460,147,647,54
134,331,894,491,660,149,881,583,566,467,492
135,331,610,379,189,162,210,1090,805,979,257
136,610,826,832,503,748,318,108,159,543,219
137,846,244,304,346,108,306,290,467,894,344
138,1097,271,219,126,561,646,629,322,1585,875
139,498,689,1587,281,987,258,596,8,581,1141
140,271,306,346,132,863,176,605,491,209,855
141,318,832,1587,288,219,503,191,968,826,874
142,330,11,925,540,287,1583,153,1519,603,878
143,608,901,293,268,922,1032,320,1460,12,631
144,189,331,925,287,605,306,514,241,780,1519
145,749,1583,689,271,885,1347,1542,1587,151,115
146,1006,297,135,1613,14,449,870,326,509,311
147,741,854,481,245,214,153,885,326,15,679
148,1390,318,1460,522,288,1587,748,159,874,268
149,1460,206,923,147,1015,198,300,1050,551,284
150,698,268,125,281,1021,8,750,204,1460,474
151,357,689,581,281,805,609,891,660,333,417
152,1050,551,470,1460,1347,300,978,312,206,481
153,125,1064,305,610,698,108,302,318,735,945
154,522,285,931,651,873,1587,220,720,604,236
155,832,826,318,1587,219,367,293,608,498,285
156,241,19,284,206,1048,1519,750,135,11,645
157,689,608,8,301,639,32,749,474,581,30
158,736,44,489,988,778,1583,165,301,1347,259
159,325,885,481,250,865,197,63,148,809,1158
160,299,268,1066,331,267,1390,748,357,509,259
161,747,872,254,147,677,300,311,424,482,965
162,872,607,1006,520,390,188,221,1019,647,1347
163,921,10,922,308,749,346,303,54,863,113
164,299,925,704,154,935,978,275,1347,341,331
165,491,788,144,410,117,1066,294,326,149,341
166,176,1266,1060,1021,204,494,346,868,358,306
167,381,763,285,651,219,407,606,646,871,751
168,331,305,108,894,962,531,465,269,226,523
169,357,268,299,267,259,1066,249,964,608,272
170,1460,677,268,940,507,1390,871,923,662,318
171,863,607,763,509,323,481,1519,1066,606,922
172,342,293,605,677,1196,287,269,608,19,449
173,989,339,258,192,204,56,868,1460,256,126
174,293,331,241,632,489,605,608,125,1064,901
175,268,748,267,894,357,1066,509,1390,1672,39
176,331,312,543,420,649,357,588,978,923,189
177,299,647,1460,1519,284,1347,863,303,687,331
178,241,178,154,332,184,312,305,189,923,1347
179,494,1032,631,135,320,304,47,662,12,718
180,300,339,506,1460,297,126,793,634,244,415
181,1460,305,342,1585,271,144,349,1156,749,962
182,839,303,54,258,770,58,176,261,863,113
183,357,299,378,701,315,294,872,331,267,328
184,763,1460,875,872,1390,879,677,647,19,1602
185,341,745,885,1158,268,8,1583,247,131,481
186,342,300,287,331,467,149,1032,878,297,108
187,342,689,345,323,1587,922,608,605,626,631
188,870,176,552,809,855,298,308,929,1613,447
189,689,342,1613,1066,346,297,467,56,47,1460
190,1008,305,345,312,513,610,114,288,194,875
191,271,162,189,605,108,331,610,1097,979,305
192,271,1196,875,115,513,590,481,55,312,855
193,1519,245,241,1460,206,1347,930,299,925,1585
194,14,481,609,788,830,268,1132,1205,279,509
195,342,298,677,1196,1613,870,1027,763,875,537
196,870,153,494,753,718,595,1196,176,15,1266
197,688,661,720,338,581,204,281,126,258,604
198,609,935,326,299,245,457,1347,770,333,743
199,749,921,345,211,223,1008,689,743,897,61
200,305,962,640,285,652,992,708,290,487,162
201,312,299,194,514,115,341,1066,1602,114,331
202,876,326,13,288,357,272,1006,885,178,312
203,886,689,219,322,935,1460,345,1583,319,989
204,300,1006,647,1347,284,178,326,329,272,332
205,885,870,115,298,717,481,15,153,1613,876
206,299,320,494,342,750,687,407,135,487,1460
207,839,788,204,770,273,14,143,950,778,1637
208,870,176,494,325,341,447,238,251,424,410
209,290,204,1266,708,474,306,213,1460,257,868
210,1583,325,603,198,698,136,206,171,11,341
211,241,219,211,345,873,275,220,922,977,983
212,281,504,8,609,301,253,268,1583,274,1445
213,26,609,923,390,307,13,899,763,325,954
214,285,274,871,318,1460,281,646,144,219,18
215,330,331,300,1131,303,1007,868,147,1072,719
216,534,357,315,658,328,609,250,211,7,704
217,677,315,30,200,881,749,237,979,1602,1390
218,770,607,55,247,509,56,730,417,875,609
219,168,923,885,1460,268,457,1015,206,191,1587
220,407,290,304,204,346,672,381,186,85,974
221,136,256,601,284,689,296,206,989,885,415
222,357,58,872,1019,1072,113,221,235,537,649
223,251,176,494,306,381,940,491,839,419,718
224,156,303,289,695,738,323,871,929,14,595
225,379,682,300,1542,330,261,426,288,1072,58
226,299,609,343,326,1018,369,260,277,687,525
227,407,342,324,204,410,369,290,631,323,304
228,743,922,689,863,30,211,1519,1587,924,241
229,285,303,537,130,467,331,826,221,113,873
230,424,305,923,331,312,178,318,965,147,288
231,345,871,236,147,54,1460,807,468,258,303
232,288,750,332,125,162,314,306,988,300,495
233,330,125,1064,812,740,91,632,116,408,324
234,923,534,420,341,978,410,92,520,330,753
235,288,13,605,503,1138,125,1587,610,405,650
236,271,1097,310,595,153,115,14,605,344,735
237,330,11,241,1519,261,753,965,1015,298,885
238,144,885,425,923,609,789,992,1125,143,886
239,318,219,1460,285,1008,879,874,527,194,968
240,47,342,608,467,689,12,204,581,100,719
241,13,651,19,241,219,407,288,1587,933,968
242,1587,720,125,14,741,557,832,219,688,314
243,315,294,1066,268,331,328,692,509,871,748
244,297,303,677,342,738,237,124,300,695,311
245,331,1097,288,305,339,1585,1460,271,306,299
246,661,1587,213,257,1613,681,325,405,689,1347
247,306,303,600,1460,271,738,1542,904,789,1390
248,689,608,609,267,661,357,333,281,704,581
249,268,1583,835,736,1038,136,478,277,8,292
250,309,412,178,19,345,481,248,219,269,513
251,284,647,1072,241,300,848,420,1519,11,1006
252,601,689,1583,885,151,1613,136,296,823,1587
253,1066,788,863,467,271,606,346,491,509,344
254,689,346,594,921,922,992,290,498,162,924
255,1460,300,303,162,342,149,646,244,306,904
256,305,178,304,13,331,320,1460,300,486,868
257,894,885,315,1583,106,390,168,108,422,482
258,13,342,300,303,537,85,1018,761,197,1032
259,357,331,649,588,537,543,894,1128,978,330
260,923,206,1460,26,341,179,1015,194,147,312
261,312,923,885,698,768,1196,2,1443,325,250
262,301,1460,305,306,962,178,474,1583,1015,45
263,176,1004,662,672,238,213,85,753,494,774
264,677,738,1390,291,492,156,647,561,311,872
265,689,647,197,200,872,322,30,935,983,1050
266,300,306,605,750,331,271,284,296,332,354
267,323,959,8,854,324,407,767,154,369,290
268,98,219,689,609,546,875,250,472,86,13
269,1097,270,646,1460,219,236,339,1159,629,561
270,979,1583,780,331,280,302,210,608,962,749
271,339,878,1460,300,178,305,341,989,793,198
272,492,311,12,677,546,1032,424,480,176,254
273,271,1460,306,1585,349,123,1156,342,494,513
274,346,689,290,922,251,1097,1347,219,1013,56
275,747,322,272,935,223,1583,689,241,178,1602
276,609,357,701,872,429,315,1390,649,219,417
277,30,895,197,481,881,677,157,200,224,293
278,875,147,879,872,1008,345,236,1097,328,6
279,58,307,220,466,390,944,736,90,256,241
280,457,8,609,662,974,767,324,1064,326,214
281,331,303,410,221,378,520,942,299,92,144
282,1347,1050,306,331,1583,491,301,168,637,778
283,357,223,189,420,885,116,878,1613,1072,298
284,922,325,135,1064,546,12,320,661,662,47
285,108,305,925,357,299,189,873,249,331,322
286,1460,871,303,147,807,92,1519,378,258,54
287,923,26,326,1460,188,789,147,300,1015,672
288,303,872,58,987,615,1460,54,478,90,864
289,989,245,206,1519,256,261,925,65,1585,284
290,268,341,331,299,930,339,1637,1583,523,698
291,1008,520,609,1460,897,875,634,345,56,475
292,1460,300,270,989,1008,288,1015,1585,807,345
293,522,258,270,91,523,835,303,931,880,720
294,609,7,954,763,211,624,357,417,527,99
295,698,595,750,153,135,125,945,661,1196,494
296,1583,1602,747,288,880,259,165,268,1009,561
297,315,268,331,253,328,294,1151,1390,534,341
298,219,689,345,832,875,498,968,322,503,895
299,306,331,1460,342,494,1066,204,303,595,491
300,1008,875,271,189,50,610,345,749,503,871
301,649,325,357,747,870,809,265,202,537,717
302,698,125,257,750,1138,241,603,168,1064,210
303,743,741,854,605,189,735,717,153,1587,959
304,330,537,108,735,1613,716,604,305,522,595
305,305,268,1460,1583,835,1585,962,341,1390,1602
306,749,605,921,1542,162,271,1587,30,1024,463
307,826,331,738,303,687,113,235,299,144,788
308,698,213,257,153,258,14,1266,457,355,1064
309,870,14,1460,1613,481,1136,885,1205,127,1587
310,1196,342,651,522,330,604,285,537,235,933
311,241,330,147,235,420,189,379,735,537,1519
312,885,1587,144,159,91,1390,522,315,268,1542
313,885,298,426,1542,749,682,288,717,168,1583
314,305,1015,1583,1460,1519,925,1347,301,198,154
315,992,962,1024,886,1051,44,749,144,970,316
316,879,271,875,1602,1390,6,315,677,147,1050
317,689,345,922,220,608,650,13,1587,219,258
318,312,135,318,424,698,280,673,1196,265,305
319,698,871,156,210,1587,640,784,610,901,123
320,221,299,331,878,357,100,566,1066,719,1018
321,681,304,125,546,1133,736,992,1021,1064,326
322,968,219,407,13,651,285,503,1587,631,517
323,660,290,962,992,805,868,431,379,696,331
324,749,345,301,897,54,594,403,30,992,1041
325,345,873,136,689,487,19,985,99,958,522
326,318,268,720,945,125,277,819,1587,281,479
327,235,1519,1587,763,1613,297,113,651,1646,1066
328,245,355,1013,1347,481,885,55,206,247,935
329,331,299,819,566,467,1066,259,1032,677,486
330,306,962,871,323,631,774,182,1225,117,342
331,407,285,342,1460,339,457,219,135,487,326
332,300,1460,1347,331,271,482,306,1583,346,305
333,330,1196,717,698,430,1064,125,241,298,768
334,342,306,285,750,631,323,19,871,640,1519
335,688,14,615,204,311,720,1018,492,297,719
336,268,481,115,509,1602,1390,885,692,1347,1583
337,923,191,318,938,696,154,85,708,290,147
338,863,299,820,301,1347,487,1460,788,481,131
339,481,8,1064,492,343,326,480,18,489,741
340,206,284,241,307,58,923,26,679,390,848
341,1066,108,299,331,305,588,149,514,962,285
342,481,343,277,284,496,415,1587,647,14,377
343,992,743,689,681,886,557,1051,854,749,771
344,357,272,259,881,656,315,941,200,82,299
345,331,330,840,696,794,1004,470,358,662,1151
346,885,15,326,341,1613,745,114,609,951,876
347,126,91,720,522,557,682,270,688,523,297
348,677,1587,608,695,492,116,293,826,689,291
349,151,992,486,1583,962,422,331,301,144,346
350,58,261,522,682,426,258,14,330,379,931
351,342,299,1460,687,936,323,149,484,1066,494
352,306,1583,1460,1347,1519,1015,1542,747,300,1008
353,116,357,876,537,1613,100,873,11,13,330
354,8,281,154,457,274,698,1064,125,708,290
355,605,514,115,287,189,304,626,344,271,1020
356,537,357,47,608,100,826,977,873,719,338
357,108,1097,219,271,66,875,467,344,130,193
358,108,288,300,305,482,178,894,824,545,1583
359,689,333,609,219,498,220,832,1587,720,281
360,885,326,125,632,115,343,168,698,489,107
361,1390,422,1583,200,979,315,181,1460,561,126
362,342,1066,285,1613,100,467,297,323,873,1097
363,184,305,219,178,304,275,576,154,873,925
364,342,269,1066,1613,449,100,287,958,873,323
365,153,267,698,595,269,718,628,1196,614,645
366,299,901,241,1097,320,135,879,514,293,219
367,271,1585,1460,1097,1156,263,875,270,349,300
368,534,211,58,1008,923,609,191,223,662,222
369,331,305,269,1583,302,962,349,108,151,263
370,872,1390,1460,149,649,271,879,331,647,543
371,1141,1064,712,258,379,537,661,220,522,213
372,1066,115,296,605,1039,269,302,293,343,820
373,357,689,259,608,310,500,202,1583,82,677
374,304,300,681,992,290,346,407,922,921,762
375,1008,305,345,211,522,1015,485,897,108,503
376,749,992,921,422,162,346,1542,108,962,50
377,281,204,363,274,492,653,14,504,279,8
378,1583,979,1587,156,736,880,58,689,608,886
379,522,258,610,345,931,170,269,1583,604,603
380,689,342,498,922,367,219,1460,44,197,346
381,749,992,886,1015,789,897,144,522,843,475
382,1066,331,566,467,595,269,342,748,605,302
383,647,288,178,13,1602,272,812,284,876,1460
384,311,300,677,761,254,1027,147,13,480,288
385,1519,1100,261,1266,331,522,487,962,410,861
386,522,720,126,6,537,1587,236,258,604,590
387,241,1519,288,147,345,58,206,284,468,156
388,534,607,520,923,843,1008,789,378,315,897
389,923,168,1460,54,1390,696,481,1347,492,274
390,689,345,608,873,1587,170,367,922,258,1613
391,306,1587,1049,27,1519,168,162,1009,53,241
392,345,749,1008,626,968,1450,640,306,162,1118
393,13,522,720,318,1587,98,371,677,479,517
394,124,1613,1583,297,300,349,296,151,601,878
395,922,498,492,689,987,113,649,430,805,631
396,885,749,271,1585,115,1008,305,15,353,349
397,304,325,546,605,608,310,689,338,681,636
398,115,123,349,788,341,1066,408,271,91,885
399,346,1460,176,922,244,494,306,342,303,751
400,1347,1460,300,306,301,346,546,290,77,332
401,357,701,1097,328,872,417,390,273,1019,1013
402,1015,992,292,736,962,1583,1038,13,965,426
403,301,1015,325,1047,1583,551,238,184,154,1347
404,301,304,305,762,1013,681,326,506,108,290
405,331,894,962,846,108,504,660,305,704,106
406,1097,331,285,1460,872,1008,147,270,236,646
407,288,302,178,291,280,605,677,305,293,979
408,56,609,126,14,339,601,1613,81,390,377
409,108,305,367,875,178,873,1613,271,590,170
410,357,894,537,649,1066,108,726,116,338,331
411,14,220,204,286,377,922,651,1018,407,235
412,338,116,342,467,197,108,608,649,302,605
413,168,1587,143,741,1637,271,1542,1347,123,1585
414,885,749,168,1583,315,425,607,1460,143,1542
415,922,54,987,58,662,1092,689,220,1004,213
416,271,1583,331,1602,1390,328,315,1585,115,189
417,701,357,606,543,219,649,1097,832,386,656
418,271,342,368,108,287,626,305,269,605,749
419,357,649,265,881,606,115,202,312,193,717
420,168,885,1542,14,717,1587,257,405,355,512
421,749,271,1542,327,422,885,115,1460,1585,317
422,379,220,992,522,168,512,1542,426,743,854
423,285,819,431,826,318,962,9,653,660,281
424,494,940,1460,872,358,147,238,1032,662,424
425,342,148,1196,13,590,1613,298,1027,870,716
426,268,1460,1583,178,1602,282,948,296,1059,309
427,296,269,1672,605,151,491,481,165,1133,1347
428,241,922,743,235,220,211,977,284,219,741
429,1460,341,339,194,1613,52,1008,479,179,345
430,241,879,288,312,147,189,219,1008,332,1519
431,689,219,832,259,126,1097,498,309,310,875
432,345,968,481,922,54,763,250,689,7,241
433,357,891,609,1066,108,149,649,588,98,285
434,285,342,219,241,651,873,871,191,220,650
435,220,345,147,1008,128,807,58,872,507,54
436,885,299,156,1637,1583,1587,1519,523,788,740
437,206,481,1460,284,198,1347,750,1038,457,178
438,922,299,241,901,872,417,136,689,1519,509
439,677,342,1196,1587,293,596,695,19,522,650
440,689,609,219,56,220,333,377,1587,720,518
441,108,894,271,610,735,338,846,368,361,1128
442,1008,1460,1097,188,245,312,219,55,1519,85
443,871,328,494,92,487,1008,534,1585,1097,341
444,297,647,1460,299,283,863,303,349,481,1066
445,1460,311,303,126,1390,297,523,807,300,371
446,922,537,921,197,608,116,631,977,220,325
447,269,178,514,305,489,605,331,293,312,115
448,345,457,968,219,191,241,245,206,211,679
449,197,30,325,959,323,324,983,566,922,321
450,245,457,214,1519,1048,339,15,206,933,770
451,312,305,331,673,698,874,1128,978,610,753
452,1460,942,13,1027,342,874,750,149,945,687
453,605,1519,645,189,287,153,241,1020,306,1221
454,522,91,410,1266,1015,716,1583,426,835,627
455,677,809,500,590,608,325,546,470,689,964
456,342,303,149,1460,494,244,346,285,646,507
457,522,108,610,210,1587,873,537,880,720,357
458,156,210,268,698,125,1064,292,291,1583,1587
459,291,125,819,810,162,318,653,293,498,631
460,923,1460,627,1015,191,13,420,318,487,835
461,1460,457,8,54,290,487,281,789,274,1347
462,561,314,496,1156,283,276,143,1587,349,1637
463,636,492,304,325,649,351,186,338,12,660
464,58,357,292,1064,696,627,805,546,154,1007
465,291,268,331,930,489,156,283,871,819,748
466,293,631,605,608,698,342,428,673,1196,901
467,609,326,457,876,923,343,18,318,286,727
468,299,268,8,658,962,267,32,1064,281,305
469,750,1460,306,339,494,673,474,300,304,580
470,219,675,968,1460,290,54,646,1347,143,168
471,407,214,15,951,153,854,409,7,462,522
472,922,872,689,236,54,924,10,345,863,417
473,422,894,846,126,108,634,1390,504,244,545
474,299,331,1602,268,1066,315,871,385,30,677
475,292,258,204,125,868,1060,210,165,605,736
476,1097,236,1159,875,494,345,381,989,56,220
477,839,294,494,419,940,341,328,770,509,746
478,345,58,258,213,191,211,257,1064,220,261
479,299,256,989,245,925,339,524,863,770,206
480,677,303,289,870,738,1007,311,1032,891,297
481,871,662,1390,113,315,507,534,696,281,1460
482,310,245,339,1097,357,259,630,524,269,267
483,1460,487,303,989,1583,835,494,1266,746,127
484,342,923,1460,372,324,902,932,662,13,135
485,268,677,1151,1390,47,315,480,763,139,159
486,1583,301,151,878,178,482,331,165,424,1347
487,331,290,306,12,868,1460,1347,1032,320,346
488,343,235,14,369,116,519,651,826,326,649
489,923,312,1151,424,885,318,876,26,2,268
490,299,1097,872,285,320,219,647,235,221,303
491,410,339,1015,408,989,305,770,1266,494,341
492,287,325,546,747,184,178,312,275,304,1059
493,14,735,326,357,107,330,235,945,125,614
494,306,290,491,251,381,346,344,407,395,204
495,689,749,1587,743,601,854,151,921,1542,30
496,305,479,522,1460,487,339,873,474,835,793
497,608,689,30,873,749,1587,249,211,826,922
498,342,494,345,1460,716,1008,285,522,875,1613
499,268,698,8,1038,253,181,736,489,481,1583
500,14,213,1125,539,176,91,974,1039,870,1542
501,609,1007,267,299,281,356,221,47,770,704
502,328,872,357,223,940,1460,704,482,331,322
503,923,607,147,425,534,1050,641,753,261,294
504,302,331,115,1583,327,108,280,749,32,962
505,1064,357,113,662,696,519,649,159,9,537
506,741,922,1587,407,924,606,219,193,631,395
507,325,878,296,566,424,176,124,1583,300,39
508,677,311,135,761,872,480,1032,879,300,254
509,1015,923,965,812,551,13,420,1460,876,424
510,498,219,899,318,13,832,220,126,872,162
511,885,692,1050,481,561,322,647,863,315,1347
512,871,534,872,1390,879,6,662,315,268,527
513,770,609,357,222,356,843,333,56,504,413
514,245,1347,219,935,206,1097,322,386,701,220
515,609,923,457,191,318,174,886,121,1460,222
516,301,689,1347,346,639,546,290,1013,881,504
517,1542,885,115,271,605,717,302,300,1049,132
518,197,897,323,923,391,342,407,321,774,250
519,357,1613,108,878,873,545,520,328,634,609
520,268,1583,1602,1460,367,345,1041,315,871,181
521,689,746,621,136,54,301,601,44,346,127
522,689,136,345,1587,873,1583,608,258,156,522
523,299,333,221,267,609,259,525,260,770,1093
524,303,204,863,689,621,746,839,127,156,283
525,681,326,1018,992,186,609,1133,325,688,151
526,277,299,204,136,333,689,267,621,127,281
527,959,153,723,176,854,142,753,324,626,1519
528,357,189,331,420,115,1097,670,925,299,241
529,749,430,968,492,481,895,1587,327,1542,741
530,1013,1347,482,290,301,1047,245,275,935,223
531,379,210,741,1064,168,735,610,805,784,257
532,330,595,153,870,408,14,115,945,124,326
533,749,162,992,968,503,1542,170,13,1015,291
534,168,503,968,162,610,108,640,741,749,271
535,481,284,885,778,1347,299,277,206,343,1165
536,268,281,746,819,267,609,39,504,8,1205
537,872,930,746,299,268,819,1050,322,315,1390
538,331,878,925,299,410,1066,1007,287,330,494
539,13,178,300,296,1018,647,878,272,325,486
540,481,1347,332,1050,306,930,1460,284,290,988
541,147,241,331,135,312,879,287,901,631,649
542,330,672,649,894,351,753,717,106,1004,885
543,689,608,1587,367,498,958,677,832,581,873
544,1008,345,534,770,753,223,1069,211,1004,85
545,1583,873,1613,749,223,762,885,328,91,1066
546,288,309,245,178,206,1175,318,339,300,1347
547,271,300,349,1583,124,422,1046,894,151,482
548,839,176,204,1266,868,1021,746,419,12,251
549,609,197,662,8,286,369,342,974,146,84
550,677,311,872,480,509,135,1390,1460,481,1032
551,1266,522,91,716,303,237,878,494,410,258
552,1013,106,846,325,368,120,762,108,482,1583
553,1015,54,58,992,420,146,261,679,627,1519
554,923,147,879,241,1050,978,534,312,420,1460
555,891,872,649,357,149,677,1390,894,881,588
556,1587,835,349,1460,522,144,1585,523,962,1637
557,681,326,304,609,1445,506,992,1018,688,13
558,378,843,607,1585,770,534,874,520,245,92
559,1266,770,410,716,627,1015,163,91,878,609
560,689,720,1587,688,741,832,333,681,220,14
561,146,292,303,197,695,324,323,58,369,325
562,331,306,271,978,491,1637,1519,788,1585,1097
563,1519,420,331,241,379,58,962,189,288,330
564,698,301,32,1583,176,608,8,132,325,572
565,231,357,210,537,627,894,113,1046,379,565
566,241,968,147,332,288,923,284,307,1460,206
567,968,646,507,871,498,306,54,1460,675,38
568,303,144,1460,363,143,789,835,992,653,738
569,345,245,989,206,689,1159,487,1460,322,572
570,481,741,854,343,788,1587,1217,38,462,8
571,677,948,1460,300,1032,494,647,311,481,1390
572,677,689,590,879,311,254,875,763,922,747
573,108,357,649,894,338,846,361,98,606,188
574,872,235,647,763,113,369,677,1019,480,221
575,303,878,331,523,486,1046,221,835,1583,566
576,689,136,608,922,258,292,695,345,1587,293
577,300,312,494,244,424,1460,331,894,106,135
578,189,1583,250,328,115,223,271,322,30,881
579,407,241,854,922,265,741,954,284,312,717
580,494,204,267,595,862,614,720,628,384,449
581,85,290,753,696,379,923,672,182,306,660
582,219,689,274,606,741,395,8,509,498,281
583,285,871,407,527,640,241,219,968,933,513
584,303,494,289,1007,342,770,204,410,221,487
585,658,281,191,318,174,696,121,268,938,662
586,481,863,206,136,284,820,299,524,763,19
587,1097,605,689,189,115,863,922,287,269,271
588,1066,342,343,124,481,1587,1039,695,595,293
589,357,609,894,338,846,1017,581,729,368,333
590,770,339,326,408,0,1613,15,609,91,377
591,268,489,430,481,253,1151,168,159,881,1390
592,331,299,357,1006,894,221,1066,23,362,115
593,609,522,958,357,91,479,315,356,520,604
594,1583,885,524,301,136,341,268,1347,206,296
595,108,894,305,357,149,545,588,271,649,1128
596,13,992,144,949,18,219,498,749,897,904
597,407,154,342,631,576,197,323,304,983,30
598,108,115,1613,269,271,123,610,605,1587,522
599,649,108,749,894,327,149,588,543,881,923
600,1008,345,1015,306,290,1519,753,245,1460,1347
601,609,220,56,281,689,333,222,58,720,377
602,14,235,284,273,1519,743,741,885,153,241
603,288,300,677,647,270,561,126,605,259,1587
604,992,1587,557,276,1024,143,1542,140,646,741
605,868,12,299,1007,204,320,346,290,878,566
606,15,1519,349,1587,1585,123,863,481,885,206
607,430,677,631,197,879,463,895,157,317,312
608,608,605,325,754,115,514,30,296,293,749
609,1587,113,503,357,519,159,826,741,378,108
610,241,219,332,968,901,922,832,309,741,293
611,309,968,219,1587,307,355,332,918,741,125
612,85,305,290,331,1460,1008,1131,962,868,431
613,147,379,291,923,507,789,918,471,495,1141
614,271,306,244,494,1097,361,381,690,595,162
615,885,1015,1583,420,270,1542,989,1519,300,288
616,303,677,492,311,480,871,940,872,714,662
617,492,176,677,291,1133,12,478,546,845,739
618,176,151,242,894,346,1046,209,846,1583,581
619,312,407,115,514,481,168,1347,605,284,343
620,741,854,992,689,1587,681,8,609,333,1064
621,151,357,1583,609,736,740,108,333,267,581
622,420,679,627,885,1015,357,11,923,315,58
623,1007,258,1266,662,494,487,289,718,1460,204
624,288,165,300,636,125,269,178,331,107,259
625,689,608,30,8,1587,323,333,609,1066,922
626,992,487,290,1460,346,1015,154,54,897,184
627,605,162,498,749,1587,219,992,467,631,342
628,1097,270,331,303,863,289,189,989,873,1519
629,331,1637,299,1602,561,1583,156,637,1347,788
630,1066,863,189,123,30,1583,873,271,1585,331
631,989,1583,1159,878,1460,339,505,1613,257,269
632,30,1460,881,144,1390,331,149,117,962,420
633,609,281,958,662,99,285,689,86,8,608
634,923,168,885,534,457,355,206,1015,607,753
635,326,288,407,1006,735,1519,300,108,874,1613
636,770,989,261,256,627,222,58,220,487,868
637,689,345,922,608,220,924,394,631,258,162
638,357,872,498,677,130,467,126,891,656,259
639,176,204,1266,136,870,163,325,447,689,384
640,457,609,312,326,98,18,1443,339,2,121
641,1266,301,45,1460,1015,238,474,487,8,1021
642,522,258,1587,749,697,1460,45,958,1266,695
643,872,23,1019,315,1072,520,647,206,147,303
644,508,296,695,689,197,301,200,297,30,486
645,318,383,968,168,147,543,1460,1390,21,503
646,268,341,609,1583,349,1460,339,479,91,745
647,290,306,331,1097,300,735,189,1347,346,344
648,689,557,1587,601,333,151,56,992,192,377
649,341,331,1583,268,301,962,788,1637,1066,131
650,1587,271,270,162,873,924,236,1097,1519,345
651,481,930,895,268,871,53,157,698,168,412
652,241,885,11,1519,679,223,420,15,206,284
653,357,522,1613,1066,1587,609,315,91,519,153
654,1007,424,357,318,267,704,328,331,268,1032
655,885,601,326,15,26,206,223,609,1613,390
656,872,1097,714,930,746,331,509,1390,1460,303
657,357,894,609,627,1064,186,504,660,108,715
658,1460,923,147,1050,575,420,872,1347,331,378
659,126,219,561,832,1097,1390,656,701,875,322
660,609,247,751,1613,885,250,745,341,1158,951
661,1008,271,168,874,534,312,1585,194,607,875
662,660,872,113,58,696,492,379,805,12,649
663,689,302,608,1587,1525,605,293,269,1583,296
664,135,945,311,449,424,494,1032,480,1007,1460
665,677,1050,291,1602,872,1390,200,156,647,1583
666,271,422,749,894,1542,327,1583,151,881,491
667,610,749,345,257,689,310,846,428,242,608
668,125,156,1587,210,268,1009,1637,720,698,107
669,299,872,357,873,487,525,267,236,256,1007
670,740,814,91,880,302,237,116,231,522,819
671,331,677,293,291,287,119,901,289,1032,605
672,305,178,108,249,1445,301,1583,514,259,272
673,689,605,100,1613,297,608,151,467,152,338
674,108,338,116,735,762,894,854,537,305,749
675,689,609,873,958,1613,417,357,509,875,763
676,681,407,326,100,325,689,983,1018,854,13
677,115,108,717,749,885,854,271,463,743,168
678,299,281,47,891,704,267,385,525,1007,356
679,410,491,303,306,863,176,346,788,221,494
680,116,649,300,288,677,108,894,330,371,149
681,312,115,1196,590,265,885,177,1613,717,135
682,607,885,1008,968,749,897,219,923,322,26
683,156,1587,258,8,689,698,213,839,1583,608
684,288,318,328,1602,315,872,1390,873,357,1008
685,762,345,257,242,854,992,1008,305,749,108
686,331,826,467,1066,149,1390,303,677,1587,819
687,176,1131,106,921,660,809,346,76,490,244
688,300,363,149,311,738,904,761,942,894,1542
689,873,235,826,297,763,656,357,647,872,1587
690,681,1347,326,304,1013,741,168,188,290,275
691,235,407,735,135,241,14,651,299,741,687
692,285,342,494,303,537,570,149,507,1008,1032
693,305,288,1015,923,108,471,13,874,168,962
694,357,326,1006,496,506,299,609,274,344,545
695,168,543,610,108,503,430,253,717,741,735
696,923,318,507,545,144,899,13,420,315,1460
697,342,304,407,605,1018,369,108,467,992,631
698,325,608,546,689,1064,681,581,661,624,338
699,1583,268,341,305,120,39,424,1460,331,267
700,13,178,326,923,343,108,899,1018,18,305
701,494,331,595,1097,328,509,384,381,614,289
702,872,647,300,303,1460,147,284,311,221,761
703,481,509,274,496,692,1390,561,1460,1347,268
704,132,605,595,1196,302,115,287,1066,1587,293
705,923,168,326,485,951,874,188,789,26,471
706,345,355,54,968,1008,807,828,206,257,1009
707,522,91,268,349,1613,885,341,523,524,315
708,58,206,256,261,872,1007,11,880,812,965
709,331,357,287,328,189,1090,704,1032,305,424
710,58,85,154,708,211,241,290,944,220,627
711,178,296,200,885,647,489,881,481,115,823
712,595,1587,204,748,132,937,522,449,1010,1525
713,689,219,1587,345,968,886,832,873,557,992
714,487,871,299,457,206,658,92,1460,322,54
715,220,14,204,273,379,113,290,143,741,378
716,1390,885,649,315,6,717,894,1602,872,607
717,1587,522,1542,461,14,789,426,738,741,992
718,922,220,872,211,334,241,58,54,689,219
719,357,1613,15,202,115,885,691,590,1006,417
720,341,349,91,1460,1583,1158,1066,695,745,124
721,281,474,251,1460,940,839,1266,290,346,639
722,1613,115,885,1006,1519,1066,370,297,19,763
723,330,595,14,870,358,210,628,894,522,153
724,299,135,901,331,1032,287,241,1007,357,289
725,875,509,55,250,1013,265,1347,922,312,1460
726,271,306,162,1008,735,610,257,168,1542,690
727,1587,113,58,609,522,763,720,220,235,519
728,342,410,300,305,13,2,326,878,186,304
729,872,677,357,649,149,891,498,264,331,647
730,992,466,162,379,557,276,1587,655,290,962
731,1583,1460,268,561,1587,1390,835,144,1585,1637
732,331,299,330,92,305,925,1007,420,410,874
733,300,13,326,1542,517,1125,471,716,316,522
734,557,689,219,832,259,873,270,205,220,1587
735,1064,696,281,383,662,8,708,58,204,959
736,58,191,662,1064,1004,383,211,609,8,923
737,474,346,290,285,251,413,791,770,381,1460
738,609,522,1587,720,557,144,479,91,18,604
739,309,310,245,1347,698,603,689,428,178,301
740,872,147,58,241,1072,1460,420,303,220,1519
741,874,288,522,503,1008,26,318,168,15,191
742,481,341,245,788,214,820,457,38,745,885
743,200,1051,1094,992,116,886,979,749,1583,270
744,854,153,451,743,357,767,113,870,624,885
745,300,1460,13,219,290,506,992,1347,498,466
746,299,318,832,489,241,309,274,191,259,277
747,945,269,318,720,125,339,832,688,288,107
748,689,749,498,992,594,30,1587,921,897,922
749,331,306,1460,271,35,1602,575,280,1050,149
750,108,609,121,168,522,475,91,305,253,457
751,241,284,288,206,988,466,655,154,637,1015
752,312,407,135,874,326,923,114,527,1519,241
753,342,1032,287,494,1060,300,650,135,244,631
754,1347,1460,1133,221,326,410,992,346,1018,301
755,342,677,323,197,1196,695,1032,718,875,494
756,306,290,346,1097,271,162,467,344,600,244
757,481,326,1347,299,935,8,788,607,274,214
758,1066,115,123,271,1097,1587,357,172,606,193
759,300,126,269,605,650,270,4,486,162,690
760,992,736,316,379,1133,430,1542,681,125,605
761,338,846,357,108,368,894,467,661,606,1010
762,1066,522,697,839,91,621,315,258,156,56
763,300,311,761,147,872,244,135,312,649,1460
764,1587,1460,677,291,268,1390,596,318,478,819
765,325,546,1047,935,1013,292,424,747,1583,223
766,320,922,241,293,901,750,19,303,299,342
767,241,284,235,19,135,647,13,288,879,1519
768,357,649,108,588,331,1066,881,514,149,826
769,1021,176,238,1266,580,653,213,290,306,1038
770,331,299,357,568,925,189,267,1097,660,385
771,749,302,108,605,116,30,962,1587,608,197
772,390,300,1613,298,325,870,747,609,899,1072
773,206,1460,481,457,284,377,885,601,1038,54
774,885,992,326,481,749,1460,284,301,1542,343
775,770,868,261,378,989,494,614,245,627,843
776,268,318,677,1196,945,479,720,449,522,1443
777,481,509,417,115,885,476,1132,395,43,1039
778,1587,481,1460,219,763,695,284,689,19,968
779,281,318,696,492,662,546,923,480,268,653
780,494,1519,753,1460,147,1072,261,85,410,300
781,318,13,923,121,304,305,899,952,108,98
782,357,331,25,299,1097,108,305,1066,874,123
783,305,342,268,1583,171,32,902,269,673,287
784,1583,331,271,749,308,209,566,929,863,328
785,331,306,1390,1460,978,168,1637,788,378,14
786,357,588,649,881,86,606,662,30,433,872
787,58,292,922,256,284,303,1133,492,90,369
788,318,191,305,13,424,288,923,945,1007,431
789,341,115,885,1066,870,153,978,1613,491,410
790,677,13,178,1027,291,342,647,288,149,293
791,303,346,863,600,738,221,520,306,1460,770
792,325,927,546,197,304,148,809,342,176,312
793,250,1013,312,368,188,865,606,55,304,875
794,696,923,543,147,662,85,534,730,978,568
795,289,331,153,753,978,306,330,176,839,494
796,689,367,873,832,219,1587,345,126,16,269
797,146,330,156,303,289,738,298,695,1027,522
798,325,494,704,609,870,1613,250,251,135,509
799,1460,303,487,54,872,290,989,1519,1347,1050
800,108,30,873,305,249,962,749,44,116,1066
801,288,13,523,339,125,300,318,270,1460,305
802,281,1064,661,213,504,8,662,581,383,257
803,1460,750,481,14,284,300,495,206,311,1136
804,299,369,284,343,324,679,146,326,420,1420
805,357,326,1006,609,135,1613,98,691,115,188
806,342,474,305,566,962,936,346,304,486,576
807,922,481,135,320,284,631,293,901,241,924
808,305,178,1460,1156,412,271,1587,605,1583,269
809,331,677,1032,537,1060,287,719,330,467,254
810,1097,219,922,236,872,875,220,509,417,606
811,922,1460,689,1060,739,346,498,1032,988,546
812,299,241,219,832,873,741,743,220,235,679
813,390,1583,627,601,422,552,1047,921,58,223
814,885,425,54,481,26,284,206,315,411,156
815,305,300,178,13,288,108,506,878,339,304
816,331,566,30,306,346,301,491,467,1583,1066
817,126,689,1460,646,498,300,219,561,486,346
818,275,304,681,983,1018,219,576,154,13,1347
819,331,873,1066,1097,605,901,566,130,287,189
820,1460,646,271,306,126,244,162,346,474,219
821,245,299,305,339,331,614,341,494,1097,1347
822,537,85,608,938,962,631,162,258,182,662
823,299,1460,305,274,8,30,962,18,285,321
824,116,357,537,211,854,113,315,743,519,873
825,241,922,795,345,211,154,679,608,184,487
826,894,186,108,431,410,305,793,704,878,363
827,624,325,116,357,608,964,876,1096,609,958
828,304,474,290,285,251,631,407,381,342,219
829,989,747,601,256,1583,1347,1050,482,778,127
830,1460,534,54,871,1519,507,1008,487,923,146
831,885,425,315,54,607,1390,417,1004,247,6
832,235,285,537,407,220,735,100,357,330,1100
833,872,879,763,219,922,480,498,968,546,923
834,341,206,1460,424,326,885,923,481,198,325
835,306,491,331,176,271,12,244,280,494,978
836,151,688,259,165,720,736,1583,557,125,269
837,108,735,762,537,106,992,305,85,187,116
838,178,412,301,1460,306,305,481,750,673,1347
839,309,345,968,1460,367,412,219,336,301,474
840,271,342,123,513,1156,605,1460,1585,1097,149
841,219,968,871,1460,646,285,345,875,594,498
842,894,116,315,826,357,537,159,522,113,149
843,325,870,357,470,1066,153,115,885,978,424
844,8,689,301,695,105,1021,1038,1039,508,281
845,498,178,30,367,1041,899,291,305,962,749
846,303,220,557,270,113,258,537,729,346,646
847,299,267,357,1066,784,333,153,82,269,1637
848,885,1094,941,284,647,873,296,601,1587,272
849,735,407,326,762,369,537,0,1100,100,14
850,14,1217,741,343,788,326,143,273,1125,214
851,494,299,341,1460,339,449,363,945,614,135
852,342,251,481,449,323,494,341,751,1460,135
853,870,14,1125,885,325,405,326,169,1613,823
854,1519,156,261,241,58,284,420,778,1583,331
855,1460,1015,206,843,390,54,923,886,144,807
856,1460,126,244,474,634,1,1390,449,891,271
857,561,1347,339,143,1460,523,496,482,1672,245
858,302,108,178,170,300,296,1583,151,237,116
859,357,1097,626,718,267,572,285,328,310,153
860,326,762,407,245,290,854,992,1347,743,681
861,537,922,113,608,235,1587,924,220,977,338
862,311,677,481,492,480,491,761,300,649,1390
863,788,863,1587,1519,1024,1542,303,759,557,0
864,154,206,275,326,988,325,198,13,284,923
865,1587,270,689,608,1583,979,873,170,677,747
866,749,115,271,885,345,1008,1196,603,1519,412
867,318,281,121,383,609,191,662,1064,968,174
868,268,159,748,749,461,522,253,327,1587,1151
869,688,304,108,318,121,636,344,125,98,13
870,14,701,153,273,614,628,788,417,684,862
871,430,1064,268,632,253,923,351,696,1151,546
872,677,309,268,318,178,312,282,300,1390,288
873,481,412,689,605,1587,115,30,309,193,749
874,873,305,886,925,679,322,212,1583,1602,241
875,299,487,770,285,609,339,525,935,457,678
876,1196,153,156,522,132,1587,595,330,342,933
877,346,244,863,306,176,1460,303,271,300,921
878,1050,948,1460,940,1347,251,747,494,481,300
879,749,1460,291,1587,522,45,1542,349,270,1365
880,306,332,992,749,631,290,430,897,923,197
881,379,357,894,106,696,660,351,331,1131,108
882,306,1015,753,168,261,992,1347,885,1583,290
883,291,899,492,923,1038,1015,316,58,292,965
884,1347,863,300,778,221,647,127,1050,303,1133
885,331,868,270,303,1060,872,819,878,989,566
886,300,747,1613,590,1583,298,345,170,328,878
887,113,1587,871,235,968,879,147,468,14,6
888,30,689,881,200,202,357,197,647,272,743
889,300,271,244,521,1542,634,148,342,1613,517
890,288,270,557,873,212,1587,824,349,1519,1585
891,271,368,38,115,748,1010,341,312,634,496
892,481,417,763,885,624,156,153,8,854,15
893,698,153,268,1196,718,267,1443,32,341,171
894,546,312,325,282,178,184,250,309,367,899
895,590,870,56,609,1613,552,1205,126,472,254
896,301,992,30,749,346,1024,144,117,881,8
897,288,300,605,291,13,270,302,170,178,162
898,206,284,245,457,326,481,1347,647,13,241
899,689,1097,219,747,647,879,948,872,332,875
900,156,268,315,1587,929,411,322,880,1602,283
901,219,689,875,12,646,56,220,557,594,873
902,649,606,395,208,327,312,407,188,491,135
903,1587,557,143,140,886,843,992,144,1585,1542
904,331,245,1347,1460,1585,1097,271,299,206,978
905,1460,507,219,13,1008,285,19,291,288,1390
906,474,346,281,486,992,301,962,8,144,163
907,345,750,1450,342,968,631,300,38,1460,271
908,741,605,1587,407,219,579,293,481,1010,248
909,14,235,220,720,297,311,651,100,537,977
910,326,299,304,1347,301,274,357,344,82,514
911,1583,140,1460,629,301,181,886,989,930,835
912,885,115,326,475,9,315,951,876,327,609
913,923,609,854,8,58,326,662,1460,26,197
914,1583,331,878,989,270,1060,170,210,1046,189
915,299,331,978,306,385,687,117,294,1460,692
916,206,481,885,284,136,377,415,601,15,127
917,650,945,13,342,219,126,605,832,318,688
918,712,379,257,610,85,537,735,162,305,318
919,412,288,1049,1587,605,291,156,293,1602,895
920,494,341,339,92,331,328,614,1008,753,114
921,537,357,719,338,467,12,894,636,891,1032
922,1460,1015,345,54,213,1038,1021,1008,749,1583
923,300,271,1542,1460,1156,314,1587,600,422,647
924,872,922,346,921,325,58,520,747,1460,54
925,269,605,310,1587,259,449,151,937,689,1010
926,290,1347,306,301,988,930,332,12,1021,346
927,299,1066,509,269,259,333,123,1010,267,496
928,331,299,704,1007,588,878,424,566,357,1032
929,108,357,219,609,503,649,485,407,854,188
930,660,331,467,894,221,149,144,962,492,164
931,1066,149,299,323,687,788,342,331,294,407
932,1460,311,303,1390,677,126,244,746,875,271
933,698,123,1066,299,269,1010,115,788,784,214
934,331,300,320,605,1032,467,12,1097,719,287
935,878,342,1007,566,1032,299,704,287,1066,100
936,315,6,872,1602,156,1390,677,322,885,976
937,885,326,788,481,1006,1217,978,341,1637,491
938,115,885,1196,124,929,271,1613,855,590,870
939,1460,580,923,978,306,696,144,274,331,341
940,342,1460,1519,19,323,871,285,1587,750,494
941,305,288,108,212,824,522,13,1585,874,178
942,220,14,517,407,922,286,219,377,681,208
