0,180,267,516,1519,301,771,510,1133,173,653
1,173,660,510,267,301,650,317,44,515,126
2,462,248,317,612,54,356,126,7,970,99
3,267,325,1566,653,611,126,44,503,210,358
4,522,747,708,180,100,173,174,462,60,61
5,99,510,660,653,60,356,126,1519,481,708
6,100,510,1234,515,356,132,127,1038,503,522
7,99,660,267,510,650,466,173,210,442,180
8,126,200,1519,173,481,503,1133,692,894,49
9,317,132,356,126,481,1234,7,510,1038,176
10,142,317,612,948,205,132,1566,1519,44,846
11,1566,515,317,60,267,466,650,240,965,846
12,1117,180,740,660,176,301,728,623,203,747
13,61,708,99,301,174,316,419,1109,515,750
14,325,954,515,240,317,60,510,731,43,650
15,126,173,233,356,176,317,692,337,1038,503
16,180,317,200,424,7,126,462,958,356,150
17,132,317,99,1566,936,527,7,44,520,301
18,708,356,612,1061,522,59,317,60,462,7
19,205,132,27,471,750,726,748,1166,747,1117
20,267,176,653,126,481,660,210,200,332,59
21,173,180,522,1485,3,210,200,356,469,176
22,99,708,7,317,515,132,174,510,650,424
23,100,356,60,1566,317,462,510,99,515,126
24,180,238,173,317,1566,27,612,301,515,613
25,267,99,126,301,317,650,510,660,180,173
26,99,317,332,527,316,210,708,126,325,466
27,301,180,173,740,126,332,270,99,615,176
28,1038,1566,267,317,126,653,1519,1234,424,510
29,356,126,317,173,100,99,332,1566,522,650
30,200,653,59,522,1519,1566,503,1234,126,174
31,301,173,613,180,332,44,1566,522,126,24
32,267,173,325,233,126,301,240,332,660,469
33,515,60,325,301,954,510,126,44,613,8
34,337,100,254,317,264,40,936,750,7,1038
35,100,522,317,356,173,254,7,1234,515,1485
36,254,469,100,301,180,1566,173,515,127,248
37,240,267,748,467,681,719,1566,872,451,142
38,176,1018,740,270,301,233,267,173,226,653
39,462,99,325,728,1109,100,267,1166,708,60
40,708,515,301,510,174,522,317,127,99,316
41,173,180,264,229,132,27,317,469,142,650
42,173,356,317,522,894,613,27,254,210,1100
43,100,462,7,99,708,317,180,747,356,173
44,132,317,481,356,7,99,1519,173,527,442
45,515,60,510,356,846,1100,317,613,1061,301
46,301,99,846,462,60,510,317,515,516,708
47,99,100,332,615,126,1134,210,325,356,337
48,516,59,653,643,510,846,1519,1234,612,60
49,546,894,1007,24,267,771,301,516,740,44
50,180,173,264,650,356,238,317,510,27,210
51,317,99,462,708,650,510,301,44,527,356
52,99,126,317,332,233,173,301,650,520,660
53,332,615,267,301,520,180,613,99,325,747
54,173,267,176,332,681,126,660,650,233,210
55,332,180,173,301,238,27,317,1018,264,61
56,267,180,301,99,126,520,936,173,650,510
57,59,356,752,958,510,424,267,516,1566,66
58,99,301,356,126,332,248,462,510,613,1061
59,708,1566,515,317,301,132,510,99,747,7
60,240,27,650,673,719,466,317,132,748,527
61,99,317,7,316,424,582,419,466,726,650
62,301,126,44,462,99,356,317,516,708,174
63,200,173,356,510,126,612,1519,180,970,522
64,1566,728,173,325,100,132,60,317,650,180
65,180,301,332,173,613,126,233,176,894,267
66,301,1566,462,180,613,248,728,747,332,520
67,317,356,142,126,24,150,99,1485,1519,516
68,99,126,317,267,356,24,173,1519,44,180
69,173,1234,240,653,317,510,1566,126,1038,1485
70,100,52,356,708,462,522,7,747,1061,99
71,332,466,254,681,752,1566,880,59,317,316
72,510,643,356,516,60,653,846,515,970,954
73,356,317,126,332,510,210,301,613,522,99
74,180,454,89,750,173,301,99,44,462,708
75,200,126,653,503,356,267,1519,510,59,516
76,1018,846,424,267,726,653,176,127,708,1485
77,325,356,60,510,1100,126,728,503,611,1566
78,708,59,726,112,424,44,846,508,954,1566
79,356,317,522,126,510,254,515,99,1100,1234
80,7,317,958,356,59,424,846,708,726,527
81,7,317,132,356,173,527,650,210,708,522
82,142,317,27,264,650,173,467,132,965,238
83,317,708,527,462,173,965,7,180,612,650
84,356,510,317,1519,173,522,1100,60,708,126
85,44,515,419,1566,316,301,954,112,948,846
86,132,317,173,142,1234,27,7,337,264,229
87,99,325,132,527,316,880,1134,100,210,660
88,254,954,126,173,100,1038,44,1566,611,267
89,1234,481,317,527,142,660,126,653,510,132
90,894,317,180,467,332,270,356,126,173,27
91,356,510,59,653,99,126,301,317,516,60
92,270,750,708,71,872,132,612,173,964,1566
93,653,99,424,267,126,1519,44,59,516,317
94,515,238,316,173,317,27,1485,61,466,846
95,301,740,424,936,99,267,205,126,520,653
96,740,1566,301,226,728,372,613,229,1133,469
97,510,653,126,60,59,515,1100,356,660,643
98,100,332,522,180,99,52,747,356,238,7
99,27,317,240,515,527,132,650,173,264,316
100,173,317,264,356,180,650,27,332,126,254
101,1566,173,515,60,522,611,510,747,59,210
102,317,356,522,44,126,1566,173,708,958,254
103,180,173,1485,238,267,740,948,1566,650,685
104,180,301,173,126,44,24,89,99,317,271
105,317,527,515,142,132,1234,240,965,316,660
106,846,99,44,59,958,516,653,317,299,424
107,7,708,59,1566,317,527,958,132,462,0
108,226,180,750,263,229,173,740,467,27,301
109,337,240,100,965,466,317,1234,527,267,7
110,301,126,240,510,653,1234,317,515,356,846
111,356,317,510,126,481,132,1234,515,522,1100
112,747,100,943,1566,750,1166,325,459,1109,1097
113,462,180,127,454,99,510,771,301,612,126
114,99,522,615,59,38,1142,708,356,740,332
115,267,176,653,173,660,126,301,233,1018,510
116,301,1566,180,1018,510,515,469,173,332,520
117,126,301,522,356,1566,1519,173,740,692,612
118,301,1566,1040,132,1519,612,471,248,1100,317
119,317,948,27,650,142,24,173,238,264,44
120,356,317,60,728,1485,510,1234,142,7,462
121,205,301,44,1566,846,653,59,516,481,316
122,356,126,59,516,60,1519,200,653,522,317
123,301,38,270,740,176,615,1018,126,692,99
124,173,180,750,229,27,650,264,1038,203,726
125,132,142,317,7,27,338,471,612,467,1085
126,173,471,27,747,61,203,238,264,577,270
127,317,726,7,142,650,132,954,508,356,527
128,516,301,174,44,970,248,1519,317,510,1100
129,894,126,467,233,337,173,692,1133,180,317
130,325,267,210,332,99,660,515,510,613,653
131,510,653,356,99,643,60,317,1234,126,660
132,301,180,238,173,44,747,1566,708,89,270
133,325,965,240,173,750,1566,650,527,747,132
134,267,301,510,653,126,462,1566,356,99,660
135,708,462,60,99,317,356,59,653,126,510
136,226,1018,469,229,127,173,1234,1027,180,750
137,317,7,466,99,356,173,180,708,1485,522
138,99,317,356,650,60,332,126,173,466,210
139,1566,510,356,516,267,126,1519,44,317,60
140,325,369,270,264,180,469,27,872,24,317
141,173,99,176,301,267,660,180,126,613,210
142,332,126,301,894,270,173,613,99,233,317
143,356,510,317,126,132,481,173,99,650,462
144,240,1018,263,612,1234,226,176,469,3,152
145,176,267,653,510,240,660,1234,515,210,846
146,60,515,613,317,846,44,1566,356,254,510
147,708,747,462,60,1166,59,515,1566,325,1061
148,126,1133,301,771,1519,44,653,481,99,267
149,173,44,510,267,954,301,356,653,126,180
150,462,180,127,317,708,510,954,112,515,301
151,142,240,254,467,173,1566,229,1234,317,139
152,332,515,752,59,535,510,60,466,210,356
153,522,126,356,176,1234,510,653,503,173,1485
154,1566,1519,503,126,356,612,1038,1133,317,1234
155,481,660,126,99,176,233,653,1519,442,503
156,7,317,142,424,527,1234,126,958,337,612
157,7,317,1485,708,132,60,316,99,59,419
158,180,301,99,936,270,454,1027,238,546,462
159,267,126,653,301,270,660,176,99,233,1018
160,894,332,24,613,522,126,210,301,356,254
161,332,180,173,99,750,100,301,317,233,126
162,99,126,317,332,660,210,650,356,173,301
163,747,316,27,61,99,515,173,264,471,317
164,99,708,462,527,317,132,44,650,660,1166
165,872,467,325,240,27,965,132,748,527,142
166,127,510,1234,1038,515,356,643,955,954,264
167,337,132,317,7,650,180,99,527,173,750
168,301,180,173,317,27,515,44,650,264,510
169,240,254,469,325,515,1566,1234,267,681,510
170,173,126,301,180,176,356,317,332,510,264
171,301,515,99,316,469,317,510,650,27,173
172,462,99,708,301,747,510,1566,515,325,728
173,515,301,240,316,317,510,846,954,1234,731
174,173,126,180,317,356,27,650,510,214,233
175,301,59,60,515,613,653,516,846,174,522
176,126,356,99,522,510,301,520,653,503,210
177,173,180,27,650,317,264,240,238,469,731
178,254,332,681,894,24,126,613,520,44,356
179,267,846,708,325,466,965,1018,316,210,527
180,681,894,173,27,180,948,24,238,332,203
181,180,317,173,356,650,210,27,510,612,462
182,1566,612,1234,240,317,59,522,132,846,356
183,1519,59,516,99,317,462,44,126,653,356
184,317,267,948,1519,126,142,1133,653,356,1566
185,132,317,1040,839,728,248,356,1027,650,238
186,317,954,462,527,708,7,846,612,356,965
187,316,27,317,301,466,681,846,515,332,264
188,740,1519,424,1018,481,612,200,270,152,1525
189,173,267,180,301,1566,469,126,611,44,233
190,356,317,126,510,210,522,481,173,1234,99
191,60,248,1485,356,515,174,516,180,510,522
192,132,510,317,527,515,325,728,60,462,240
193,99,126,332,356,317,210,522,316,510,173
194,301,267,660,173,233,126,653,27,317,1285
195,1234,510,356,240,1566,520,1038,1100,481,317
196,337,132,173,317,7,527,233,650,679,442
197,510,356,173,1485,650,643,317,508,176,612
198,301,267,846,653,515,954,510,60,516,643
199,173,7,142,152,467,317,27,1566,958,612
200,615,126,692,481,771,503,176,1133,99,653
201,176,653,267,660,301,173,681,469,481,233
202,173,180,1566,611,894,1485,270,200,612,1519
203,301,516,99,44,948,653,1519,126,740,481
204,462,24,1166,99,613,60,728,747,894,332
205,894,301,332,180,613,24,270,248,238,372
206,132,481,317,126,142,467,338,894,356,99
207,325,60,317,1485,466,173,965,1566,356,515
208,99,132,337,7,527,462,750,317,126,100
209,126,173,233,317,99,301,267,1519,180,27
210,481,200,325,503,173,527,611,233,660,467
211,325,267,650,965,954,515,173,660,317,527
212,173,1566,356,510,180,126,317,60,522,1519
213,356,59,60,462,317,100,522,7,132,510
214,173,1519,126,301,510,180,660,1038,653,503
215,267,954,510,126,515,653,356,332,254,301
216,267,205,142,176,726,1234,1566,681,1038,752
217,510,267,356,660,653,515,210,240,846,643
218,127,100,126,99,356,510,954,60,462,325
219,126,894,317,356,254,301,173,142,1234,27
220,1018,126,38,99,936,692,615,424,176,7
221,332,210,613,173,356,180,238,747,650,466
222,126,325,527,660,481,173,317,210,270,254
223,337,142,132,650,233,173,317,965,27,527
224,173,267,660,126,510,233,210,356,176,1133
225,180,462,301,708,317,99,270,1166,238,264
226,301,424,267,653,205,99,660,481,44,1519
227,254,948,142,681,317,24,954,44,27,240
228,174,127,515,970,510,1061,301,59,708,462
229,132,527,317,965,99,466,1166,650,467,7
230,846,515,301,317,238,466,27,316,708,1566
231,660,515,510,653,516,173,301,59,643,508
232,728,1566,240,60,613,515,510,59,1100,466
233,481,527,317,142,612,132,424,442,338,99
234,510,173,356,210,522,1100,660,126,708,653
235,99,267,527,317,462,650,132,24,44,466
236,301,317,99,316,510,126,356,481,515,650
237,301,44,126,173,264,270,750,254,317,613
238,708,270,59,424,1018,71,1109,52,958,786
239,126,99,520,317,356,332,24,301,613,510
240,510,356,520,1566,267,317,515,126,503,240
241,317,142,462,954,24,965,180,126,546,267
242,99,59,60,527,325,660,515,708,132,510
243,60,59,1566,516,1166,958,112,267,462,1109
244,180,747,238,1027,469,750,264,301,515,173
245,270,301,126,99,740,970,248,462,24,180
246,173,1485,267,1566,660,180,650,508,1519,653
247,332,270,126,301,180,356,317,99,200,958
248,653,126,1566,200,846,44,59,267,317,356
249,267,99,301,126,520,653,317,510,546,44
250,126,301,510,356,653,1234,1519,173,176,503
251,126,99,356,100,210,173,317,267,653,1566
252,173,317,612,27,965,142,650,527,708,508
253,132,173,650,180,27,469,317,240,660,731
254,332,176,615,126,692,520,301,38,522,233
255,142,317,132,27,316,471,948,7,338,1018
256,356,99,510,126,248,516,301,462,1100,1061
257,325,747,127,240,1566,750,924,100,872,515
258,1566,173,59,653,510,503,126,176,1519,522
259,173,233,325,1018,132,317,679,467,469,964
260,316,7,317,1018,1097,522,1234,142,132,1566
261,515,846,316,1018,481,1566,240,708,653,510
262,317,356,7,510,132,1234,527,612,650,142
263,1485,59,176,173,653,1566,267,1519,958,660
264,332,100,337,254,681,1134,325,335,1097,747
265,126,99,317,301,356,510,653,462,970,660
266,510,356,126,1566,317,301,653,1519,1234,503
267,126,653,210,356,267,99,200,510,59,660
268,99,59,516,1007,653,424,1519,462,174,60
269,142,254,317,126,44,546,685,958,1234,1038
270,126,356,317,301,510,180,248,99,970,173
271,126,510,176,356,522,653,173,301,210,515
272,99,126,317,653,44,356,520,1566,466,267
273,317,60,356,462,173,515,708,180,510,1566
274,173,317,750,1566,100,180,469,264,27,126
275,126,173,99,356,653,317,176,210,510,522
276,267,1566,317,254,126,965,466,332,240,44
277,142,317,1038,1234,126,481,173,1566,233,527
278,248,7,522,551,1097,38,1040,270,337,454
279,254,200,1097,1566,522,142,317,958,970,59
280,205,839,936,1566,681,301,1166,44,747,719
281,317,7,180,142,958,173,424,1485,726,24
282,180,173,510,750,1519,1566,503,226,356,611
283,99,126,301,462,210,44,332,653,708,613
284,126,692,270,267,740,467,200,233,894,958
285,254,522,1485,1566,142,515,1234,60,139,316
286,317,126,7,356,1038,1234,99,510,424,936
287,126,301,613,332,210,894,325,270,970,99
288,1018,270,240,469,1234,301,173,335,264,126
289,173,180,27,650,541,750,264,731,24,471
290,126,301,1519,317,180,936,267,99,653,546
291,317,356,126,7,99,510,1519,1234,173,1038
292,99,126,653,660,267,481,210,176,510,356
293,270,180,173,126,301,317,27,894,200,44
294,132,1566,1166,708,317,747,112,1061,44,1109
295,510,301,660,132,99,650,481,317,442,515
296,954,126,99,317,510,356,267,44,1038,653
297,173,356,317,522,481,126,233,337,176,210
298,515,59,317,99,1566,708,60,510,132,44
299,325,126,332,615,880,520,233,132,1134,99
300,180,173,126,317,270,301,454,462,233,100
301,99,126,301,317,462,527,316,708,1285,210
302,200,126,356,510,267,503,653,173,1519,1038
303,469,301,180,173,267,270,611,613,264,27
304,99,462,325,126,708,1285,527,44,270,660
305,59,325,60,1566,44,267,462,653,546,708
306,248,612,1519,180,740,516,356,1566,1485,522
307,522,1566,1519,59,1234,503,174,176,1097,356
308,240,127,325,510,515,267,846,210,52,653
309,510,356,60,515,317,126,653,516,1100,643
310,229,1566,173,240,176,522,1234,356,203,254
311,127,132,750,546,126,503,1032,611,1519,1133
312,99,126,316,173,210,176,481,522,338,270
313,337,254,100,936,1566,728,681,719,1038,40
314,1519,612,516,248,180,301,740,510,356,1133
315,132,527,99,112,643,954,515,510,60,7
316,356,522,317,173,1566,510,515,1485,1234,612
317,142,958,880,466,317,965,332,7,527,1097
318,254,515,469,173,522,356,510,1566,325,126
319,100,301,254,332,270,126,317,180,1566,1018
320,132,481,527,317,660,1566,7,142,1519,510
321,126,510,660,99,356,267,325,210,301,653
322,126,317,356,99,510,267,1234,653,7,527
323,126,332,99,894,317,270,210,522,325,613
324,99,510,356,301,126,660,516,481,1100,1142
325,132,317,612,180,338,27,173,469,527,270
326,1519,1566,503,59,481,653,1133,200,126,611
327,317,527,510,240,515,650,132,264,99,965
328,301,99,126,510,613,356,462,317,180,650
329,1566,27,240,317,965,173,142,948,44,612
330,254,325,520,267,515,301,1566,546,469,936
331,267,1566,332,100,173,180,750,747,176,233
332,317,173,650,27,466,356,132,965,180,142
333,99,653,44,126,59,301,1142,176,516,1519
334,1018,301,38,99,316,740,126,520,317,936
335,176,173,681,740,270,233,200,332,203,126
336,240,1234,176,229,173,510,515,27,1018,264
337,99,301,520,126,44,510,660,653,267,516
338,99,653,126,424,59,510,317,1519,356,708
339,142,27,173,317,650,681,264,726,337,965
340,325,267,60,520,126,254,100,332,1566,59
341,481,59,126,142,653,1097,316,338,681,1234
342,424,612,510,508,653,846,1519,516,1061,708
343,99,126,316,653,317,356,522,301,660,510
344,126,301,510,653,99,317,267,660,356,44
345,522,132,254,356,317,1022,1100,551,1234,126
346,176,520,332,126,233,173,254,267,356,180
347,173,180,27,270,264,1566,332,238,301,469
348,267,126,325,653,1566,503,59,510,611,462
349,99,126,317,356,1519,7,132,481,527,462
350,462,1566,180,708,965,127,325,747,1166,515
351,176,126,510,356,173,481,301,660,210,469
352,356,126,510,317,954,650,99,515,332,520
353,132,1566,59,708,747,459,1109,112,752,750
354,481,126,176,356,522,233,503,210,332,466
355,332,515,325,210,60,317,99,954,466,613
356,317,650,99,965,132,7,142,27,180,936
357,708,747,726,1109,7,424,508,112,1166,750
358,301,180,173,317,126,99,510,356,44,462
359,99,126,317,356,510,520,527,650,462,301
360,481,126,1519,356,510,317,99,660,653,173
361,317,99,132,44,7,316,126,254,356,522
362,270,301,248,970,1040,612,317,839,454,127
363,1566,681,254,44,1097,126,301,936,38,317
364,267,99,126,317,60,954,846,332,466,54
365,462,52,126,99,100,7,317,527,40,708
366,270,301,126,173,1566,44,180,462,317,522
367,954,254,126,89,127,100,200,1038,546,267
368,301,126,846,1018,270,267,653,317,613,180
369,99,325,660,126,132,173,317,301,515,316
370,126,894,332,173,681,27,613,317,301,233
371,936,1566,681,317,254,240,332,1234,267,894
372,1566,173,954,180,515,1485,112,611,708,846
373,176,681,312,301,481,469,173,233,126,337
374,173,126,301,180,176,233,469,510,27,356
375,301,317,510,44,356,612,126,846,653,1519
376,173,180,126,356,317,200,1566,1519,510,522
377,317,132,99,527,1566,142,7,126,173,660
378,1234,510,317,356,612,1485,7,643,240,1519
379,267,510,954,240,660,643,515,127,508,653
380,1519,612,481,424,740,152,200,653,59,1234
381,59,752,316,7,1097,38,1234,1566,466,481
382,132,481,317,99,126,356,1234,142,7,527
383,317,1566,173,180,27,7,965,650,356,612
384,1519,740,516,653,301,174,612,481,59,503
385,301,1018,317,515,99,510,126,316,1234,240
386,270,424,127,301,454,126,99,200,653,1142
387,100,173,1018,240,233,254,325,1234,180,317
388,99,301,126,1519,424,481,740,653,442,270
389,317,650,60,747,24,466,1566,173,515,419
390,60,267,510,356,126,503,1566,325,653,515
391,1234,173,1519,1485,176,510,1566,317,356,650
392,1566,872,240,1018,577,467,226,71,965,254
393,1566,99,653,126,267,317,1519,176,660,59
394,173,317,7,356,1485,510,650,612,508,1234
395,173,469,176,1018,325,471,210,27,1566,522
396,126,99,510,660,301,356,176,481,503,1519
397,317,173,99,650,126,356,27,210,180,466
398,1566,205,240,44,748,612,59,872,846,301
399,126,173,180,317,267,356,301,210,27,650
400,466,527,27,650,317,142,132,965,948,846
401,317,126,173,142,99,132,27,650,481,442
402,301,44,613,747,1566,99,520,332,936,681
403,240,469,254,1566,515,267,301,238,936,1018
404,150,740,248,180,233,142,1485,615,54,419
405,325,100,750,127,747,469,660,99,515,708
406,267,1566,173,653,44,176,424,958,726,1038
407,1566,59,516,740,44,301,752,1097,613,958
408,515,510,210,535,660,643,508,99,132,356
409,1018,254,126,240,270,1234,653,1566,301,681
410,173,180,317,301,650,27,1519,1485,1566,1038
411,126,173,99,301,356,180,317,210,270,510
412,180,317,173,142,650,27,965,1166,527,44
413,301,173,180,613,332,356,126,317,99,238
414,356,317,126,510,650,99,332,466,173,60
415,317,27,846,270,173,948,301,264,210,965
416,100,40,1566,60,7,954,356,317,52,515
417,254,681,200,126,894,267,332,173,142,233
418,173,317,126,660,954,510,1038,60,99,356
419,59,653,99,126,516,44,510,424,1519,660
420,325,332,469,301,210,615,267,99,176,660
421,267,424,126,200,99,653,958,356,7,1519
422,59,267,60,510,653,1566,660,515,752,356
423,301,740,613,59,270,653,1566,1018,38,546
424,248,301,522,270,3,740,180,356,174,238
425,132,99,481,660,442,126,510,301,1519,527
426,7,142,132,726,1566,750,317,1109,708,1038
427,1566,1234,936,317,1038,142,1018,301,520,132
428,173,180,99,126,356,317,301,510,650,210
429,356,510,1234,317,126,522,515,176,173,210
430,894,1566,332,958,613,747,254,965,1166,267
431,332,356,894,126,173,238,466,522,613,650
432,954,180,60,708,112,516,510,462,173,515
433,894,100,325,254,779,467,180,200,126,611
434,726,424,958,267,205,173,44,1566,180,846
435,1566,59,522,752,301,515,1097,613,254,44
436,728,60,643,240,515,267,132,510,660,59
437,332,267,233,126,681,173,176,466,325,301
438,1566,240,612,503,356,200,510,779,66,1234
439,59,60,356,522,1566,254,1097,752,126,100
440,173,750,180,1566,708,747,100,462,965,226
441,356,332,510,173,176,100,522,520,238,60
442,317,264,27,650,332,173,954,238,466,582
443,462,1566,708,317,99,180,44,60,1166,515
444,142,958,516,1142,419,205,66,176,1519,948
445,301,510,1234,127,248,3,469,612,240,356
446,301,180,173,99,317,740,27,270,176,424
447,612,1519,226,771,180,424,508,510,127,301
448,59,356,126,99,317,522,653,516,1519,481
449,317,132,7,142,1234,356,527,126,1038,650
450,267,332,681,40,325,1134,100,1018,615,936
451,205,270,301,132,424,263,27,1018,673,527
452,267,126,301,180,99,173,936,356,332,653
453,317,24,173,132,99,332,264,27,338,316
454,173,99,126,660,301,481,317,210,510,442
455,462,99,60,708,510,846,301,653,317,356
456,317,356,510,99,466,650,7,173,515,210
457,205,424,1519,653,38,1234,740,1142,59,612
458,1566,958,205,240,748,846,226,872,685,726
459,99,132,527,708,317,7,442,481,424,462
460,356,126,317,99,510,7,60,462,522,52
461,267,240,1566,466,965,650,332,719,728,515
462,301,954,515,44,267,469,325,510,99,520
463,267,99,44,653,317,1566,126,660,301,316
464,708,173,317,44,99,356,7,510,522,515
465,332,238,180,846,466,522,210,270,52,515
466,126,267,99,1038,301,520,653,173,356,510
467,1519,173,1485,653,176,1566,660,510,516,59
468,132,317,510,527,7,99,650,1519,356,508
469,24,894,173,317,126,180,1519,522,948,611
470,679,52,7,226,289,931,612,943,553,100
471,747,301,708,1566,270,44,462,180,332,1166
472,173,1485,317,954,267,126,60,660,650,510
473,356,510,317,126,99,650,301,522,210,1234
474,7,142,317,424,726,1234,1018,527,1038,139
475,176,173,233,126,1018,1234,317,337,1038,7
476,317,1566,180,173,142,27,7,965,238,24
477,66,356,1038,126,520,337,142,1234,936,317
478,267,173,954,660,180,1485,510,210,127,708
479,424,726,7,317,173,1485,508,142,643,660
480,660,267,173,510,508,176,1117,240,210,653
481,1566,267,325,1018,750,469,611,924,965,240
482,132,142,317,612,7,173,180,27,650,229
483,180,173,27,317,650,264,238,612,750,301
484,173,301,1038,1519,126,180,1234,1485,510,176
485,126,301,99,510,660,520,503,356,173,653
486,267,240,1018,469,660,936,301,176,233,325
487,180,173,325,469,100,264,747,127,254,317
488,173,210,522,747,1018,226,270,27,71,229
489,200,270,127,126,692,454,301,771,970,653
490,99,317,126,301,954,515,316,267,527,510
491,99,356,317,126,520,7,510,527,332,462
492,180,317,7,356,462,173,708,747,522,100
493,126,317,936,301,1038,173,1234,264,233,1018
494,1566,747,1097,613,254,44,332,1134,894,173
495,99,750,459,771,936,424,726,520,1109,462
496,332,180,301,248,100,728,126,520,613,462
497,520,503,248,1234,126,522,356,510,964,515
498,356,317,462,510,527,7,1061,126,132,99
499,270,1018,653,126,301,462,267,692,325,1285
500,1566,301,126,267,59,653,503,611,546,1018
501,176,270,1018,681,233,332,615,38,173,126
502,99,180,173,660,462,750,442,1285,527,132
503,132,317,99,747,7,708,1566,527,462,44
504,142,317,27,132,527,338,369,264,965,467
505,173,481,176,152,27,467,233,210,612,317
506,132,317,471,7,27,316,173,708,527,1566
507,99,317,462,356,126,1519,60,708,59,7
508,126,173,233,176,301,481,99,338,660,615
509,325,469,264,173,254,27,240,301,731,515
510,126,301,520,692,267,653,936,356,510,503
511,356,317,332,126,173,522,210,1566,510,254
512,317,173,27,650,180,264,132,356,238,229
513,173,301,44,180,317,1566,126,516,176,650
514,126,176,173,681,332,481,317,270,337,301
515,99,317,132,650,356,510,7,527,301,462
516,469,515,301,1566,173,747,611,44,264,254
517,180,173,1018,27,270,226,577,233,61,708
518,240,248,356,1234,612,3,522,1485,510,60
519,267,44,954,958,846,317,965,60,24,1566
520,267,846,173,685,1566,180,936,510,356,726
521,99,126,7,356,1519,1485,708,462,317,522
522,142,317,1566,1038,132,173,965,650,7,1234
523,481,356,527,1061,59,503,673,52,210,1134
524,267,173,180,650,317,954,27,965,1485,510
525,481,1519,126,317,356,1142,516,142,99,132
526,267,200,233,126,173,100,176,660,325,615
527,180,173,270,264,27,238,301,954,454,650
528,267,325,254,1566,100,1018,240,173,611,332
529,1566,317,44,301,515,1234,240,316,965,27
530,515,301,325,510,462,60,267,954,240,127
531,173,180,301,27,317,238,650,1566,264,203
532,180,301,27,173,317,270,467,469,613,650
533,1566,100,1018,1097,61,38,7,1234,317,936
534,44,958,1566,1109,267,99,59,205,419,708
535,317,238,515,180,142,1234,1485,173,1027,1040
536,356,510,99,516,653,126,660,643,59,210
537,126,356,510,317,1234,301,173,520,176,99
538,325,1566,611,100,1134,503,747,59,965,210
539,126,356,462,510,317,301,173,522,99,653
540,7,317,127,462,180,679,100,527,1027,708
541,126,503,1519,510,200,481,653,1038,356,660
542,481,1566,1234,503,653,126,510,59,522,132
543,301,510,126,469,356,264,317,173,1234,731
544,1566,301,515,173,44,611,180,747,469,254
545,522,316,61,1018,3,317,682,515,238,248
546,510,515,301,356,99,650,317,60,660,210
547,176,173,1018,469,233,660,615,1234,750,126
548,173,317,650,180,27,264,965,750,7,726
549,180,301,173,89,238,248,613,740,229,469
550,100,52,332,40,337,466,66,7,356,1134
551,462,1566,325,317,267,708,99,510,515,126
552,301,267,515,653,846,316,1018,240,126,510
553,317,173,650,356,27,132,142,7,180,466
554,462,708,1566,1166,1109,267,59,958,1133,508
555,99,126,356,317,520,510,7,481,660,615
556,325,515,708,660,99,210,316,469,527,965
557,99,267,301,44,462,546,653,126,708,112
558,481,270,132,338,142,176,1018,166,1234,755
559,176,356,522,99,301,126,332,510,210,59
560,653,99,301,424,660,59,176,510,126,44
561,267,142,1285,369,954,965,233,325,338,872
562,173,233,126,1234,325,267,510,1038,176,317
563,173,747,1566,27,132,317,515,650,238,203
564,126,522,254,210,332,653,356,176,173,8
565,99,301,44,126,653,660,510,267,708,769
566,59,653,174,1566,1018,964,1234,481,503,1519
567,142,1038,301,769,317,126,419,1234,970,338
568,317,356,132,99,173,7,650,510,522,527
569,24,301,44,180,270,948,89,958,27,173
570,99,317,708,650,7,527,180,301,462,424
571,60,356,510,1100,99,59,522,126,8,516
572,515,510,267,60,1566,653,846,59,356,1234
573,267,325,515,301,44,660,316,469,613,99
574,1234,522,176,356,1018,515,335,173,3,1485
575,173,27,317,481,126,301,210,650,469,176
576,325,1566,965,750,747,515,173,708,611,240
577,301,270,469,936,1018,126,180,264,27,173
578,317,173,650,356,180,27,527,210,99,264
579,462,52,200,270,894,846,958,267,612,226
580,174,248,356,59,522,126,520,516,99,503
581,424,301,99,740,653,846,708,316,317,1519
582,653,99,126,660,59,481,510,267,356,44
583,173,301,469,180,27,1566,238,515,317,611
584,1133,894,1566,173,267,611,613,750,503,180
585,267,100,936,520,40,747,728,325,750,332
586,126,481,301,692,176,99,1133,270,681,1519
587,61,726,316,466,7,682,515,965,419,954
588,894,142,719,254,872,948,467,471,681,24
589,462,99,301,510,112,954,970,267,44,653
590,267,99,126,653,44,59,317,60,660,462
591,126,267,356,510,653,301,99,200,173,660
592,317,356,240,254,60,954,522,515,965,100
593,126,317,510,653,356,99,301,515,1234,527
594,99,317,356,462,126,7,527,520,708,24
595,173,233,27,176,317,337,126,332,467,180
596,612,740,248,522,1519,7,226,289,317,38
597,510,356,515,173,210,325,522,1566,317,240
598,301,317,1040,254,894,27,613,839,264,229
599,240,301,1018,317,466,612,267,510,176,126
600,612,508,127,424,708,970,510,462,200,1061
601,1566,173,180,750,611,469,254,100,126,127
602,301,510,248,936,520,180,317,126,356,127
603,750,1133,546,1109,771,1566,267,462,740,467
604,99,317,462,126,24,356,301,520,728,267
605,317,332,173,1566,126,24,44,958,356,99
606,653,126,660,510,267,481,99,1234,301,317
607,682,681,520,254,1234,1566,948,752,316,936
608,240,954,936,301,728,515,267,238,54,180
609,142,527,317,267,7,126,965,1038,650,356
610,527,317,1018,708,210,7,356,126,510,99
611,317,142,205,27,466,132,650,1566,316,515
612,510,356,317,173,650,708,462,180,210,515
613,267,726,1018,527,965,316,99,708,660,205
614,356,1519,510,126,612,317,173,503,481,1485
615,612,317,180,173,27,510,301,1566,356,240
616,481,126,176,520,99,38,301,1018,615,653
617,176,173,233,126,481,27,681,317,142,650
618,176,173,229,240,469,1117,748,660,263,203
619,226,467,872,612,894,1133,1566,740,200,786
620,99,301,248,520,356,180,462,7,936,317
621,180,173,301,126,99,356,317,248,89,238
622,142,173,317,650,726,7,527,660,1038,267
623,317,173,99,126,510,44,356,1566,650,653
624,1566,173,510,176,59,210,301,653,515,660
625,99,317,126,44,424,650,527,1038,132,356
626,1018,316,846,466,210,176,152,335,332,660
627,267,1566,240,681,613,325,653,469,748,301
628,173,660,126,233,650,180,510,317,481,356
629,254,747,681,332,1566,515,1134,325,469,100
630,99,332,210,613,301,356,126,462,510,317
631,173,612,1485,317,180,1234,27,142,650,510
632,337,132,317,126,481,173,750,467,442,233
633,126,301,356,613,522,254,510,173,332,317
634,267,99,317,527,726,954,7,846,126,708
635,180,99,173,100,317,462,708,750,126,7
636,317,132,7,650,356,238,527,936,515,466
637,173,264,254,515,238,180,317,469,316,301
638,582,481,338,316,515,970,132,969,1098,846
639,1566,1234,1485,173,1519,1038,317,510,59,653
640,59,653,424,1519,99,1109,708,740,1566,38
641,229,750,226,747,612,205,66,1166,726,180
642,126,1519,99,503,653,317,356,7,1566,173
643,100,325,1566,173,750,965,611,254,132,747
644,126,1519,356,99,653,59,317,462,510,522
645,254,1566,325,515,60,522,332,210,59,752
646,173,317,1566,27,466,1234,7,142,1485,650
647,173,142,229,180,27,740,203,612,176,226
648,317,356,522,210,126,99,100,332,7,173
649,317,708,173,7,424,99,180,650,44,508
650,301,24,99,44,317,948,126,613,270,894
651,317,132,7,99,301,510,316,650,1234,356
652,99,7,650,132,317,337,332,356,264,238
653,240,612,229,317,1234,142,27,264,173,650
654,132,337,1519,481,99,459,503,1097,442,126
655,740,1519,24,99,1525,1133,126,481,1142,894
656,267,958,59,1566,546,752,653,205,44,846
657,126,317,356,99,522,332,254,44,173,1097
658,267,205,1566,1117,681,176,44,958,653,1519
659,708,24,958,317,173,1519,612,44,180,522
660,173,317,180,7,132,650,27,142,356,1485
661,1566,267,240,728,611,503,1217,1133,1519,126
662,520,126,332,176,356,1566,173,267,301,510
663,126,317,653,1519,356,510,173,481,612,660
664,1566,267,515,60,240,59,301,846,510,728
665,653,481,462,126,612,503,59,510,1519,708
666,510,317,515,356,653,1234,660,643,99,650
667,301,44,270,1566,173,180,27,469,546,317
668,510,356,126,612,317,1519,99,301,1234,653
669,1117,176,132,481,660,750,442,205,508,173
670,1040,248,522,3,173,1485,469,515,238,180
671,24,60,958,1166,1566,44,462,1109,59,317
672,317,356,7,612,132,522,248,1234,1519,510
673,469,325,126,510,301,173,356,522,515,613
674,1133,200,1519,462,508,1098,527,612,481,958
675,7,337,356,132,317,1234,936,750,510,100
676,681,1134,332,615,176,38,267,880,233,1097
677,99,126,527,210,660,481,317,173,442,176
678,301,954,180,127,515,44,173,270,708,462
679,317,180,356,462,1519,1566,44,173,126,708
680,132,240,527,1566,59,481,503,267,752,325
681,180,301,267,740,1566,173,89,1133,546,226
682,7,99,1519,180,317,740,356,248,1485,510
683,132,515,747,173,510,317,650,731,27,469
684,270,301,740,612,180,44,462,708,613,226
685,60,59,99,317,356,516,126,44,653,7
686,267,173,1566,240,180,301,965,44,126,611
687,1566,173,1018,240,965,44,317,611,1234,27
688,180,301,238,747,173,469,471,226,27,203
689,100,325,40,337,52,356,267,317,728,7
690,173,267,325,126,660,611,233,1133,1566,510
691,180,173,954,89,317,650,238,264,267,27
692,1566,520,301,516,546,611,44,267,59,60
693,173,317,356,510,126,481,1566,210,1519,650
694,59,1018,653,546,1566,846,270,1234,752,174
695,126,356,510,127,301,653,1234,522,174,520
696,267,127,954,462,546,44,708,112,325,1566
697,270,200,454,522,612,7,708,1022,970,317
698,462,267,1109,708,958,1133,44,771,325,1166
699,180,173,317,650,356,126,99,27,233,7
700,301,99,44,267,653,708,317,846,510,462
701,180,173,750,301,89,650,27,454,238,726
702,173,180,233,650,126,469,356,510,332,325
703,126,99,481,522,356,660,176,210,173,316
704,747,471,820,682,469,61,254,755,1566,1027
705,180,127,1566,173,469,254,750,611,1027,240
706,267,1109,462,1166,112,708,527,958,59,771
707,142,173,317,650,965,954,240,27,180,254
708,332,100,126,99,615,254,173,233,894,180
709,126,1519,653,481,99,176,503,233,317,660
710,846,60,112,99,708,317,954,515,510,462
711,1027,238,747,471,180,719,469,755,682,750
712,325,60,317,462,356,515,466,965,527,728
713,180,747,240,226,238,267,719,469,1566,325
714,173,267,126,1038,936,180,301,954,685,317
715,317,99,132,44,527,650,462,126,510,142
716,301,99,44,520,515,846,653,267,936,205
717,301,132,180,27,238,173,469,471,747,650
718,316,317,515,99,466,356,510,301,126,1234
719,60,356,510,515,99,59,520,317,462,1100
720,173,180,325,100,611,127,1566,1038,317,750
721,515,317,60,173,650,510,954,1566,356,267
722,747,180,173,100,238,750,708,1566,650,7
723,180,894,325,267,89,254,173,200,226,240
724,99,332,325,515,747,317,301,44,210,613
725,894,467,958,740,880,546,1133,24,1109,1525
726,515,173,469,240,1566,301,176,1018,510,1234
727,267,301,44,332,515,653,681,99,846,1566
728,325,469,747,254,1566,515,127,611,301,100
729,173,660,176,317,481,650,510,142,99,1038
730,948,240,214,173,954,142,650,180,510,1485
731,317,142,132,527,27,965,44,7,708,316
732,99,708,462,1285,660,442,316,481,301,132
733,142,173,317,132,650,419,24,1038,27,948
734,356,126,99,317,510,173,522,210,650,462
735,99,267,958,546,424,1109,462,44,112,7
736,462,99,356,126,510,301,653,60,708,317
737,173,180,317,356,612,1485,27,650,522,510
738,301,335,839,1027,469,520,515,728,1018,99
739,317,24,126,894,356,99,462,132,7,1566
740,126,510,653,317,356,660,301,970,1234,481
741,267,99,126,653,660,356,510,44,317,210
742,708,462,301,99,180,44,112,60,515,174
743,301,126,267,99,653,660,44,510,481,520
744,515,174,60,708,316,99,846,61,954,522
745,173,180,270,27,679,264,317,577,226,1131
746,126,1519,481,301,176,740,653,99,1038,1142
747,173,210,332,99,522,708,301,317,515,356
748,317,173,180,27,650,515,356,238,7,1485
749,180,462,317,894,270,100,200,126,173,24
750,173,180,726,7,708,1485,317,142,1285,424
751,270,7,99,726,317,424,369,708,316,1285
752,240,325,970,60,612,611,1285,510,515,1485
753,317,99,7,126,356,24,462,180,1519,708
754,240,954,515,267,1566,726,747,846,965,112
755,317,99,24,301,7,27,142,948,527,126
756,173,317,1566,180,522,356,7,210,332,126
757,200,1519,522,126,612,503,356,692,1234,270
758,180,27,238,173,317,650,264,24,965,719
759,325,267,1566,240,880,60,515,752,1217,728
760,254,238,264,173,180,301,469,89,1038,1040
761,126,356,317,301,954,248,1038,522,173,180
762,267,653,59,643,1566,515,510,60,660,752
763,317,1566,173,132,27,1234,142,356,515,611
764,267,59,958,99,546,44,462,653,60,126
765,99,301,462,708,317,316,126,7,210,270
766,173,317,180,650,99,1566,132,510,660,7
767,99,173,126,210,317,325,264,527,332,650
768,894,467,24,180,27,142,317,270,173,948
769,317,60,708,1566,7,59,515,466,132,527
770,24,747,1166,44,1097,317,132,100,1566,943
771,240,301,1018,127,515,510,846,267,462,1566
772,1519,462,200,612,1485,708,970,516,60,508
773,127,226,263,325,52,240,454,510,1018,301
774,356,708,52,522,462,510,210,1061,317,515
775,301,99,270,126,317,424,332,44,210,462
776,267,240,1566,301,469,127,611,510,254,515
777,270,522,176,301,332,126,173,356,1018,254
778,1566,267,958,965,173,44,872,577,325,61
779,337,173,132,180,750,317,650,142,233,7
780,270,301,454,126,99,180,615,176,481,173
781,173,176,325,522,240,210,229,481,613,200
782,301,267,653,613,1018,44,1566,748,469,240
783,126,99,301,325,510,520,462,356,317,1566
784,173,270,180,301,469,264,522,27,1018,210
785,317,356,522,173,612,27,1234,132,510,142
786,750,240,132,267,965,747,527,748,205,1566
787,527,510,240,317,515,132,462,99,708,650
788,301,267,270,653,176,126,615,660,1018,210
789,301,240,515,469,267,1234,1018,936,1566,176
790,747,180,132,650,27,750,238,317,1166,173
791,180,173,226,612,454,127,200,301,270,229
792,267,462,180,126,1566,317,301,100,44,356
793,126,653,99,510,301,660,356,1519,708,317
794,59,1566,174,516,1519,424,752,508,708,1485
795,254,1040,240,469,1234,229,173,264,27,1566
796,173,180,270,454,126,233,200,317,100,89
797,750,726,132,7,747,180,1109,1027,454,142
798,510,356,970,612,317,126,1234,653,515,522
799,173,510,515,1566,1234,317,650,267,1038,660
800,332,270,894,325,126,681,233,1018,301,254
801,270,226,1018,469,325,240,127,1566,301,872
802,99,653,267,126,510,59,301,356,660,643
803,173,708,180,317,270,750,27,1018,469,210
804,174,964,127,708,1018,424,643,59,1112,653
805,317,1519,1234,142,1485,173,1038,1566,126,7
806,132,747,1566,180,750,301,317,173,611,27
807,248,356,180,522,238,317,510,173,301,3
808,254,332,301,238,317,515,356,240,613,264
809,462,1566,317,708,1018,7,510,527,180,126
810,254,681,173,317,264,27,126,332,965,44
811,332,747,325,681,1134,100,267,894,1566,613
812,180,173,99,301,660,27,650,442,233,267
813,267,332,301,1018,1566,325,126,180,515,469
814,240,954,510,1038,317,142,356,650,1566,612
815,240,1018,1566,267,226,1234,127,469,748,936
816,100,1018,325,1566,332,126,469,173,233,316
817,301,173,180,99,317,356,510,126,1519,1142
818,301,99,424,653,205,481,1061,132,510,612
819,126,99,301,267,615,176,317,233,936,520
820,240,142,1234,1566,1038,317,510,965,132,653
821,740,205,301,424,958,267,44,1166,708,1109
822,356,510,126,1100,173,516,653,1519,317,503
823,267,546,1566,205,958,752,681,59,38,1018
824,747,469,173,229,471,301,264,176,27,1018
825,7,1018,317,99,708,316,466,527,726,100
826,267,1566,301,270,44,846,546,462,708,1018
827,1040,248,3,1234,522,356,174,682,1566,238
828,126,653,1519,510,356,301,503,267,176,660
829,515,325,469,317,731,301,180,27,264,510
830,126,173,356,1038,176,510,233,503,1234,317
831,267,325,332,240,233,126,520,728,510,660
832,270,126,38,424,481,615,176,1018,653,692
833,332,356,173,180,317,650,238,522,126,210
834,527,267,132,240,99,317,466,708,510,462
835,510,127,301,660,356,126,173,653,612,317
836,948,240,612,515,1566,1166,1040,238,719,846
837,1519,317,180,612,173,424,7,1038,356,200
838,301,270,613,99,515,469,510,522,126,210
839,132,99,317,7,527,356,708,316,510,481
840,240,267,515,301,846,954,1018,264,965,27
841,424,740,205,267,301,771,99,958,44,653
842,270,301,454,38,522,114,551,126,99,1018
843,173,317,1038,954,660,515,44,142,267,650
844,520,325,335,240,510,515,126,469,301,356
845,126,127,1038,1234,1519,503,1018,936,612,301
846,24,180,948,1166,740,238,317,958,27,1399
847,612,740,270,229,301,226,263,1519,948,180
848,317,173,1566,44,27,965,650,180,7,142
849,132,337,173,750,142,180,7,541,317,27
850,99,126,301,522,356,332,210,615,510,317
851,1566,100,522,1234,356,254,1097,317,40,510
852,469,240,173,229,176,681,755,1234,1038,748
853,99,126,317,424,44,653,1142,7,316,301
854,708,1519,424,612,173,301,1485,317,508,7
855,332,254,681,1566,522,176,126,356,301,613
856,60,954,747,1566,515,112,180,462,1166,44
857,126,99,59,653,356,481,522,317,503,210
858,301,332,126,99,462,270,317,846,356,210
859,660,510,650,508,267,99,643,173,442,317
860,1566,267,954,142,240,965,44,112,60,515
861,301,1566,462,180,611,44,126,270,613,469
862,99,462,317,180,332,527,126,615,650,356
863,180,301,317,173,650,27,99,264,44,126
864,301,270,846,267,954,99,546,1007,424,44
865,267,59,958,752,44,99,1566,60,880,708
866,301,515,1234,317,174,1566,612,1519,1485,7
867,99,180,954,510,462,127,267,643,356,454
868,520,99,615,126,301,176,174,510,38,356
869,126,200,270,1519,99,356,522,481,317,1142
870,173,270,226,71,1566,176,180,233,267,611
871,325,469,254,173,747,471,894,180,872,611
872,180,173,301,469,27,510,650,238,356,264
873,126,510,356,99,520,60,301,653,59,516
874,99,424,126,660,653,510,708,301,462,210
875,99,126,317,510,356,301,515,44,462,210
876,240,1566,510,846,612,515,267,52,60,325
877,481,660,643,508,510,240,1117,653,612,176
878,254,332,325,173,613,515,267,210,1566,301
879,126,301,99,233,615,481,270,176,173,503
880,301,99,317,126,270,27,264,442,332,176
881,132,650,660,317,442,99,466,527,510,27
882,1566,964,59,1018,1217,38,61,744,740,316
883,99,653,660,301,510,60,846,516,515,462
884,173,142,317,264,27,126,254,650,1038,681
885,1038,173,1234,142,267,176,936,126,233,954
886,267,936,1038,546,750,726,66,1566,142,955
887,510,126,173,317,653,356,301,660,1519,481
888,301,180,173,846,1018,708,1566,270,515,317
889,126,200,1519,356,481,503,99,1133,653,1142
890,142,267,965,317,44,527,1566,27,954,1038
891,126,301,1018,270,99,462,653,317,356,692
892,180,301,317,936,173,126,510,1038,127,750
893,59,356,132,481,1234,1566,510,7,317,653
894,180,462,301,317,1566,1519,510,1133,267,44
895,173,1038,1485,650,180,954,317,233,660,419
896,233,325,100,337,173,1217,176,880,469,615
897,1566,267,59,752,325,653,613,332,880,611
898,173,510,515,650,660,356,240,1100,731,611
899,126,520,510,99,337,356,325,650,267,936
900,229,240,173,142,1234,132,264,469,27,612
901,132,7,317,527,173,142,356,708,612,650
902,126,356,520,99,510,503,317,248,1519,462
903,142,240,748,872,681,1234,205,1566,965,27
904,301,126,510,653,267,99,462,356,613,846
905,325,126,99,317,24,267,462,356,173,44
906,1566,240,611,965,515,469,924,44,1018,1234
907,317,99,132,660,316,650,466,481,442,173
908,173,650,317,660,99,510,1038,132,527,515
909,301,180,126,173,510,356,1519,176,612,692
910,132,317,7,142,522,612,356,527,1234,708
911,356,132,317,1519,481,1100,60,462,248,7
912,1485,643,1234,653,176,173,510,516,660,1519
913,740,612,1519,180,226,1133,1217,301,467,1018
914,267,527,99,660,466,481,317,653,240,510
915,267,99,301,653,510,126,44,516,660,356
916,173,301,44,613,24,611,126,233,180,1285
917,954,99,462,527,112,267,708,44,546,317
918,99,126,132,337,317,481,527,442,7,142
919,267,126,173,180,301,99,650,233,176,317
920,240,27,173,142,467,872,679,965,229,719
921,612,180,142,317,1166,127,226,954,112,970
922,301,99,126,317,332,356,180,44,613,522
923,1566,7,1485,1038,1519,173,317,1234,142,1097
924,894,467,180,332,173,27,471,270,226,233
925,317,99,301,356,846,650,510,126,708,210
926,747,1134,332,681,1566,623,61,752,1097,100
927,1566,132,611,1109,1519,728,317,744,462,708
928,356,510,126,99,248,301,317,520,1100,132
929,747,1166,325,1566,267,60,872,965,515,719
930,317,132,7,1234,142,264,27,650,316,515
931,481,132,99,527,356,510,462,708,503,317
932,126,99,356,510,317,520,301,481,769,660
933,747,132,515,1566,1166,471,1109,623,728,238
934,936,132,142,240,27,317,264,924,719,755
935,126,1519,462,503,1566,59,653,970,546,44
936,173,612,510,229,1234,356,522,317,1100,515
937,173,132,338,99,337,442,7,317,650,27
938,301,317,1566,44,515,132,27,510,613,611
939,267,726,99,332,44,936,317,466,965,650
940,462,99,317,708,356,527,510,7,126,132
941,527,132,142,7,317,337,173,27,650,965
942,254,248,126,356,522,332,301,520,1040,894
