0,38,1072,1524,686,855,631,875,348,824,557
1,242,241,989,1295,886,146,824,97,1669,709
2,357,296,306,515,104,747,1612,268,133,483
3,594,250,870,50,750,268,664,1580,457,358
4,322,648,330,918,349,310,268,1612,337,886
5,878,332,879,863,383,931,778,427,296,680
6,345,291,314,987,1016,342,361,349,1131,537
7,342,989,493,256,1216,954,824,322,1669,874
8,268,486,243,411,50,293,624,1580,49,1626
9,747,514,457,1109,458,855,1225,268,357,325
10,1669,930,284,288,1665,616,201,1017,643,104
11,594,1669,274,1580,250,97,303,664,870,527
12,930,1196,288,271,976,619,615,1017,968,960
13,242,532,241,306,709,743,104,1027,247,706
14,870,125,314,270,136,545,688,369,1365,749
15,299,288,271,603,416,1097,464,1072,1225,186
16,551,1563,457,709,639,339,67,879,989,12
17,330,541,1524,314,762,355,557,207,302,1184
18,686,583,750,308,136,258,924,687,7,689
19,322,244,342,493,1027,403,1580,1669,918,947
20,814,870,245,1133,629,270,186,673,434,45
21,323,151,288,875,372,1669,874,579,152,403
22,337,302,330,660,321,713,1563,1008,377,362
23,923,4,330,457,514,383,413,325,692,310
24,557,330,918,684,648,1016,1580,989,337,1524
25,1580,342,844,918,433,259,1669,1535,832,163
26,136,873,325,931,1013,314,220,1196,150,181
27,321,681,256,1563,689,285,1013,1669,253,686
28,1669,878,292,739,881,819,480,649,624,412
29,878,1669,1626,819,268,490,271,1662,653,546
30,1669,819,412,256,1524,878,515,222,343,881
31,1196,272,923,391,304,372,302,1090,581,496
32,624,346,1669,242,594,769,1011,1612,293,363
33,1669,594,1612,1524,1580,268,515,931,1563,1200
34,481,631,538,1072,1016,989,128,242,749,1410
35,1524,1563,1669,320,1072,1580,1196,318,288,128
36,1064,583,1524,291,551,1015,521,689,325,410
37,234,335,306,709,595,483,551,878,346,179
38,254,933,253,681,1669,1563,619,512,327,247
39,509,577,897,374,342,749,202,778,847,332
40,18,302,330,412,594,454,897,218,885,339
41,314,325,421,291,270,39,133,955,585,795
42,292,323,487,1669,681,256,878,871,895,281
43,594,633,750,681,417,1016,412,534,18,274
44,326,1535,1665,1662,1680,704,418,889,370,267
45,1535,303,353,870,157,1563,1662,1580,840,331
46,346,1669,284,59,624,686,818,1626,268,846
47,299,318,682,583,839,1535,331,513,324,750
48,760,314,270,622,534,976,950,291,1102,627
49,254,247,104,368,323,1669,277,300,741,532
50,314,293,760,870,270,291,125,410,520,673
51,250,897,767,62,1573,1580,400,372,302,341
52,291,976,285,369,863,368,878,16,281,1313
53,767,331,1214,1535,583,877,372,826,1563,248
54,1064,339,1563,583,1090,1524,258,614,739,460
55,894,943,285,1524,189,1580,1109,45,11,824
56,1563,1524,976,1184,595,318,288,839,20,324
57,411,716,930,1669,689,1410,1580,658,643,357
58,267,1216,1665,1535,1669,502,335,136,311,42
59,301,886,346,987,1016,648,293,918,322,624
60,1524,285,343,931,943,873,894,1563,416,807
61,274,218,273,880,330,1669,326,24,292,370
62,104,107,475,880,265,26,357,1017,1612,1669
63,1535,840,242,1410,267,1563,104,914,1100,509
64,330,304,325,739,894,897,250,511,302,333
65,879,457,696,341,524,320,873,325,335,407
66,588,987,872,355,326,557,1524,1128,873,1680
67,631,658,1580,1410,348,286,1535,529,166,760
68,357,315,220,747,271,512,277,354,84,280
69,104,254,880,826,1563,265,681,1669,492,321
70,128,922,244,619,579,1680,1016,935,684,85
71,594,750,303,664,844,115,250,293,534,622
72,1612,1580,1524,1563,268,306,1669,1662,515,640
73,1410,689,716,90,891,817,631,348,164,481
74,220,873,585,153,242,274,673,267,1133,1580
75,202,878,509,301,315,490,335,577,653,749
76,90,1598,104,391,290,848,709,878,587,1665
77,1580,457,1535,1669,341,1563,1410,989,1612,1665
78,1580,1535,271,353,1662,839,520,1612,270,947
79,631,318,331,268,8,1580,840,1524,1680,128
80,256,681,346,243,502,1669,538,1216,299,624
81,321,1669,256,297,1035,515,826,937,1580,433
82,457,1034,327,885,310,840,482,848,587,870
83,158,268,870,157,839,521,218,318,483,885
84,128,1196,490,749,372,220,320,619,968,914
85,18,895,755,870,1151,115,293,332,303,152
86,113,242,749,686,930,716,1410,128,1214,615
87,1524,44,875,1680,1580,67,1669,484,1109,300
88,318,1,1535,583,467,767,326,502,224,267
89,594,250,329,664,387,1035,411,400,583,486
90,323,987,310,588,247,848,282,872,151,577
91,320,749,1410,306,743,891,1563,631,695,968
92,104,136,242,332,342,475,267,315,344,879
93,320,128,579,372,1024,330,875,1524,749,490
94,18,935,633,412,895,303,115,750,152,168
95,689,927,311,760,45,291,1169,416,240,657
96,339,1563,595,269,1064,306,1008,1184,983,302
97,844,1669,321,619,493,1662,1580,1563,287,192
98,824,629,453,1580,989,14,269,874,750,270
99,844,930,321,433,937,377,244,403,342,1669
100,318,412,1563,1,372,1535,877,619,302,128
101,923,901,279,739,4,1009,326,987,1064,1662
102,306,931,709,551,515,363,285,234,325,826
103,133,475,335,296,191,189,819,407,943,84
104,268,1133,299,1669,464,1612,242,146,517,814
105,272,1034,1580,440,968,433,929,805,320,341
106,385,488,271,315,267,754,1535,607,299,342
107,325,286,318,85,1524,931,807,268,747,413
108,492,339,1563,826,476,753,265,321,327,514
109,268,880,878,480,279,923,739,712,104,649
110,1524,1669,1580,433,968,268,458,609,128,1612
111,848,247,749,258,687,872,588,585,673,136
112,271,291,976,1117,220,1535,345,311,92,361
113,212,715,271,456,288,719,77,300,390,162
114,1669,681,18,594,412,321,844,256,303,895
115,1669,42,1665,716,293,288,146,1563,115,10
116,306,241,558,814,464,90,743,424,855,288
117,689,686,653,534,348,695,130,760,293,886
118,267,335,1535,326,407,879,509,873,595,551
119,320,509,814,315,220,242,342,873,267,335
120,314,706,330,987,323,277,1524,247,1612,541
121,128,1196,619,579,1037,493,541,330,645,300
122,299,488,1612,1524,321,1669,681,1535,271,1580
123,325,653,133,202,320,897,374,609,164,873
124,314,270,870,734,469,90,125,464,743,26
125,1016,1151,18,541,408,323,330,762,1295,115
126,872,67,557,1524,551,512,1563,502,247,709
127,271,357,937,546,104,640,753,947,134,1669
128,123,288,716,320,960,720,1669,1580,186,522
129,687,509,686,289,749,42,689,372,538,113
130,303,767,332,1580,847,989,415,509,267,1535
131,242,299,267,486,315,8,930,331,840,342
132,128,832,720,242,488,303,1016,372,989,749
133,870,250,303,897,1580,45,186,755,270,688
134,308,253,29,1563,933,1669,989,1665,385,814
135,315,247,314,277,323,330,706,987,292,511
136,330,885,433,244,128,1580,268,619,1669,918
137,1196,1563,351,1013,300,619,826,324,288,158
138,332,878,475,345,490,897,326,819,279,133
139,372,323,875,1016,490,672,720,579,135,185
140,755,844,244,302,403,321,782,897,1016,1580
141,1612,314,704,747,277,709,90,477,532,242
142,325,133,383,349,202,274,342,471,511,848
143,314,922,543,269,1016,1612,244,469,513,232
144,333,814,514,1109,484,1669,457,146,1133,331
145,315,878,490,475,706,335,301,863,292,104
146,875,1524,514,343,318,128,153,1295,855,484
147,268,330,345,490,517,987,818,279,1662,740
148,512,747,1612,291,315,285,987,85,405,346
149,1524,343,330,987,44,345,67,557,875,302
150,870,90,268,814,293,615,817,749,204,314
151,897,320,314,270,133,325,470,374,873,326
152,285,943,342,1037,256,253,894,242,247,470
153,1524,343,747,855,268,1580,346,1669,330,1612
154,588,391,310,1196,923,872,247,1598,280,307
155,90,2,817,943,293,709,242,314,460,624
156,749,1034,1669,619,1563,1196,509,14,372,320
157,681,299,1612,1669,480,268,512,661,1216,703
158,267,840,486,1535,1410,509,8,1050,243,1626
159,814,558,241,817,242,930,7,199,615,315
160,1669,332,1665,848,328,342,267,225,1612,72
161,314,345,320,133,270,955,511,1016,374,939
162,345,335,267,271,747,456,291,1216,342,315
163,433,1580,271,943,357,342,1109,753,937,546
164,1669,987,1524,739,343,863,875,323,490,819
165,268,274,104,681,1662,279,880,840,242,265
166,1669,292,97,681,594,881,412,344,256,104
167,220,976,640,947,1662,1535,271,39,1365,983
168,357,285,268,1612,1669,147,1524,508,624,748
169,897,339,1090,304,1563,326,923,302,583,372
170,1580,943,342,433,873,1109,918,242,268,458
171,1524,314,681,269,153,1295,468,1612,1563,417
172,151,874,372,767,403,44,256,420,989,755
173,515,306,189,297,508,413,923,1130,309,653
174,1612,314,299,464,735,734,270,839,939,346
175,327,1662,493,1580,1669,321,606,433,370,977
176,1669,242,104,878,1612,268,681,1662,331,1580
177,594,274,515,1295,1524,276,633,675,234,1563
178,814,181,930,629,244,488,684,1225,220,855
179,339,1563,753,515,680,302,878,826,297,819
180,844,1035,311,256,767,342,253,879,11,308
181,624,296,306,241,817,357,689,653,878,760
182,1034,840,1410,327,370,885,848,366,1118,157
183,886,648,689,534,337,624,348,622,989,346
184,1535,1669,594,303,1563,1580,1665,299,664,583
185,293,332,1017,927,16,414,664,895,844,635
186,326,332,1266,135,635,847,339,0,611,754
187,930,59,689,1563,309,297,826,695,764,658
188,502,583,686,1535,166,687,286,822,267,1216
189,324,331,826,318,606,492,518,923,491,830
190,514,325,1109,1133,274,894,245,374,498,458
191,1027,706,241,1612,330,709,1013,314,247,626
192,391,929,1598,923,325,286,500,863,383,290
193,530,330,525,322,496,310,247,1669,146,930
194,716,293,686,615,1024,457,689,530,930,924
195,1410,886,689,440,653,243,1669,686,257,648
196,314,345,75,220,270,679,153,245,0,873
197,318,1524,872,583,875,1072,877,285,570,491
198,136,814,583,245,75,258,687,241,1680,988
199,689,346,299,1072,481,855,284,686,348,681
200,256,987,1016,1669,751,1216,502,871,804,151
201,709,1524,681,1612,153,314,512,971,277,987
202,299,268,603,405,464,1626,8,212,839,346
203,370,493,362,825,1665,541,886,983,648,704
204,342,293,1580,918,1669,259,989,844,1016,268
205,330,689,178,557,6,563,1524,170,1563,628
206,594,681,515,480,570,1524,417,274,339,18
207,268,6,119,306,494,216,357,330,968,288
208,342,315,385,242,332,814,558,123,1669,778
209,318,268,309,412,128,8,381,688,594,122
210,989,1563,14,308,750,1410,639,451,303,534
211,337,349,918,1612,322,1016,534,1580,987,989
212,672,318,631,372,250,1072,583,1524,412,782
213,1669,1563,689,1665,1580,166,346,989,1598,1612
214,1563,318,836,715,1013,253,877,1535,1524,687
215,595,1,243,675,1563,502,1524,660,1665,927
216,704,983,889,447,370,1118,320,451,327,645
217,369,880,26,274,292,265,480,104,268,454
218,268,935,318,513,8,818,658,629,1680,901
219,299,186,657,135,486,663,754,405,1535,631
220,303,2,270,631,320,14,1524,348,989,836
221,538,681,886,695,1006,241,276,292,481,480
222,735,574,603,136,760,299,839,464,271,1612
223,747,67,346,1524,343,338,502,709,512,943
224,322,457,337,1669,1612,1216,1580,989,527,569
225,1563,619,321,154,327,278,302,569,872,200
226,1563,595,265,983,339,306,682,1118,976,1013
227,242,254,315,1612,512,681,322,344,85,247
228,739,412,331,1524,767,875,1669,502,168,1159
229,943,242,342,256,1669,1580,989,299,257,488
230,897,594,486,927,326,664,259,243,414,1669
231,323,310,848,496,741,863,740,236,530,247
232,330,323,310,848,1563,762,269,1669,922,128
233,832,274,202,653,301,918,344,594,904,718
234,314,1524,270,285,557,355,679,2,269,470
235,541,1010,645,762,1563,370,1665,294,1102,323
236,686,1216,933,624,689,1669,256,1665,886,289
237,1669,1225,346,1580,433,299,343,1524,930,284
238,514,290,929,327,286,433,826,740,272,128
239,1524,153,345,314,875,484,67,939,343,1680
240,243,1072,212,346,653,1612,1669,1220,886,624
241,681,1669,327,290,1563,104,1665,1675,878,276
242,342,943,524,315,357,1109,558,546,133,335
243,681,1159,538,303,594,1669,348,299,242,502
244,135,92,487,1669,875,151,281,288,754,390
245,743,1196,681,314,128,1013,1524,472,90,1058
246,918,534,662,1580,924,293,275,689,686,1410
247,819,1669,878,104,279,475,332,282,300,490
248,1072,291,782,302,987,901,713,1016,563,1524
249,1669,1580,989,299,345,186,271,754,1665,1535
250,265,640,753,976,1196,339,218,302,947,271
251,1669,483,346,878,558,104,7,199,24,819
252,346,502,335,624,595,483,234,759,1216,67
253,274,681,242,344,327,594,1675,538,1612,1118
254,583,686,750,689,924,168,410,557,86,154
255,4,457,325,269,1064,460,870,820,319,629
256,1669,527,242,1580,322,104,522,342,1612,433
257,304,318,272,220,1524,688,106,929,1196,606
258,1669,291,640,1662,302,268,619,507,123,825
259,929,923,483,515,106,873,220,84,297,391
260,875,372,323,1524,412,739,490,848,611,987
261,709,234,325,363,931,306,90,460,971,779
262,819,320,372,250,511,305,490,897,1109,24
263,709,241,971,290,247,323,289,1006,739,552
264,1669,433,256,943,189,878,515,1580,344,222
265,147,930,433,301,268,123,330,291,1669,244
266,256,1669,321,433,927,302,619,522,819,1580
267,897,1090,832,325,274,594,259,1410,339,250
268,220,640,606,39,1662,839,265,688,661,153
269,595,1563,483,306,948,326,839,1184,976,712
270,1410,325,622,886,989,451,348,947,371,457
271,464,558,357,104,630,524,24,296,387,483
272,270,673,251,1535,314,345,1580,585,1102,267
273,658,672,293,673,631,1016,870,1059,901,583
274,372,579,894,304,250,897,330,511,992,320
275,268,681,337,886,1612,1669,1665,513,241,480
276,104,1665,335,879,1669,976,311,1035,475,94
277,322,1148,1133,471,1016,349,342,333,282,72
278,308,451,327,1563,1118,421,339,493,962,130
279,314,1009,410,709,1064,460,293,371,274,325
280,306,1196,314,280,277,220,743,84,369,1013
281,1016,412,168,331,832,372,250,594,511,301
282,242,1612,585,267,337,322,315,673,1027,537
283,271,814,288,930,522,1669,1225,530,44,558
284,814,90,930,603,558,147,245,870,204,125
285,747,457,343,189,330,357,322,346,442,51
286,271,976,288,281,1017,377,927,1669,719,878
287,1196,220,390,280,814,77,37,92,1598,1563
288,293,460,410,90,709,115,258,870,689,614
289,1612,704,314,1524,269,762,709,1563,2,456
290,274,339,848,739,326,1159,588,370,276,630
291,268,309,870,594,318,50,274,739,609,480
292,1035,826,1580,321,325,1563,1669,383,476,844
293,345,299,44,271,362,256,1535,1669,1612,456
294,594,748,681,303,412,1524,66,876,1072,285
295,128,310,372,875,318,557,935,1680,818,484
296,739,320,457,310,740,460,530,24,333,855
297,457,629,639,596,1580,1011,356,954,582,814
298,247,106,315,1196,220,626,1027,391,930,929
299,1669,299,123,243,1580,664,927,1626,256,433
300,306,1669,624,886,1410,1563,348,1612,1580,595
301,43,330,615,541,371,648,1041,141,1024,886
302,987,326,279,739,923,483,1009,345,712,897
303,475,296,878,947,897,344,274,342,133,594
304,747,247,286,327,456,162,588,715,512,619
305,826,976,1013,220,930,1563,147,878,1200,1669
306,337,648,322,534,1016,886,922,622,1612,918
307,412,372,324,268,517,490,1524,897,302,885
308,749,332,1024,814,1214,848,619,372,988,615
309,1524,502,875,557,256,1580,989,1016,767,872
310,743,709,104,294,460,241,879,90,424,314
311,372,342,897,749,832,1158,509,872,577,1580
312,372,663,326,840,486,490,332,412,331,1669
313,1072,875,1524,318,739,372,305,412,675,611
314,583,286,551,325,588,872,500,457,1090,877
315,406,872,747,502,588,1598,1524,726,875,320
316,673,136,534,337,1243,583,1131,901,435,150
317,709,971,747,346,67,512,343,234,338,769
318,342,870,1133,814,708,245,220,287,90,383
319,377,454,321,97,265,302,922,254,1013,269
320,268,265,594,104,878,515,279,1612,1669,681
321,325,521,873,931,421,1015,760,864,5,673
322,490,1662,218,1580,1524,609,819,960,1669,433
323,1580,1524,989,1669,372,256,767,943,686,433
324,498,320,873,325,451,220,327,588,274,326
325,268,624,346,480,357,296,284,594,293,508
326,689,241,130,136,886,760,1027,1118,709,622
327,583,291,872,1039,311,1035,987,763,150,863
328,256,202,344,332,342,594,1669,681,274,242
329,345,314,1016,735,186,987,517,939,1612,299
330,755,814,630,558,332,7,24,411,135,405
331,320,989,1410,749,687,645,1091,1580,509,14
332,976,927,16,324,271,897,220,878,839,54
333,1563,339,826,877,44,879,1209,1524,343,253
334,345,314,1612,268,987,330,706,279,277,26
335,242,267,440,327,38,929,433,968,653,546
336,574,1669,1011,1035,624,927,29,468,324,755
337,927,689,1563,660,20,1524,291,595,647,264
338,538,242,681,645,212,875,67,1675,1295,247
339,345,825,326,1662,987,370,362,302,1205,305
340,104,1669,475,344,878,292,1118,1017,848,202
341,870,109,749,270,303,1410,509,157,1221,631
342,681,309,480,594,331,161,750,412,318,870
343,877,595,339,897,583,326,1090,551,1040,1563
344,270,274,631,939,9,594,688,870,374,314
345,1090,583,325,877,521,897,1524,923,1563,124
346,318,331,128,381,153,1680,299,681,519,922
347,624,346,285,256,291,405,234,871,243,1612
348,136,673,325,923,512,85,901,1018,763,602
349,709,1598,406,248,460,814,234,577,863,314
350,330,871,1669,301,268,508,379,59,480,789
351,90,136,325,814,931,779,457,368,5,354
352,681,242,709,90,241,285,394,878,296,258
353,595,348,689,1563,1410,1524,1090,631,303,1072
354,1410,673,293,486,840,481,631,348,268,658
355,345,314,330,146,299,1612,1669,517,1524,474
356,260,220,870,814,930,1662,629,839,708,136
357,136,241,689,457,337,1027,1477,709,622,351
358,274,832,1118,594,664,673,128,918,983,1580
359,750,673,85,1580,989,325,583,918,585,1019
360,291,270,760,314,839,416,125,545,976,285
361,2,242,631,1524,348,1580,90,1612,270,989
362,304,897,302,339,507,753,1313,680,454,611
363,1680,1524,1535,1612,1665,1563,153,872,1580,512
364,306,709,747,1563,551,351,512,557,1013,873
365,1612,299,1524,661,1669,1580,146,322,285,232
366,291,760,534,325,613,270,45,293,824,275
367,314,355,247,1128,706,1196,1009,987,320,1524
368,268,292,128,274,330,1006,681,848,412,1669
369,814,933,248,146,1669,288,1563,253,7,177
370,270,314,312,976,778,125,545,251,377,14
371,729,1535,286,401,930,735,1225,822,629,1580
372,136,673,1064,293,241,574,1068,760,1015,695
373,301,681,878,653,243,1669,538,480,379,487
374,709,601,285,377,689,1027,189,325,368,569
375,493,1580,1034,989,825,370,451,154,341,596
376,268,1580,968,609,274,457,458,366,327,242
377,306,523,346,824,639,234,822,709,584,747
378,128,514,490,1133,287,1109,579,331,372,874
379,220,252,653,976,267,983,914,929,706,153
380,750,673,5,545,325,594,270,387,2,181
381,325,457,583,460,410,154,614,86,672,750
382,136,241,281,406,509,814,248,726,315,247
383,976,1013,1196,377,147,368,285,253,930,291
384,695,878,480,136,309,290,293,258,104,414
385,304,490,128,1196,412,339,1524,318,372,153
386,267,747,873,286,24,929,483,212,1675,1535
387,747,929,267,512,315,588,247,220,406,290
388,19,840,328,327,1034,1669,1535,1662,104,446
389,681,1013,519,20,281,300,468,37,1524,487
390,158,885,306,1563,460,541,351,843,204,457
391,1669,819,301,767,433,256,222,965,943,342
392,267,673,349,163,1535,1680,345,585,987,282
393,292,104,202,242,274,848,475,344,1118,1669
394,1669,1580,274,332,594,947,403,366,370,457
395,346,624,558,242,146,1669,933,104,357,7
396,987,512,681,299,85,1612,922,1216,572,1016
397,345,631,939,517,502,987,299,818,1072,1257
398,1563,689,286,935,639,457,628,686,721,154
399,875,1072,288,1524,135,318,20,1669,289,754
400,320,1580,303,889,989,109,631,720,1669,242
401,241,814,689,1563,288,1072,481,199,1669,289
402,291,285,839,748,1524,595,583,594,760,927
403,619,308,749,1563,988,128,687,154,1196,930
404,924,689,1013,377,831,147,113,686,930,128
405,326,897,372,332,339,583,230,1573,844,0
406,457,989,874,1133,1580,750,954,1109,325,824
407,299,1669,256,487,281,754,385,146,315,681
408,314,720,1016,541,292,345,119,26,277,1490
409,306,280,300,1196,743,162,762,706,269,265
410,875,372,147,426,814,924,686,45,161,894
411,320,460,457,894,989,168,325,502,1524,1187
412,749,878,290,247,848,202,706,490,538,1020
413,297,594,250,268,1580,243,412,658,664,433
414,1016,832,987,918,314,372,349,872,989,808
415,346,291,243,795,918,747,760,1612,337,626
416,281,300,1184,1524,339,611,1563,1196,719,706
417,1524,1669,1037,875,285,314,1563,271,1196,778
418,880,104,268,1017,357,997,1669,530,649,1010
419,247,1598,1665,872,311,525,248,1669,933,512
420,314,247,244,75,1196,1314,330,512,368,254
421,146,322,337,567,321,661,169,824,244,299
422,530,814,330,875,323,669,755,204,152,288
423,331,299,1580,250,918,342,268,1016,486,349
424,839,778,464,870,743,270,879,873,520,125
425,44,256,1669,502,874,767,989,522,299,1580
426,147,90,1013,749,1196,368,314,245,244,113
427,681,254,844,594,256,285,1669,287,97,321
428,1665,930,1669,886,1535,104,1410,1662,242,1612
429,391,863,643,16,923,236,878,1013,1563,739
430,339,287,681,1563,879,332,1524,1669,1680,914
431,303,1563,594,583,1580,339,631,1535,750,348
432,878,296,357,508,104,309,515,189,931,480
433,1016,299,922,673,244,750,408,488,543,513
434,594,653,265,937,664,927,1669,256,640,105
435,457,325,1410,500,674,286,411,931,630,387
436,976,271,1535,328,220,300,83,1665,619,488
437,1524,594,1669,874,681,44,417,755,274,299
438,372,310,1034,740,530,509,320,490,716,672
439,1669,1580,346,256,989,502,624,44,874,159
440,270,870,314,90,1580,125,778,45,342,1365
441,639,613,154,1102,628,308,777,311,87,824
442,502,943,767,267,500,205,341,686,1669,905
443,325,189,1524,569,1612,285,1580,349,515,85
444,897,1034,411,1090,341,320,305,509,1214,383
445,673,136,308,583,879,451,750,646,325,844
446,271,44,753,305,1580,256,897,342,191,311
447,1563,1669,1662,1665,288,157,619,1535,1524,324
448,930,689,113,1410,293,1669,886,658,716,865
449,624,1669,346,558,357,146,474,216,989,288
450,923,310,236,643,739,391,331,206,323,496
451,339,303,1524,270,870,631,1573,1563,594,470
452,879,104,332,242,136,290,878,267,7,335
453,1563,1669,128,715,619,327,300,1524,1665,493
454,1524,875,855,330,343,894,147,324,204,511
455,136,583,750,150,1064,689,534,513,574,1015
456,1669,302,300,1238,1662,490,326,1665,825,819
457,686,76,622,689,989,341,205,534,293,172
458,976,512,291,311,1535,763,1612,280,220,863
459,1013,147,318,472,513,379,1151,1196,764,698
460,515,343,1524,234,44,274,709,273,140,362
461,274,454,292,1612,344,26,279,330,202,268
462,383,325,1090,587,614,923,749,674,1214,364
463,1524,629,855,688,1225,1580,839,603,181,748
464,457,325,1580,885,514,968,250,413,268,433
465,689,496,391,289,686,805,1072,147,563,1598
466,1196,330,1010,280,997,1009,976,368,84,244
467,314,345,955,291,330,541,456,169,817,355
468,270,314,629,520,14,424,541,355,2,545
469,274,1524,1612,515,273,747,734,855,306,268
470,321,1563,413,97,681,1669,327,826,254,1118
471,339,326,897,369,0,428,879,778,594,265
472,987,1016,832,345,739,897,107,374,301,511
473,689,817,346,1072,814,147,405,855,90,293
474,372,490,619,1034,224,1535,848,509,1669,92
475,412,1563,1669,288,218,18,339,158,826,302
476,451,14,342,493,989,371,332,325,308,954
477,274,242,279,1612,1675,267,104,282,325,268
478,128,412,321,619,1669,1563,935,633,18,1665
479,306,1196,709,330,300,1669,454,743,162,104
480,855,346,631,164,1187,689,1097,716,629,6
481,1563,339,1662,1669,1580,321,493,265,492,844
482,943,894,320,164,458,357,1109,747,931,133
483,603,817,735,314,688,702,760,795,1072,807
484,517,345,186,1524,268,939,299,305,250,631
485,339,687,1563,645,303,843,370,22,848,1159
486,1563,826,959,321,351,391,1598,619,1196,569
487,943,989,1580,824,502,1524,256,1410,534,348
488,325,383,309,918,433,421,606,650,349,413
489,1524,875,44,502,855,343,67,1257,305,318
490,304,832,256,285,749,412,1313,1524,377,454
491,6,271,178,377,330,306,256,291,541,288
492,747,457,346,515,943,363,514,822,500,387
493,104,880,947,878,1118,923,279,914,1365,156
494,943,1032,546,335,342,819,242,475,407,38
495,345,243,256,1669,299,1016,825,662,664,927
496,976,1196,543,220,314,136,640,312,983,1021
497,345,987,314,763,291,20,281,280,976,706
498,686,689,989,824,348,2,534,308,502,639
499,569,337,1612,391,512,188,362,1130,236,1665
500,288,271,949,719,660,976,1665,1535,485,825
501,274,943,653,1580,344,515,421,387,537,440
502,826,1563,1535,877,311,54,321,271,253,440
503,897,753,332,428,1035,324,65,1034,326,311
504,305,457,320,310,874,502,1580,989,372,855
505,345,987,346,256,299,291,871,624,1612,1216
506,391,1196,976,106,147,581,272,929,518,923
507,330,1669,146,346,1151,871,357,1612,322,403
508,457,268,1612,1580,357,1669,242,325,293,363
509,299,1535,930,478,271,735,147,949,456,1680
510,128,832,490,412,433,372,274,309,1580,1669
511,1524,1072,212,1669,538,348,748,1612,66,1580
512,874,814,875,989,502,1524,1680,754,1669,67
513,276,515,1669,278,1563,681,321,1612,297,971
514,855,1225,930,181,128,629,1295,924,935,684
515,502,212,267,243,1669,282,346,1626,467,299
516,267,673,1680,153,136,220,277,879,585,1535
517,897,291,372,45,1072,672,688,124,416,406
518,304,39,688,640,897,164,220,84,490,955
519,324,480,1669,1524,299,755,855,161,346,681
520,901,885,310,1580,330,381,684,349,154,977
521,640,870,265,5,39,594,947,274,1662,636
522,1535,1225,747,822,353,299,286,1563,1680,735
523,343,44,67,1524,747,943,285,502,824,338
524,631,128,1580,989,1410,1524,687,538,1563,1680
525,285,594,274,515,344,1669,1313,387,514,1580
526,339,326,983,1563,370,762,1196,77,280,1009
527,987,1016,345,330,557,1524,502,67,528,1257
528,136,315,863,368,220,878,643,104,930,241
529,631,629,353,889,320,109,688,870,873,220
530,509,930,128,619,320,749,1034,1563,988,1196
531,293,357,428,116,383,403,880,332,480,411
532,391,1598,1563,158,826,351,290,306,286,530
533,288,1563,158,218,6,826,157,265,930,949
534,342,123,320,242,315,814,930,312,271,1158
535,1669,464,1612,594,661,299,268,1524,734,1580
536,1669,1563,288,104,1665,303,778,1017,16,157
537,747,267,320,740,24,588,268,279,458,282
538,330,306,709,584,278,346,189,6,971,234
539,377,871,291,256,1313,927,285,689,976,1563
540,242,514,681,1159,327,1669,1295,290,1675,128
541,276,290,1563,709,739,515,306,971,394,59
542,832,342,767,224,188,256,301,372,331,267
543,871,511,755,323,332,292,987,804,1669,1151
544,302,272,391,872,1598,1196,923,304,330,280
545,332,411,596,630,1011,428,947,293,1365,624
546,267,136,585,247,687,315,258,241,512,509
547,1563,839,158,826,855,324,1524,464,764,870
548,330,579,310,372,126,885,333,370,1669,848
549,291,147,626,1072,563,1013,1612,1524,557,330
550,609,490,242,274,268,320,1580,458,1109,309
551,878,326,1017,265,345,927,324,703,712,369
552,342,332,1041,225,403,1669,1158,368,383,123
553,1580,989,493,808,918,342,440,825,251,684
554,824,178,44,45,523,305,453,216,330,256
555,735,1535,267,629,1662,1680,353,1580,673,260
556,987,314,345,1016,323,922,1205,330,832,825
557,379,323,236,643,895,687,318,1665,480,465
558,320,345,123,314,671,825,720,342,133,191
559,383,870,615,749,342,596,332,960,1034,204
560,281,332,75,681,879,468,314,755,300,254
561,268,716,433,301,357,1669,609,458,1134,411
562,296,878,304,1669,344,427,653,594,39,433
563,256,377,1669,487,151,281,291,566,301,1136
564,1524,339,269,777,44,1563,750,1580,1573,594
565,274,327,344,1612,190,512,267,1580,1675,282
566,689,42,938,509,672,658,379,166,711,236
567,428,839,339,369,870,125,0,778,753,627
568,320,875,894,749,372,470,579,1024,943,511
569,1410,989,720,1072,243,1580,1016,348,1669,689
570,267,1535,299,509,467,1580,8,1680,186,929
571,879,290,220,283,839,267,99,477,914,1535
572,825,345,897,256,243,191,819,805,302,1117
573,321,256,1563,1524,44,1225,343,318,877,619
574,749,128,1024,541,1196,454,412,14,1037,330
575,855,814,875,1524,639,1563,629,1295,631,90
576,318,324,485,412,895,414,870,480,663,513
577,268,309,357,681,242,1669,1612,931,120,603
578,220,153,490,315,1524,304,245,433,741,318
579,628,885,557,1563,330,158,689,675,660,855
580,1118,290,687,258,242,252,538,267,914,176
581,335,1009,709,306,706,475,483,133,878,252
582,391,1598,753,483,826,929,457,116,643,368
583,128,268,330,39,433,1580,968,1669,1524,640
584,243,256,1193,624,1072,689,502,825,927,686
585,987,310,1016,345,323,510,672,166,496,825
586,929,433,943,272,106,164,440,1580,653,165
587,306,1064,873,839,314,90,220,1196,380,5
588,1580,844,1535,897,830,777,583,664,353,750
589,305,44,875,874,1524,186,324,353,372,1680
590,330,628,288,6,216,885,178,824,204,44
591,274,212,681,1524,1612,447,762,276,417,269
592,1580,353,250,299,297,594,631,387,212,1535
593,681,1524,318,412,153,748,285,299,480,594
594,104,889,242,743,778,176,914,947,475,968
595,1669,242,268,1159,594,1580,486,716,624,303
596,1064,258,339,570,1524,1563,290,318,394,1090
597,943,989,534,256,686,662,291,341,1169,342
598,314,277,709,254,512,354,84,85,369,368
599,314,1064,749,258,269,1196,71,543,136,339
600,747,338,343,943,514,67,551,285,502,346
601,747,873,477,286,879,514,1680,220,1675,1062
602,343,330,189,875,1669,903,894,161,108,1598
603,90,368,931,814,351,241,314,1196,147,247
604,342,897,220,509,688,123,1365,1205,844,542
605,1665,305,509,1,326,135,166,1535,1563,657
606,595,306,515,276,712,1563,286,551,297,483
607,976,311,451,1665,1535,1563,134,344,271,760
608,870,594,1563,492,1669,826,508,357,960,321
609,268,1612,242,899,314,734,128,889,603,464
610,406,483,511,245,863,897,577,498,929,931
611,90,242,930,309,290,181,128,221,458,5
612,923,878,897,1035,383,225,291,304,826,507
613,689,1013,924,1167,930,686,933,136,1563,760
614,1563,844,339,128,1118,1580,914,832,412,492
615,750,583,826,253,594,285,29,99,924,1563
616,323,268,922,310,128,1016,277,920,381,987
617,509,83,832,844,415,342,1034,148,1410,840
618,943,189,894,11,433,1109,1580,342,325,106
619,832,918,825,865,507,1016,688,128,664,653
620,622,371,989,325,342,293,202,534,410,596
621,291,293,760,275,268,301,795,817,147,624
622,330,885,968,6,1580,1669,357,218,306,1225
623,345,987,291,314,1612,626,349,330,955,901
624,681,511,285,755,242,503,881,245,499,894
625,19,268,673,1612,681,703,267,987,163,156
626,285,878,515,570,594,274,681,653,344,202
627,306,285,1524,314,824,1563,2,221,709,90
628,878,706,863,304,84,296,511,490,1238,368
629,1524,330,855,679,250,894,302,44,304,557
630,136,241,695,258,689,760,709,472,1015,1064
631,355,314,551,613,709,308,1102,989,1045,824
632,515,140,747,595,1524,306,551,274,387,1563
633,1563,288,1669,843,59,248,1665,826,211,303
634,276,681,241,480,1669,1151,1665,971,1563,1612
635,306,541,1184,355,314,1563,288,1524,1196,762
636,276,987,323,310,875,190,538,502,282,330
637,1524,315,314,342,345,511,1669,245,1158,123
638,1118,983,923,947,325,156,136,104,327,451
639,136,241,315,512,242,293,933,760,1018,585
640,274,514,104,743,681,287,1669,464,1524,1109
641,1011,157,158,1563,523,660,885,826,211,218
642,824,989,256,146,408,1016,534,1669,874,1102
643,345,109,672,631,320,509,1580,186,825,372
644,886,989,346,234,348,709,622,130,274,624
645,265,976,927,377,285,1013,826,1563,748,1078
646,930,924,331,147,1019,894,814,245,90,855
647,320,509,1090,836,749,873,1410,891,610,164
648,1563,595,339,551,1184,306,753,873,355,1524
649,496,368,1196,330,530,391,244,106,247,992
650,42,29,583,1563,686,1665,206,1669,750,115
651,242,653,1669,943,257,344,104,1612,624,306
652,268,90,314,293,894,511,1524,1072,309,185
653,325,929,943,342,383,1580,106,1169,133,341
654,403,457,330,885,244,615,596,1034,357,753
655,1524,875,44,285,253,767,879,1109,470,1680
656,653,344,640,291,507,976,947,39,268,760
657,512,709,496,293,241,136,325,457,333,247
658,288,289,241,689,1563,199,390,805,619,530
659,299,735,513,660,1243,337,186,750,1016,529
660,325,931,189,106,383,929,357,826,923,606
661,268,930,357,1225,242,457,309,1669,284,1612
662,1034,615,530,1196,988,496,885,1214,244,716
663,128,242,268,930,299,631,309,1580,688,488
664,530,1669,330,310,403,151,288,300,323,740
665,325,496,286,918,301,372,310,749,124,498
666,254,601,933,377,525,1669,1665,322,247,569
667,989,1580,1410,943,286,686,808,502,440,341
668,1410,303,250,594,989,1580,274,1159,943,164
669,293,268,624,817,346,716,689,603,242,299
670,814,930,331,220,290,514,287,8,1680,708
671,1669,930,113,619,301,268,433,1612,284,330
672,374,274,624,267,509,943,878,243,1410,405
673,355,421,557,1524,314,563,1072,432,653,576
674,1064,814,855,1524,839,136,258,253,468,1563
675,300,247,512,848,872,323,327,1680,269,588
676,760,270,613,314,989,355,14,824,251,534
677,840,1535,681,297,299,267,1612,1662,268,1669
678,631,345,629,735,939,529,166,447,314,1016
679,681,299,1669,1680,331,1665,8,487,1612,276
680,594,681,1295,417,303,750,18,1524,115,769
681,457,325,750,1035,583,428,594,274,1580,1573
682,844,259,1034,1580,19,507,1535,897,947,156
683,686,256,681,331,301,767,1669,108,188,538
684,330,310,279,759,1006,323,739,1669,987,362
685,638,688,291,534,293,918,760,672,658,270
686,514,457,1580,484,327,1669,1524,1563,1662,1680
687,1524,631,318,128,875,1580,274,688,303,314
688,412,594,302,1669,897,304,1662,268,250,324
689,709,247,320,241,258,551,289,179,107,726
690,271,125,955,976,1196,640,947,520,997,220
691,345,314,520,475,123,1012,26,271,720,335
692,596,509,104,870,242,1365,947,486,293,930
693,286,658,689,1477,241,1006,935,1563,290,268
694,475,878,104,335,1669,889,607,385,1665,778
695,689,624,686,241,749,1072,293,289,695,1410
696,315,878,220,268,342,475,242,104,603,609
697,875,323,1524,20,372,408,318,1136,314,151
698,1580,250,186,874,583,353,305,989,631,502
699,1580,873,629,320,870,220,1109,353,498,1535
700,879,274,327,873,1524,1563,1580,1675,339,1680
701,927,839,324,753,1563,574,483,1266,264,760
702,653,268,1612,886,626,306,795,1669,789,706
703,285,1524,681,624,594,1669,256,538,881,1037
704,269,541,1563,1008,41,639,330,622,885,457
705,987,1016,1524,323,372,875,1680,168,318,1072
706,930,242,615,619,113,128,433,309,244,1027
707,285,943,1524,989,824,1580,2,270,256,551
708,269,330,339,1064,935,633,1151,901,1563,1022
709,457,483,428,630,523,306,116,1011,363,195
710,943,653,285,257,1580,1313,515,594,256,387
711,1563,639,1064,339,843,935,628,157,63,1060
712,595,1072,631,320,1524,939,326,348,9,270
713,1563,339,157,844,1008,321,750,660,664,459
714,747,735,267,1612,346,407,1580,457,163,1535
715,989,557,648,704,457,886,824,355,639,2
716,291,243,346,256,662,301,502,1580,1072,987
717,897,332,844,832,594,259,303,664,339,412
718,689,1072,624,817,1669,748,1112,1066,481,270
719,509,878,92,16,929,1034,863,224,577,390
720,123,488,342,270,930,299,1669,113,385,312
721,480,681,1151,258,1064,161,241,468,4,570
722,323,241,1151,379,1013,136,512,496,480,871
723,269,541,408,314,645,579,1016,469,468,1295
724,681,153,490,128,323,987,848,292,190,512
725,342,332,312,844,1016,244,123,328,543,749
726,332,511,897,755,577,323,863,739,749,368
727,136,513,901,673,922,583,435,935,682,750
728,595,551,839,136,1524,1612,1064,1563,570,574
729,1563,1535,1680,1196,220,1013,37,976,557,1524
730,315,342,332,314,300,475,292,281,277,220
731,433,930,268,918,301,330,147,1580,924,658
732,863,987,20,92,390,135,281,280,1039,588
733,1109,342,1133,514,325,954,245,879,943,941
734,1524,814,807,318,875,1680,406,345,186,20
735,315,277,247,241,322,512,747,817,532,136
736,1196,1013,377,976,541,1184,1563,288,1524,20
737,271,357,1669,753,288,330,997,558,324,960
738,747,873,325,267,406,477,939,286,320,498
739,247,588,310,282,320,848,872,530,747,740
740,104,268,136,1410,947,760,242,1118,886,930
741,844,303,870,1535,664,1563,778,750,594,1365
742,315,153,987,1524,85,314,220,1680,512,245
743,315,104,357,242,368,220,84,383,354,254
744,929,1034,342,606,433,546,1535,1662,947,1580
745,302,897,739,372,304,680,1598,330,611,1090
746,45,270,1109,186,299,748,824,688,353,416
747,342,332,509,225,311,123,361,596,1034,927
748,330,825,362,43,886,310,1128,1016,1010,541
749,318,412,681,128,1524,519,1013,122,1669,276
750,989,874,342,1669,1580,299,493,1016,720,767
751,825,256,886,1016,989,1669,534,624,1649,243
752,323,330,128,147,318,619,741,113,875,379
753,247,709,749,1196,285,470,314,421,320,1524
754,306,1563,709,689,234,363,59,346,971,843
755,278,1295,330,686,633,557,67,276,1524,60
756,885,330,6,689,158,306,563,660,523,968
757,923,279,156,901,1612,848,349,310,1665,259
758,538,502,681,875,686,767,987,301,331,168
759,486,220,242,267,778,878,653,607,1662,475
760,585,673,638,270,688,760,610,795,631,653
761,1669,331,814,1680,875,1524,152,855,161,1151
762,323,749,875,245,814,75,332,741,577,872
763,339,1064,873,1090,870,1563,631,1062,258,839
764,291,760,689,647,595,1612,314,1524,456,346
765,285,709,314,512,1524,570,681,247,85,153
766,288,490,706,1058,218,472,1524,1021,974,212
767,824,989,67,954,874,747,1563,1580,2,1524
768,537,274,873,314,421,270,39,947,451,1580
769,1669,346,515,343,306,234,296,330,59,1524
770,322,457,269,954,629,85,169,277,1612,1680
771,1580,433,44,1109,250,960,514,303,14,522
772,322,254,1612,527,681,104,1669,661,354,922
773,689,348,595,886,624,1410,346,686,660,502
774,1072,563,686,372,875,1524,943,805,320,256
775,412,302,147,433,507,688,291,662,304,128
776,1580,1563,1535,1669,879,457,1675,327,1680,1573
777,747,297,1225,343,822,826,286,306,515,764
778,689,760,551,136,595,695,248,348,624,1169
779,335,247,475,747,879,709,133,588,320,315
780,412,686,128,372,1669,303,749,1159,59,290
781,630,136,574,241,464,747,0,7,457,277
782,844,664,1580,14,1669,123,303,596,251,157
783,1669,104,826,290,878,242,1563,879,522,933
784,268,885,1669,330,880,517,1662,284,249,870
785,281,241,315,258,814,532,136,749,242,312
786,44,1669,514,484,1109,300,1580,403,874,1573
787,1072,595,689,1220,291,927,1524,563,521,805
788,411,320,596,630,1034,509,716,366,24,457
789,689,241,136,760,348,1477,481,817,534,529
790,1563,1665,308,687,1680,281,1524,1102,1535,1669
791,314,624,704,886,119,520,541,346,510,320
792,271,558,464,743,778,288,270,960,335,315
793,325,293,931,136,90,615,457,627,689,760
794,268,712,878,104,1662,880,279,483,1669,24
795,689,1013,930,1563,1167,686,1665,1118,241,924
796,687,308,989,502,538,1563,22,551,645,282
797,353,688,1524,808,488,537,1580,153,128,39
798,242,848,282,342,327,202,1669,493,1133,1016
799,339,631,762,1524,326,320,1563,645,314,743
800,314,684,330,808,123,345,119,918,1016,39
801,1196,955,997,930,976,123,817,288,1017,312
802,325,457,269,322,824,330,85,460,977,557
803,274,594,270,303,1580,537,320,250,1524,1109
804,323,248,566,151,1669,16,20,643,611,281
805,583,0,551,457,502,845,428,1035,406,267
806,879,1563,826,339,877,551,290,500,1535,136
807,1669,1563,681,1524,1612,1665,468,512,709,1151
808,288,1669,819,271,300,1058,490,719,390,611
809,987,323,345,372,741,1205,326,490,245,1524
810,456,271,288,77,390,20,280,706,281,220
811,299,1612,331,1535,735,1669,268,346,8,405
812,274,475,653,1580,594,1669,878,819,212,1626
813,331,318,297,1535,122,826,877,8,840,929
814,250,918,664,507,897,1580,302,297,885,268
815,291,931,325,1580,1612,943,405,346,760,189
816,104,265,1669,97,594,937,296,880,960,218
817,325,989,579,1580,320,1024,274,14,493,874
818,325,493,327,342,451,947,322,1580,220,873
819,457,333,325,346,293,322,855,1612,330,460
820,268,128,8,930,242,740,433,331,490,684
821,242,299,930,1669,481,486,1612,268,1580,464
822,267,879,1535,104,220,1665,1662,327,335,242
823,530,814,615,930,496,457,639,817,351,261
824,475,345,271,335,1669,927,878,546,134,819
825,687,538,828,502,1159,583,689,1048,895,303
826,509,577,205,225,332,1217,848,136,267,749
827,930,147,92,1013,220,619,519,37,488,315
828,242,136,293,315,245,241,585,258,332,202
829,320,325,250,164,631,1410,939,498,274,1187
830,320,303,819,404,250,1580,372,875,1097,222
831,325,383,1090,897,1062,374,498,514,739,339
832,1109,943,524,342,1133,353,814,1580,873,1062
833,930,242,686,716,289,481,128,1024,689,1225
834,267,1535,509,299,1410,243,729,411,42,166
835,1016,314,720,469,345,274,825,232,251,671
836,339,1563,308,989,583,332,303,372,1573,1524
837,1216,267,337,1535,1612,1665,546,886,1669,512
838,1563,286,1580,1535,341,877,595,1410,583,551
839,483,326,279,929,0,345,712,305,863,747
840,372,320,749,1072,314,128,1524,563,987,579
841,274,490,914,1524,1669,1612,889,320,1675,1580
842,1524,250,557,1580,989,563,355,521,824,285
843,1669,342,965,189,296,330,475,344,546,301
844,594,664,1580,274,1524,631,989,720,1016,1612
845,331,318,583,855,826,807,931,181,514,750
846,270,14,320,1102,2,251,314,989,631,303
847,689,512,1013,346,1167,653,626,301,379,1072
848,930,615,1027,330,244,1669,997,357,377,525
849,1669,433,930,403,268,357,123,342,330,530
850,268,325,457,50,274,458,609,630,870,133
851,383,342,254,403,325,1035,354,332,344,322
852,931,603,1109,1062,99,8,268,458,405,807
853,987,291,301,314,512,147,379,1016,496,188
854,514,368,1598,1196,330,343,162,1524,247,708
855,1669,1580,930,433,288,684,330,119,1612,271
856,1524,874,824,1097,44,855,303,989,594,250
857,1524,318,305,1680,353,345,212,153,186,688
858,594,682,664,507,321,681,844,583,337,299
859,104,277,1665,1612,335,512,241,247,1669,279
860,268,310,330,357,403,1669,880,333,885,517
861,870,631,303,157,716,115,750,629,250,672
862,960,1017,271,288,880,976,930,357,640,16
863,345,486,870,839,268,517,326,939,186,1662
864,749,383,498,509,325,848,577,832,332,202
865,681,256,881,1669,594,487,18,927,480,878
866,320,271,312,814,14,596,960,743,1158,342
867,681,1669,412,875,487,920,18,519,468,128
868,136,585,760,673,258,551,267,107,270,150
869,968,320,128,1196,490,164,706,330,306,39
870,488,267,585,315,440,930,1406,242,619,38
871,332,325,457,397,383,879,428,116,596,293
872,44,285,1524,45,271,291,824,1109,1580,343
873,345,688,186,299,735,825,1535,901,782,1662
874,1612,269,447,322,314,762,330,337,1580,704
875,594,1295,1016,417,1524,881,18,115,989,824
876,383,826,674,332,1214,931,293,136,870,1152
877,681,242,878,385,487,281,332,1669,778,879
878,1535,267,243,1580,1665,1410,1669,1626,546,1612
879,109,1410,595,166,348,760,509,938,286,704
880,502,67,346,212,747,989,320,1524,495,310
881,456,391,147,735,626,955,280,220,268,1662
882,357,204,839,125,483,428,931,90,464,306
883,412,372,323,875,895,825,326,739,490,18
884,624,927,574,760,1066,594,480,839,136,139
885,873,325,220,261,314,124,872,1680,457,814
886,878,104,16,880,1017,976,414,1665,1669,225
887,1563,1665,1669,1209,162,281,1302,248,343,595
888,288,271,930,960,814,320,530,1196,619,119
889,1214,930,391,643,147,814,716,509,406,379
890,740,268,8,490,331,92,24,324,484,819
891,286,325,268,918,684,943,1580,924,458,433
892,1196,541,885,330,1010,314,880,218,955,579
893,875,323,814,75,258,241,681,281,503,245
894,324,1669,1662,403,1205,332,331,310,755,372
895,429,1669,242,1159,624,558,487,681,875,146
896,308,253,689,639,1102,1563,281,824,1078,348
897,930,92,331,1535,619,1669,220,8,433,147
898,923,929,220,1196,606,391,268,930,297,272
899,277,323,330,300,1010,247,254,310,280,1196
900,630,288,523,639,1011,843,660,506,424,41
901,897,325,304,383,259,708,220,1090,518,688
902,1410,509,166,267,286,686,467,583,243,42
903,534,1563,348,595,551,760,608,622,1410,451
904,749,875,814,323,113,686,1669,372,1024,930
905,268,930,357,817,735,747,277,814,603,147
906,1563,629,1524,855,269,885,528,557,639,305
907,976,983,839,1563,265,1184,595,280,1196,77
908,929,923,826,383,606,357,708,391,220,309
909,1410,886,293,457,686,242,289,286,325,282
910,1669,878,819,104,1011,616,1626,1017,297,880
911,778,242,878,332,1669,104,1159,749,960,303
912,1013,318,147,689,472,1524,1072,924,557,379
913,299,681,285,315,153,1612,488,603,1524,512
914,619,188,1406,300,493,706,344,377,247,1669
915,339,303,594,1090,750,583,870,1563,826,1062
916,256,1524,987,1016,285,67,751,346,314,408
917,508,383,826,515,189,59,1669,309,492,587
918,330,320,314,873,955,1524,345,706,164,456
919,1669,256,624,881,522,346,819,878,222,965
920,332,989,814,613,317,824,577,874,248,872
921,318,1072,1524,412,875,302,372,304,688,748
922,318,276,1013,681,855,161,935,513,379,1524
923,136,281,241,814,743,312,258,778,879,314
924,315,299,1612,703,277,512,681,268,242,464
925,878,1563,595,1665,54,1669,879,976,1535,1078
926,248,1598,686,689,161,391,826,496,628,457
927,236,166,391,310,42,205,341,496,761,1598
928,288,320,474,119,825,216,305,541,151,720
929,987,1524,1072,256,412,875,681,285,538,188
930,653,760,1410,795,293,291,918,411,243,947
931,342,943,511,894,315,245,270,314,285,624
932,1196,220,749,976,914,318,128,1013,610,258
933,291,345,314,124,672,638,918,45,270,688
934,344,242,1669,878,653,681,104,274,342,202
935,878,871,624,1669,256,301,487,686,681,205
936,878,212,290,306,747,104,706,59,515,1675
937,688,1580,186,299,288,1662,1535,157,629,930
938,747,335,406,346,483,457,456,405,7,407
939,355,1563,557,330,337,1612,541,362,569,306
940,302,897,304,507,844,662,923,259,250,19
941,314,320,326,0,1266,870,324,305,743,679
942,220,268,976,930,688,929,1662,735,626,147
