0,267,339,293,1435,188,496,885,222,879,588
1,85,318,356,261,274,660,1460,56,473,310
2,507,302,878,1602,304,191,159,317,303,607
3,689,256,433,709,1062,113,1435,458,1047,222
4,244,1008,284,473,647,767,326,176,639,519
5,653,603,245,513,136,496,220,60,261,127
6,99,315,312,1435,91,183,301,1011,791,332
7,302,47,113,191,777,1435,1072,918,962,135
8,1646,0,296,323,297,293,596,1027,627,552
9,1435,213,771,249,641,658,51,140,287,407
10,1049,891,166,595,743,509,675,8,252,505
11,315,1573,291,1049,284,188,1659,86,1435,149
12,511,429,1049,509,747,188,1064,839,294,276
13,791,614,0,881,44,458,1148,310,530,292
14,249,180,287,115,279,416,1659,269,813,178
15,897,300,1435,192,302,1006,213,209,678,669
16,261,268,473,85,409,920,123,56,1133,99
17,250,346,128,322,310,530,58,146,879,344
18,268,261,247,326,1573,291,614,433,316,44
19,86,291,315,43,1573,1049,357,44,494,216
20,1011,324,241,306,409,1013,59,901,332,639
21,199,918,1435,136,514,317,343,300,610,267
22,291,326,244,176,315,284,290,735,325,881
23,1435,21,1506,113,192,885,962,293,331,843
24,1506,1602,49,123,58,245,486,1460,1573,879
25,191,312,345,1100,302,301,204,113,233,171
26,1659,44,300,291,610,268,1006,326,115,1435
27,113,191,171,249,473,777,312,491,303,300
28,196,18,204,1083,473,191,126,167,156,302
29,315,678,136,291,1435,131,43,603,99,343
30,115,812,407,777,46,610,249,58,150,491
31,495,202,302,706,113,1435,284,607,962,189
32,331,171,193,284,1491,222,180,264,49,287
33,465,47,675,189,107,8,481,244,897,540
34,894,270,299,300,291,1573,303,287,327,430
35,291,249,115,227,1024,333,300,485,1602,1573
36,303,312,323,115,743,865,1006,275,788,113
37,322,992,120,793,146,299,209,147,467,128
38,323,777,47,256,918,179,302,1372,186,184
39,505,1602,312,281,1141,723,302,595,886,878
40,689,284,1072,268,325,515,168,188,728,483
41,1062,256,185,1506,1646,331,191,72,709,296
42,1506,540,264,897,661,706,650,962,1435,595
43,185,325,257,610,1506,300,244,962,168,268
44,1573,58,168,268,188,476,1460,1623,663,128
45,1435,8,777,113,318,918,317,631,241,518
46,1136,26,245,58,1049,812,477,1573,151,505
47,301,312,921,1020,339,749,791,210,958,1011
48,18,918,528,639,615,261,473,220,150,605
49,894,507,320,202,342,270,607,936,1358,706
50,191,302,1141,171,113,204,156,264,723,193
51,314,1372,495,1435,518,1506,1573,86,886,610
52,202,332,894,465,1435,271,1535,1573,514,10
53,302,113,1506,317,135,509,1602,192,495,962
54,300,894,332,317,10,287,610,236,270,254
55,270,894,268,300,293,71,1217,865,236,312
56,123,268,1083,315,933,291,49,954,881,1196
57,13,305,1217,58,678,250,994,233,743,675
58,812,182,304,305,52,670,505,332,1602,345
59,689,303,696,324,284,8,433,822,345,122
60,323,540,897,465,326,433,342,189,85,222
61,1602,270,159,515,1141,612,220,873,130,1568
62,52,271,343,193,1659,284,1085,99,474,1435
63,168,300,962,99,513,652,743,954,338,209
64,165,314,1506,723,256,305,1015,530,521,509
65,287,270,291,268,326,1573,514,1506,1491,185
66,306,315,1011,44,1573,86,271,95,1372,241
67,483,345,314,285,518,1072,191,339,301,480
68,13,241,305,675,26,1217,233,1136,291,491
69,511,261,494,496,1064,206,518,659,135,282
70,1435,318,442,339,8,212,660,588,380,897
71,274,897,342,948,39,495,1133,241,922,603
72,305,13,318,261,653,8,59,133,22,18
73,1011,268,339,1435,202,151,1573,314,305,610
74,205,885,136,496,2,315,548,514,420,320
75,302,922,240,39,274,135,899,212,232,505
76,18,261,315,1064,735,136,247,127,314,708
77,171,156,302,204,49,191,209,723,175,293
78,314,496,750,649,1062,1506,325,202,962,706
79,323,47,1372,256,302,660,1506,186,356,1646
80,302,285,1435,495,135,192,212,113,512,590
81,99,279,269,962,339,689,213,813,115,443
82,357,43,291,287,271,285,224,417,296,315
83,345,249,175,115,301,113,777,171,994,227
84,241,1602,186,60,886,506,130,1506,196,948
85,292,306,1013,269,920,115,639,403,150,23
86,496,294,147,398,1141,467,315,454,349,511
87,331,519,1062,458,219,44,63,285,296,291
88,962,115,658,113,302,312,192,240,1435,269
89,580,318,923,693,512,284,519,442,282,608
90,241,306,285,480,630,572,286,305,18,324
91,284,345,113,222,515,483,99,511,1602,612
92,590,296,122,940,87,948,1038,215,481,21
93,314,918,1435,513,610,518,339,184,491,407
94,1062,614,310,296,215,1460,0,274,125,212
95,1435,407,275,580,526,706,284,113,918,339
96,258,511,1018,777,1573,747,1602,155,461,115
97,1006,920,899,245,739,743,675,125,115,26
98,268,256,293,323,202,936,180,222,247,428
99,256,1372,306,268,1011,47,323,689,747,247
100,332,407,179,1435,1011,878,321,270,777,631
101,1435,302,285,301,314,318,212,1372,14,1569
102,491,268,513,610,184,151,1435,503,407,177
103,302,191,899,274,333,1062,693,1072,922,962
104,300,287,1435,317,193,233,90,478,10,140
105,317,132,305,505,122,296,601,287,236,126
106,268,615,241,305,1011,184,179,59,513,60
107,241,603,291,494,261,26,1083,708,123,315
108,270,321,878,303,346,1602,113,299,345,146
109,897,1283,661,627,519,21,475,342,1435,284
110,1435,296,610,606,305,518,602,215,301,254
111,288,280,117,495,278,1049,252,891,886,509
112,1435,442,608,606,314,407,843,658,610,254
113,191,126,935,1141,222,507,1047,936,879,433
114,788,323,473,275,181,1435,99,631,312,113
115,227,191,491,113,1141,41,936,477,511,473
116,268,47,514,894,202,1506,1573,10,300,610
117,302,115,113,962,1072,225,693,1435,465,922
118,288,461,1018,1141,1573,960,245,278,477,169
119,519,315,257,271,962,44,219,173,1573,526
120,291,305,18,13,90,178,133,1083,193,462
121,505,921,245,1072,8,509,962,465,164,58
122,303,1100,595,505,696,510,132,675,312,465
123,287,326,249,291,1573,180,299,286,663,269
124,590,534,695,706,691,219,160,296,1022,303
125,115,962,44,333,269,549,279,113,407,1024
126,300,244,865,323,95,540,219,695,328,47
127,346,86,241,38,186,1602,895,595,661,603
128,318,602,920,13,241,301,1435,478,261,56
129,1435,303,346,1602,777,1457,113,296,186,270
130,303,256,122,345,1038,312,191,681,113,180
131,1435,301,317,346,312,332,602,409,241,250
132,491,1602,595,288,300,320,126,477,1506,936
133,332,1011,179,552,1219,1013,1646,894,208,1435
134,302,192,1435,843,156,777,140,47,918,706
135,291,1602,300,1573,1435,1659,497,514,63,317
136,1372,1573,1216,1506,1602,925,513,885,514,81
137,317,610,1435,507,491,300,1506,202,1602,10
138,312,99,788,345,339,474,407,635,113,181
139,1602,113,191,1435,178,317,345,134,302,507
140,271,86,661,342,514,241,12,897,21,337
141,191,1435,113,312,126,345,610,301,317,192
142,894,270,1602,1100,342,507,332,320,202,126
143,1506,885,123,188,530,268,21,293,315,723
144,325,735,244,185,1114,287,18,647,324,191
145,202,284,8,1008,942,962,465,474,88,706
146,1659,1435,1460,1573,1506,610,962,1602,168,652
147,284,282,291,294,637,383,290,482,274,660
148,191,302,113,660,264,1141,167,171,123,1506
149,513,706,695,1602,320,514,208,649,488,918
150,326,0,962,881,291,1062,1148,458,540,933
151,689,1435,202,458,1491,284,1506,962,745,222
152,465,696,284,505,621,515,342,948,457,164
153,339,8,345,284,178,99,1020,749,182,1069
154,314,305,271,241,97,1573,2,688,272,603
155,483,1020,301,605,791,493,191,56,345,310
156,250,241,346,58,310,301,13,581,1066,901
157,1435,1602,1573,513,407,59,208,58,8,130
158,1372,514,388,897,44,86,297,1435,661,244
159,312,345,1015,270,339,191,1435,172,207,714
160,268,326,588,1435,663,99,514,338,222,202
161,47,323,247,202,268,18,1372,256,222,306
162,271,291,86,1573,44,43,95,173,661,315
163,44,67,1573,407,115,279,326,1659,14,306
164,270,305,1573,1602,150,754,172,130,935,424
165,894,465,954,484,299,1573,327,948,1491,696
166,1141,879,863,398,123,315,331,462,250,935
167,723,1015,315,678,183,147,398,530,131,207
168,1506,191,610,185,325,513,308,1602,333,1114
169,244,1640,1129,312,301,21,297,1620,1200,284
170,284,315,173,863,1064,271,306,767,325,483
171,257,300,185,193,171,180,173,227,330,1225
172,256,179,191,317,202,1435,312,1506,610,302
173,21,1435,897,140,481,317,213,369,1006,268
174,1062,189,311,693,135,288,263,244,125,962
175,407,166,52,59,91,1573,8,812,1435,854
176,285,1435,56,518,480,18,345,314,483,339
177,269,1646,274,552,1506,312,173,300,301,49
178,305,280,812,254,749,52,288,795,505,301
179,513,653,649,442,610,1021,496,254,168,921
180,337,300,287,296,291,582,1022,342,219,1146
181,284,1038,331,1491,128,299,462,1659,193,731
182,310,988,243,506,1602,477,881,1573,1623,291
183,485,178,249,473,1141,167,291,153,572,528
184,1573,470,1602,1535,407,241,208,1435,484,200
185,1129,689,277,677,1027,327,1640,863,925,1454
186,1062,284,519,458,326,480,285,44,67,580
187,271,43,86,337,1573,44,1049,82,296,14
188,18,241,1064,1083,886,261,603,97,60,220
189,186,49,1506,1646,264,1083,204,171,176,341
190,1620,315,314,312,271,343,317,1008,284,483
191,268,287,518,812,610,185,735,491,180,249
192,58,310,301,418,245,26,921,169,1659,748
193,47,268,338,1506,123,885,222,170,739,323
194,305,317,478,301,1435,653,749,923,13,250
195,314,688,496,706,302,519,1435,495,267,192
196,948,325,60,311,268,1506,196,126,505,656
197,301,153,339,749,305,97,213,182,633,193
198,301,285,52,1435,923,318,478,920,305,602
199,284,345,269,301,1602,878,793,173,113,270
200,178,339,275,13,130,134,204,90,196,473
201,269,300,515,301,211,515,1064,565,325,521
202,291,1573,241,310,296,1018,200,324,498,754
203,291,136,1573,514,1435,80,407,343,205,298
204,315,1491,1573,271,86,627,241,0,650,284
205,300,191,175,302,657,303,624,305,312,777
206,743,509,317,723,267,675,135,192,245,21
207,278,288,505,317,739,495,486,1506,87,160
208,301,279,269,322,315,416,923,254,994,921
209,302,113,777,1435,115,658,191,192,962,135
210,403,886,1064,1015,165,183,398,305,424,301
211,494,315,288,422,56,282,899,108,1556,318
212,293,1435,1573,21,780,270,610,1506,355,305
213,47,491,918,1372,777,227,143,191,1097,330
214,1141,485,1602,612,126,496,245,482,462,167
215,134,302,495,267,99,284,922,1283,315,22
216,272,241,514,357,320,271,43,291,44,1027
217,288,812,305,749,468,894,886,330,610,491
218,301,407,518,749,528,610,46,605,339,606
219,303,749,327,288,122,601,296,305,300,696
220,897,631,323,1435,777,115,241,1059,306,56
221,202,689,259,284,457,314,808,1435,607,1038
222,150,310,269,341,191,270,239,130,682,506
223,254,268,248,172,843,1011,610,202,120,67
224,696,433,241,189,8,647,304,178,88,18
225,303,256,1435,268,287,606,180,1457,202,122
226,220,301,169,188,99,241,343,11,113,957
227,122,749,681,303,696,305,132,312,193,296
228,261,123,920,13,326,530,153,310,56,528
229,123,58,245,477,188,169,486,309,879,168
230,302,285,113,1435,201,495,156,192,519,331
231,1141,496,485,302,527,345,612,511,267,526
232,518,125,777,212,115,572,610,310,288,318
233,301,250,923,305,863,398,749,97,153,653
234,473,1141,312,123,505,245,723,126,879,485
235,244,326,306,12,127,268,484,440,1008,84
236,496,526,962,257,302,227,1435,308,113,885
237,1435,606,202,843,610,327,407,10,268,208
238,324,241,306,56,284,1066,1010,315,290,149
239,812,1573,300,407,268,287,168,435,749,343
240,18,261,708,1083,193,316,247,241,189,518
241,1602,1506,317,486,1573,477,165,126,278,63
242,241,318,696,1010,327,1372,675,449,8,316
243,241,18,13,433,261,1010,305,1457,708,285
244,272,241,514,44,661,1372,1573,1646,186,355
245,325,324,735,937,754,211,1135,168,268,1114
246,44,610,1435,1372,125,115,296,316,1573,212
247,291,13,305,270,678,1083,241,90,18,491
248,1006,1435,291,13,44,427,1659,300,479,115
249,1573,291,407,1435,704,1602,706,962,519,645
250,315,610,257,268,254,1435,199,172,202,314
251,317,1435,305,610,13,1217,300,478,1061,301
252,1573,291,128,1435,935,1602,99,1491,715,626
253,302,251,225,312,68,328,331,495,590,543
254,191,204,302,132,301,233,1100,312,345,303
255,291,1573,1602,299,270,327,477,954,326,476
256,302,191,113,1602,936,777,345,660,179,1100
257,256,303,1062,1460,1506,87,826,881,1018,689
258,191,302,113,181,345,303,660,284,275,465
259,878,113,1602,299,303,115,962,1573,68,225
260,306,1573,67,44,1011,430,1372,825,514,268
261,288,327,878,305,1573,696,304,1602,117,278
262,284,519,285,302,1062,282,962,922,113,706
263,506,473,150,310,26,130,58,123,881,49
264,302,706,113,1372,47,962,843,332,1435,777
265,342,132,303,482,1457,1491,681,122,465,696
266,491,47,918,8,675,1435,1372,22,268,513
267,56,920,261,473,318,241,1083,18,284,1133
268,261,13,18,268,136,491,220,133,1083,241
269,513,327,1602,649,461,1623,486,212,58,488
270,507,936,495,433,317,8,305,222,607,696
271,312,302,257,474,204,156,193,495,202,315
272,1435,346,653,196,603,250,208,130,301,992
273,241,696,271,86,306,1083,193,708,342,495
274,962,1602,115,485,515,1435,113,899,1573,310
275,199,99,315,704,407,172,669,473,526,44
276,303,122,327,321,346,1457,332,681,241,305
277,271,285,202,1435,433,222,303,696,11,1457
278,115,242,269,791,899,279,671,292,920,933
279,241,271,342,688,43,708,285,1138,627,296
280,213,1435,146,254,279,268,458,140,530,256
281,1435,296,44,610,254,213,43,1659,519,215
282,291,331,458,511,188,881,123,637,482,128
283,514,918,241,491,1573,272,18,291,1372,320
284,291,315,82,301,326,1659,44,292,343,269
285,316,318,18,261,480,268,285,326,189,433
286,268,222,338,476,663,588,731,168,954,1506
287,1011,179,332,1372,202,688,314,1072,1435,707
288,269,301,1015,254,172,407,610,279,424,150
289,254,610,1573,1659,349,169,168,1435,291,1038
290,302,301,191,1134,446,208,1435,181,240,552
291,115,693,291,343,473,1659,962,261,518,485
292,133,261,267,305,602,478,708,812,918,491
293,1435,610,1506,287,301,518,296,175,173,49
294,115,1435,689,279,962,1659,442,1573,461,1372
295,193,495,1136,123,490,1083,478,189,300,708
296,291,326,222,788,99,8,290,12,284,1659
297,312,505,922,495,301,611,1659,250,106,879
298,476,303,743,123,675,481,13,1659,309,871
299,270,241,291,130,1602,287,324,692,754,320
300,312,173,315,171,299,1491,879,345,270,264
301,300,291,894,270,26,675,595,337,716,86
302,191,196,518,311,302,204,167,18,126,1141
303,268,300,464,954,1646,312,1506,21,256,47
304,291,494,261,637,136,298,398,43,603,496
305,327,476,303,1435,212,826,461,514,1623,745
306,505,299,878,327,652,470,749,58,1659,249
307,299,1435,99,1491,465,1460,8,689,268,312
308,244,1114,185,300,325,937,735,484,41,257
309,191,310,657,269,1454,418,878,303,1018,505
310,1435,301,345,146,312,339,457,322,429,99
311,13,318,303,241,675,1457,327,696,296,672
312,696,465,495,948,311,753,284,342,274,650
313,325,299,543,244,465,281,280,505,225,484
314,473,13,241,178,261,275,204,56,130,1083
315,342,495,344,897,1010,512,267,1283,87,285
316,115,279,1659,269,824,185,962,268,689,610
317,122,312,303,476,346,1457,681,327,1217,299
318,886,302,332,1141,312,95,527,505,173,526
319,407,1435,44,610,202,67,254,1573,1646,115
320,581,305,1066,530,1064,314,1011,241,901,424
321,491,339,343,90,133,935,305,317,518,610
322,1602,1141,320,126,515,612,1573,1506,134,130
323,312,1100,1015,305,345,301,1011,241,306,324
324,507,8,513,588,168,47,663,126,465,474
325,306,284,942,124,12,474,689,788,326,1069
326,318,212,288,601,317,1569,505,749,1435,948
327,1372,47,885,314,495,86,1064,257,12,277
328,314,52,284,480,345,182,483,271,1011,202
329,1573,325,484,241,1506,954,268,86,271,200
330,339,689,483,256,1020,1435,791,92,345,1011
331,1573,1646,95,1506,296,332,241,610,1602,287
332,302,879,171,723,264,303,236,317,331,1141
333,302,1435,527,777,918,380,1006,491,204,55
334,1573,324,284,271,299,99,168,1491,12,59
335,1435,513,208,442,318,179,327,212,649,184
336,291,294,1573,278,273,637,147,1602,494,814
337,202,749,8,1072,812,468,318,189,314,184
338,13,714,1435,58,275,8,92,994,675,511
339,418,750,294,965,280,398,863,296,284,1062
340,270,300,338,268,327,513,1602,954,239,430
341,299,312,652,269,249,99,301,505,1659,254
342,1435,113,962,442,496,115,80,8,706,513
343,287,178,241,130,90,291,528,261,284,13
344,268,954,1460,1623,513,338,58,1573,215,1506
345,291,300,595,491,675,1602,743,252,270,716
346,300,306,675,166,812,115,491,312,244,288
347,325,1506,331,1491,264,1573,78,271,650,284
348,689,344,1435,1010,284,660,346,56,608,826
349,1193,123,346,1435,1457,897,303,21,476,13
350,274,1062,922,285,296,696,495,125,650,886
351,303,689,1038,284,113,457,878,299,1435,696
352,52,182,314,257,306,301,526,688,480,285
353,920,318,261,26,125,403,1133,13,241,675
354,1435,115,1659,962,113,658,481,519,693,407
355,1011,1435,322,202,268,1573,1372,610,1646,315
356,519,44,1435,458,43,1659,962,1573,291,315
357,306,1011,59,639,324,12,8,241,91,905
358,306,241,271,332,301,95,173,305,886,287
359,128,662,282,495,482,87,761,879,486,497
360,191,303,302,113,126,1100,132,510,122,178
361,332,894,878,312,308,402,622,330,345,175
362,268,323,256,47,293,18,338,248,247,170
363,284,113,331,191,1491,303,222,689,1435,302
364,291,1659,637,296,198,193,26,377,309,301
365,1011,314,270,345,615,155,901,286,407,878
366,171,264,44,291,219,331,300,814,201,21
367,44,918,518,300,610,257,261,43,140,343
368,1435,491,317,514,300,1602,935,90,10,171
369,212,1435,318,897,346,660,241,64,179,285
370,302,750,1506,590,706,1646,272,314,1435,81
371,244,314,1372,1008,306,688,219,918,706,519
372,256,125,1062,1506,881,185,962,610,518,1659
373,750,988,310,191,325,515,992,363,454,881
374,723,1506,518,1141,780,191,1602,530,511,777
375,268,189,222,326,647,133,202,9,261,8
376,417,49,165,193,518,18,171,287,1083,180
377,301,1435,992,310,250,58,645,208,296,240
378,301,312,173,610,1506,1435,302,518,886,315
379,315,268,82,1049,86,1573,151,921,127,292
380,18,320,1602,241,222,291,615,514,1573,1457
381,270,615,320,1216,323,272,159,874,514,1602
382,342,189,271,284,505,311,749,647,193,495
383,302,1435,1506,113,1602,777,922,1372,191,135
384,942,465,1008,515,243,88,1202,1072,85,8
385,299,1659,1573,1038,1506,1460,505,962,185,1018
386,275,90,270,546,1239,291,935,99,1016,339
387,268,300,954,611,464,215,296,610,537,82
388,477,88,735,473,515,243,656,211,513,1072
389,1659,1460,481,465,652,505,498,58,212,327
390,920,261,127,268,85,292,318,735,1013,247
391,301,749,653,1435,339,602,318,921,478,250
392,1015,657,886,301,795,418,1011,286,878,448
393,936,305,1602,41,477,165,18,1573,1506,95
394,284,696,344,495,749,301,650,475,274,922
395,241,514,1435,64,1013,407,918,479,1006,44
396,1141,886,302,353,485,526,495,922,527,134
397,300,595,491,739,47,743,281,317,135,505
398,115,318,279,897,212,458,481,582,285,326
399,317,312,1435,332,505,1573,954,1602,1506,1277
400,306,1013,332,241,1372,1011,886,127,183,631
401,302,317,192,240,1435,380,267,1602,135,723
402,291,264,331,1491,1573,1602,879,315,935,754
403,1435,865,777,10,268,894,256,843,407,332
404,259,256,322,552,146,293,689,248,16,826
405,115,312,1659,279,269,743,299,476,249,303
406,301,284,269,315,279,921,569,614,172,322
407,268,735,18,518,261,247,483,1064,491,1196
408,250,344,122,457,346,339,196,410,931,822
409,315,268,284,735,271,82,500,7,740,11
410,315,271,86,305,133,43,1573,317,267,131
411,312,268,954,611,762,336,236,300,1083,1136
412,433,13,18,1435,261,241,222,285,512,675
413,113,191,962,473,302,706,777,1435,208,918
414,689,433,511,113,128,115,512,188,461,1018
415,1435,254,21,317,213,192,140,843,610,349
416,314,407,496,750,480,519,333,67,688,469
417,47,252,491,12,595,244,1372,894,865,898
418,300,254,1659,67,82,271,44,296,1573,268
419,339,1435,301,345,8,749,13,92,250,178
420,284,285,241,660,56,302,323,113,274,65
421,202,287,507,607,1435,189,10,641,323,285
422,495,284,271,134,193,1141,78,315,342,302
423,86,675,743,954,1136,595,346,236,696,26
424,249,270,291,935,275,582,287,99,299,771
425,261,268,18,133,1083,13,150,735,663,123
426,191,878,126,130,484,505,1100,284,1602,470
427,1435,212,606,256,590,1372,843,192,610,140
428,312,151,268,315,325,954,1136,250,99,656
429,191,477,1100,88,1602,1454,274,303,126,505
430,303,747,826,273,256,87,1193,278,264,596
431,202,894,268,332,10,865,328,1435,21,47
432,268,13,261,675,305,241,1083,491,18,133
433,256,268,844,259,1038,296,165,125,303,745
434,284,99,546,315,788,474,202,113,176,222
435,327,878,268,303,513,476,507,1018,1573,745
436,58,530,250,310,723,123,245,207,521,506
437,270,1602,1573,935,346,894,312,99,1491,86
438,476,305,1573,327,878,1602,299,638,58,749
439,342,495,18,264,63,267,482,1506,1083,134
440,312,325,1506,21,281,264,762,256,879,293
441,345,330,202,182,308,284,526,332,191,113
442,777,918,302,113,572,178,641,518,1435,474
443,268,513,812,749,59,202,200,8,60,954
444,302,312,284,251,332,134,99,527,922,225
445,324,241,284,326,306,88,696,268,484,290
446,314,1011,315,271,52,308,182,332,1225,202
447,327,275,46,13,1435,58,208,895,466,994
448,314,483,496,1072,689,191,345,1435,511,113
449,878,1372,1573,610,1602,741,379,1506,227,330
450,268,1011,894,202,254,507,259,808,339,218
451,115,777,518,920,302,318,658,918,113,256
452,191,113,202,1435,507,256,1506,843,47,192
453,264,341,278,300,108,543,595,879,95,171
454,284,191,515,1141,302,922,344,113,543,325
455,268,491,513,812,168,47,610,338,8,174
456,305,301,1435,97,314,172,518,610,315,605
457,310,901,638,58,241,530,303,1018,258,268
458,191,108,565,302,345,511,886,264,936,41
459,291,305,220,511,343,630,258,403,1066,637
460,1435,345,312,115,511,99,56,1020,275,714
461,300,317,189,257,268,10,611,21,193,1146
462,302,191,1141,227,777,257,496,135,308,518
463,1435,1659,125,296,300,44,1006,1506,14,212
464,300,954,611,268,464,1460,505,327,652,215
465,115,777,306,407,1372,610,44,279,242,47
466,346,13,250,510,1602,58,305,241,1435,1457
467,300,312,1659,193,123,1006,675,743,491,490
468,18,165,518,60,310,314,150,968,1506,605
469,878,1011,270,241,1602,130,306,894,179,631
470,322,299,269,146,552,826,256,819,0,1454
471,202,113,689,483,314,407,180,1435,191,185
472,962,115,361,1372,1062,660,1010,899,747,826
473,345,1435,1011,1573,1602,91,55,346,252,315
474,530,220,424,310,291,1066,1573,241,261,19
475,291,506,150,270,176,1602,951,1239,220,49
476,1435,317,302,518,1506,509,510,610,301,495
477,256,123,509,125,675,58,212,743,268,303
478,513,610,1372,208,739,333,962,1506,812,239
479,696,324,284,753,822,9,433,280,740,955
480,115,256,962,1435,1062,1659,212,442,125,658
481,268,1573,88,1018,324,327,689,258,326,286
482,264,331,219,300,865,337,661,291,897,21
483,310,1460,1018,128,58,1623,486,115,93,1659
484,1020,639,284,241,261,56,130,301,493,920
485,312,595,505,300,465,743,281,317,166,302
486,291,331,284,193,315,264,171,173,462,637
487,429,1141,345,284,271,1573,863,305,280,188
488,284,271,407,279,67,52,519,202,1435,767
489,284,689,465,202,1072,515,483,1008,113,942
490,291,1435,1573,1602,315,264,661,482,519,526
491,660,474,707,12,380,284,91,99,267,56
492,300,610,240,192,1435,317,658,590,302,125
493,1491,291,315,287,0,331,271,337,11,954
494,491,338,777,140,1006,47,1435,771,610,115
495,268,1011,256,339,151,491,47,293,248,247
496,310,486,1623,128,461,291,530,1506,205,992
497,270,936,305,507,754,8,304,1136,268,133
498,696,305,8,324,241,1136,268,1100,510,749
499,1011,151,339,59,314,1573,91,1435,959,305
500,284,315,285,56,494,176,1083,193,173,18
501,291,241,306,954,346,290,86,1491,326,1
502,899,603,791,39,125,881,0,1283,922,1506
503,271,324,284,1573,315,11,822,200,82,1535
504,271,291,627,514,1573,661,241,24,43,86
505,191,324,750,418,657,305,483,886,1454,301
506,331,303,321,296,582,1573,287,285,271,65
507,12,99,895,942,1435,59,86,346,1006,151
508,150,324,241,287,18,735,305,268,306,23
509,284,271,1062,315,0,296,519,650,1491,274
510,303,249,113,312,287,299,476,270,171,180
511,688,1435,314,219,519,706,44,514,1372,140
512,14,301,1435,312,332,279,173,538,1015,618
513,314,689,496,750,1573,483,1506,1435,530,172
514,254,1015,878,327,447,299,218,312,269,407
515,518,191,1435,1506,222,113,483,529,123,193
516,241,261,323,127,18,682,506,918,316,85
517,294,661,252,278,117,86,1006,1049,273,1372
518,454,485,496,128,153,240,669,29,645,992
519,345,749,303,314,305,483,191,1435,1072,113
520,1573,1602,314,1435,155,424,407,305,1066,97
521,301,345,302,1435,581,791,285,56,483,1015
522,285,318,512,706,288,212,1435,314,241,282
523,304,305,878,457,332,164,317,345,1100,749
524,271,315,417,322,21,82,268,43,173,337
525,315,99,271,268,223,339,133,951,136,82
526,269,824,1072,962,689,268,256,115,1659,107
527,1062,302,113,285,296,962,590,709,658,274
528,1573,287,878,1038,305,296,1602,1506,940,284
529,1573,271,332,287,894,241,320,270,1602,202
530,284,302,660,922,495,1435,696,56,344,356
531,1435,14,301,332,407,279,115,923,312,1659
532,1506,293,264,355,1602,723,1435,278,146,391
533,695,540,302,865,113,244,264,777,323,1358
534,314,653,496,168,1573,649,216,740,812,1021
535,244,1372,291,1573,44,739,1506,316,108,63
536,1133,409,473,196,256,204,920,184,191,318
537,284,315,56,922,99,1283,7,344,271,356
538,256,125,285,1454,301,657,203,296,303,403
539,1602,1573,878,894,327,8,346,1435,696,241
540,274,142,933,294,1050,296,337,543,173,965
541,513,1506,191,477,268,184,196,1602,60,126
542,284,344,128,1435,689,1010,346,660,99,1491
543,302,1435,113,285,65,660,273,191,146,777
544,241,306,1573,286,271,305,44,291,197,407
545,268,327,894,514,430,1013,300,464,407,306
546,478,602,1435,749,318,812,317,487,52,8
547,47,281,962,1372,302,312,885,1219,143,1045
548,315,44,885,291,47,962,1573,1372,264,176
549,268,326,67,287,202,1573,185,489,247,689
550,948,552,465,284,202,650,457,696,1535,190
551,1011,1435,339,183,314,407,254,581,91,345
552,268,921,954,653,58,522,151,492,256,1435
553,878,886,505,302,191,749,304,696,495,418
554,241,291,1083,356,708,274,18,56,222,323
555,1435,318,918,514,897,316,212,189,241,442
556,505,332,470,1602,595,281,484,1219,320,86
557,491,518,1016,343,918,777,572,517,936,90
558,249,407,115,287,239,208,641,572,333,777
559,199,407,314,610,254,172,67,1011,202,812
560,339,268,202,653,489,99,749,371,11,199
561,298,213,537,43,300,381,814,454,968,818
562,314,1011,332,305,688,610,1372,518,1435,183
563,303,291,1573,476,299,1602,1491,264,270,278
564,268,270,312,130,346,58,1602,1217,1100,954
565,660,344,1010,346,56,284,515,901,310,493
566,241,1202,13,304,318,988,630,159,362,88
567,918,22,653,136,513,59,261,127,12,342
568,812,244,647,693,189,639,735,261,602,326
569,345,171,178,193,285,291,287,173,813,90
570,494,261,43,285,708,291,125,296,1146,318
571,268,326,675,1460,1659,323,8,316,189,318
572,513,777,465,918,208,113,189,335,658,318
573,193,274,886,125,294,708,494,495,1659,637
574,241,271,324,342,305,886,708,18,1083,274
575,268,326,200,241,682,514,430,291,316,323
576,706,314,302,607,113,285,777,1435,272,688
577,299,312,321,894,327,303,1015,322,476,332
578,271,193,315,305,43,462,1136,935,21,123
579,156,843,192,317,202,507,302,252,140,21
580,962,496,1072,257,302,442,214,1435,192,47
581,305,241,271,306,602,407,480,314,1435,905
582,13,261,241,305,133,1435,339,250,11,59
583,191,312,185,171,473,269,113,962,300,257
584,594,280,878,470,750,299,284,454,496,1573
585,272,345,332,314,270,1435,308,777,179,321
586,345,305,193,936,271,178,462,1136,935,182
587,537,82,954,300,200,199,1013,1573,86,378
588,314,165,845,305,271,348,258,202,677,325
589,323,291,660,176,356,222,264,473,241,123
590,1435,688,314,514,127,407,44,442,1372,1573
591,151,346,196,130,179,516,339,1011,1435,204
592,305,1573,268,314,165,216,86,271,610,21
593,1435,1006,920,318,56,14,99,301,522,59
594,301,1435,496,791,284,1020,29,99,208,922
595,301,269,173,273,312,142,1659,209,203,115
596,285,314,305,606,296,212,518,97,1435,749
597,87,165,125,1018,940,745,955,1573,844,322
598,519,337,296,219,271,94,590,21,495,43
599,1018,169,305,165,216,726,1141,477,1038,1573
600,954,300,133,291,951,473,735,506,491,168
601,325,293,331,49,1506,881,315,165,264,146
602,1573,269,962,268,188,921,1015,689,168,279
603,300,312,254,268,269,115,610,658,1659,652
604,302,1435,777,285,660,113,156,56,518,323
605,305,314,1573,216,271,165,268,741,86,1011
606,1006,897,1435,115,318,777,461,660,212,918
607,202,1535,948,271,314,190,342,1435,22,457
608,284,483,306,279,115,671,1072,345,286,689
609,1013,301,292,261,537,241,653,150,920,602
610,1602,291,1573,270,514,1435,320,420,1216,479
611,291,627,241,296,1491,284,285,346,1573,1435
612,189,268,1506,215,497,1146,63,317,1435,1573
613,268,256,1460,442,689,745,513,962,588,1623
614,518,473,610,506,658,150,1435,125,300,196
615,115,279,1659,113,1573,180,124,962,303,312
616,46,115,239,701,513,208,58,31,275,506
617,302,332,317,312,345,191,641,113,192,301
618,302,225,240,922,281,192,590,251,505,962
619,878,191,240,192,302,208,1506,610,590,992
620,284,244,1008,202,546,483,519,706,113,647
621,284,291,241,271,306,56,222,290,627,315
622,505,611,312,309,311,1460,26,844,879,256
623,284,1573,188,1435,271,1491,696,497,291,128
624,244,189,18,288,477,433,63,936,1506,739
625,256,1435,339,312,318,268,56,202,303,8
626,241,291,661,514,285,1573,512,1435,271,272
627,1573,321,270,1602,303,327,878,894,741,117
628,301,791,315,106,312,1435,56,284,256,250
629,296,200,271,940,1573,314,795,750,325,1646
630,288,345,304,178,182,227,113,302,164,1602
631,325,879,315,293,1141,78,1506,1491,264,731
632,256,191,709,658,1072,259,192,113,302,1435
633,1435,843,192,302,179,346,21,1372,332,608
634,314,518,257,610,185,216,180,268,254,193
635,315,814,885,357,43,391,44,1573,2,219
636,287,249,291,300,115,296,1059,303,889,65
637,300,268,323,256,464,140,303,10,316,865
638,897,695,323,675,918,335,514,540,212,990
639,1435,496,1573,1506,962,188,1602,128,442,97
640,515,167,18,1141,473,1064,261,220,126,284
641,886,302,565,448,272,179,186,1372,95,321
642,150,305,301,130,250,424,172,1435,339,153
643,315,173,1573,95,284,271,331,325,171,165
644,962,496,284,168,99,1435,188,489,113,483
645,254,115,610,214,962,279,269,658,1372,407
646,1602,346,1435,302,1573,38,515,113,179,895
647,878,299,754,211,505,477,1100,1602,191,304
648,306,1573,894,321,1602,1011,332,241,345,8
649,261,241,920,56,511,123,247,291,306,18
650,13,305,133,291,250,324,11,271,749,26
651,332,241,271,284,1535,475,457,1435,274,552
652,323,268,47,256,346,12,222,186,341,865
653,314,271,301,284,480,483,173,286,285,296
654,506,992,208,320,130,150,200,1216,615,310
655,268,491,339,1435,317,581,21,1011,743,312
656,256,312,268,1015,346,303,236,309,476,123
657,894,332,270,305,202,1573,1011,1602,236,271
658,268,322,1015,530,901,1011,256,1435,146,346
659,417,1217,305,301,256,268,309,233,193,285
660,1435,897,43,44,285,241,494,272,156,186
661,315,136,291,12,271,86,1573,99,1049,188
662,268,954,325,735,271,1573,86,291,287,133
663,918,442,1435,706,658,39,777,843,208,962
664,1460,168,954,298,1659,326,268,58,1623,245
665,305,638,327,304,303,258,1018,8,878,936
666,1435,513,962,113,442,47,184,99,588,918
667,291,271,1573,357,514,241,627,43,44,355
668,606,610,658,212,518,268,1435,318,254,215
669,332,302,202,10,328,113,312,553,47,115
670,332,288,886,601,274,302,241,541,894,296
671,274,296,1435,897,704,482,132,51,300,317
672,1573,1018,1602,270,305,304,638,287,754,303
673,268,202,47,1372,256,1435,247,315,1506,1646
674,1011,1013,581,332,1015,301,1435,183,161,179
675,879,128,147,120,349,818,885,188,331,814
676,326,430,299,268,291,1573,407,514,270,1491
677,123,128,879,291,99,663,250,58,530,1460
678,18,191,196,660,651,212,488,518,186,167
679,123,291,1141,49,506,310,150,881,477,176
680,318,512,212,282,261,693,1010,660,960,461
681,325,314,874,886,288,968,1141,2,280,320
682,305,13,303,122,1457,165,476,581,268,936
683,1435,113,287,222,180,140,285,777,44,458
684,325,264,18,543,881,176,1083,1506,108,193
685,268,1435,256,317,339,303,610,507,312,8
686,1573,168,1602,320,513,2,706,342,126,514
687,1506,1573,610,189,962,1435,1062,1602,1659,63
688,270,287,305,268,303,936,306,236,894,1217
689,122,696,346,324,931,305,886,1100,241,681
690,302,1435,179,1072,256,192,191,442,314,276
691,300,464,682,269,239,933,312,506,209,1646
692,409,1013,39,948,552,127,274,971,974,40
693,303,507,191,113,249,317,287,1038,178,126
694,18,268,261,1083,291,247,150,315,735,530
695,1136,268,261,9,193,491,123,675,735,708
696,346,302,879,113,660,284,275,264,181,1491
697,270,287,249,639,935,936,178,735,90,222
698,291,326,284,1573,663,627,514,315,271,290
699,287,185,610,254,269,249,172,209,180,175
700,241,1457,296,268,1083,305,346,11,250,165
701,269,300,281,325,312,257,173,551,1045,333
702,1435,1646,1506,407,610,113,208,658,704,202
703,241,306,886,127,274,318,696,920,708,1013
704,327,738,273,464,321,303,878,774,1217,844
705,1062,0,273,296,125,458,282,519,494,1506
706,241,324,12,1010,19,306,362,1044,243,1064
707,657,749,610,256,301,191,302,590,606,624
708,894,305,236,270,1573,95,1602,337,741,271
709,1457,305,122,196,250,58,579,165,310,126
710,318,13,261,512,1435,285,920,653,8,301
711,296,940,284,398,750,224,282,357,43,965
712,530,581,305,678,424,1435,293,131,268,1066
713,325,1573,284,1506,1602,113,95,878,78,331
714,518,777,186,191,723,1435,610,1506,179,196
715,250,123,58,743,312,476,128,879,346,26
716,86,1049,241,1372,603,1573,1011,127,886,685
717,325,886,284,315,1573,271,95,94,519,294
718,302,284,285,526,1141,886,945,134,495,156
719,675,491,300,514,13,252,894,288,716,317
720,269,301,310,657,325,418,172,881,844,611
721,302,886,1435,125,509,922,256,274,301,1372
722,433,256,180,193,303,191,936,113,185,222
723,21,762,325,47,312,723,317,885,277,879
724,47,252,312,21,491,474,277,293,1372,202
725,193,886,315,863,495,173,294,264,43,494
726,461,739,675,486,476,477,169,245,288,481
727,306,1573,270,291,241,321,332,407,854,402
728,332,117,534,894,321,1573,661,1219,470,575
729,511,530,1015,188,268,315,151,322,123,1064
730,878,288,505,327,240,613,117,649,470,513
731,331,193,171,132,482,264,1506,303,1435,49
732,343,261,100,517,572,13,291,305,518,1061
733,240,1062,505,212,590,750,922,418,302,992
734,323,342,132,156,1083,897,222,193,490,18
735,595,1602,491,186,895,346,317,302,320,631
736,588,1435,47,442,513,222,461,660,918,663
737,199,1141,333,470,332,315,704,1573,496,257
738,115,279,921,254,110,1659,242,962,1372,214
739,1062,282,750,1506,706,302,519,296,87,284
740,303,327,675,476,268,936,256,258,8,1217
741,1435,749,301,478,602,812,51,317,653,505
742,317,332,312,505,1435,894,465,302,507,495
743,1141,191,182,812,227,485,505,126,175,345
744,1049,343,127,653,812,920,921,261,1136,245
745,115,269,279,1024,301,44,407,777,286,657
746,660,483,323,113,56,1435,256,493,284,191
747,312,268,8,788,306,525,166,1659,99,177
748,284,241,750,282,1454,1062,285,274,480,310
749,21,270,236,337,814,626,935,1602,291,1573
750,291,506,150,530,18,261,323,44,1239,241
751,270,1011,1573,254,268,286,407,67,216,287
752,1435,791,442,256,843,146,962,530,192,608
753,303,256,1435,301,1217,606,285,191,296,132
754,21,86,1049,43,315,388,1372,885,337,44
755,323,186,256,47,1006,346,895,491,341,747
756,305,241,271,301,1573,1435,130,284,324,1602
757,496,689,881,1062,962,206,458,483,709,185
758,1573,1435,44,407,291,321,14,279,430,306
759,933,269,209,142,611,0,417,213,123,173
760,777,115,323,171,44,291,113,1006,176,264
761,268,339,346,1435,305,581,1011,59,901,179
762,314,653,689,921,659,822,749,305,740,268
763,610,657,185,312,256,1015,749,1072,921,269
764,288,485,918,960,304,135,318,693,512,477
765,12,22,241,342,86,495,474,47,942,696
766,1506,1062,1435,268,256,433,316,296,215,1573
767,291,1659,279,1435,249,301,303,142,994,146
768,1659,82,300,315,291,1573,299,173,142,312
769,291,241,342,86,315,12,271,306,1083,176
770,342,300,440,337,465,299,326,10,189,894
771,1372,86,1573,509,317,675,595,1435,1049,491
772,496,511,1064,1008,515,483,663,615,1021,612
773,191,302,345,483,256,314,518,285,1072,301
774,505,812,189,1573,749,257,126,288,1506,202
775,514,12,1573,291,320,1602,270,1016,155,420
776,268,256,327,1573,303,1015,1011,745,689,1506
777,639,284,244,1008,473,323,191,333,483,671
778,514,44,1646,1573,268,1506,1435,1372,316,296
779,302,225,264,113,962,540,543,115,595,303
780,130,692,324,241,557,312,26,633,150,274
781,465,326,166,299,753,962,942,8,225,481
782,303,696,122,278,346,321,878,1491,87,1457
783,315,256,1435,1646,268,173,417,301,1196,1506
784,323,191,47,302,777,156,171,204,113,256
785,241,1573,220,1602,514,305,18,491,41,675
786,191,1072,302,1141,879,543,135,108,264,211
787,87,486,1506,879,1047,461,135,662,509,1022
788,270,323,113,303,115,777,321,47,275,788
789,300,317,610,1506,739,518,21,268,723,924
790,270,324,754,287,1573,291,1602,477,286,305
791,268,172,202,315,168,325,489,185,99,1506
792,325,506,150,1602,735,1573,1506,954,130,176
793,270,291,306,1602,894,241,130,595,692,95
794,291,323,326,222,178,287,275,342,788,13
795,258,310,1015,165,1018,305,657,844,398,1454
796,191,1602,1506,308,1141,270,325,41,936,227
797,306,291,86,241,315,627,290,12,661,337
798,202,166,284,788,962,465,706,474,942,1435
799,1573,271,86,1049,514,63,519,495,661,291
800,312,21,315,271,236,173,1573,332,317,1506
801,254,312,610,1435,1573,301,1015,1011,407,962
802,241,1013,1011,301,314,581,901,920,184,605
803,256,268,689,247,222,1435,747,530,1573,323
804,130,59,324,346,275,241,498,901,284,99
805,97,314,305,1435,605,301,480,284,182,483
806,241,306,886,332,95,288,305,321,894,296
807,1506,1372,1573,113,881,962,689,511,483,256
808,315,271,44,301,306,173,1011,1435,284,56
809,1602,1573,291,595,86,151,954,491,1506,168
810,21,271,337,328,86,296,1573,202,1646,332
811,322,1015,1573,146,346,1491,270,1011,538,299
812,284,271,324,241,305,301,287,286,1535,345
813,302,191,113,1602,264,922,284,171,274,660
814,285,291,18,44,494,219,43,519,637,272
815,1602,1573,284,270,113,1506,1491,325,287,299
816,300,317,21,1435,610,10,1506,303,287,296
817,287,610,1435,113,175,301,191,172,407,605
818,241,346,13,1083,250,1457,222,18,123,291
819,344,132,284,1457,346,122,274,11,1491,250
820,285,241,1435,296,273,44,56,186,897,316
821,878,299,280,284,470,322,457,594,922,1573
822,284,496,1435,314,457,689,202,344,113,97
823,305,86,936,886,165,278,675,1136,1573,258
824,305,287,270,271,286,291,258,224,165,1573
825,113,1435,284,407,483,689,115,777,191,962
826,86,291,491,936,305,675,514,1573,271,268
827,305,258,424,530,216,403,581,1066,314,398
828,318,261,696,274,167,311,512,85,135,356
829,193,495,519,43,315,1659,285,331,482,284
830,1435,202,192,762,843,317,302,520,156,21
831,696,305,749,8,581,921,1015,509,1072,1011
832,284,344,413,457,202,515,342,465,324,190
833,317,495,193,1506,872,590,302,171,76,126
834,306,675,300,886,312,241,1659,26,1049,177
835,312,345,491,47,1435,171,113,252,180,55
836,433,193,125,1062,477,9,311,955,1072,659
837,241,18,1083,204,186,886,268,1646,95,762
838,345,191,301,483,269,175,657,182,308,1015
839,1435,301,653,339,250,603,496,791,380,97
840,191,1372,302,1072,777,143,47,1015,256,610
841,99,315,312,284,1435,250,301,0,172,106
842,115,777,483,323,191,256,113,635,180,47
843,271,241,285,284,708,261,923,43,1573,314
844,323,256,47,115,881,747,326,244,540,176
845,299,1460,476,113,1038,1659,326,962,303,249
846,216,1141,325,496,489,168,280,169,185,172
847,299,58,269,115,279,249,1460,878,1659,476
848,749,1573,296,299,505,68,696,301,1038,271
849,505,280,300,309,611,311,844,1038,749,193
850,1011,183,151,1573,424,1435,315,530,1015,1602
851,269,301,658,209,240,173,610,125,1506,153
852,284,282,299,128,310,475,113,1491,269,344
853,99,312,1020,473,301,557,788,343,275,920
854,511,47,491,115,113,222,41,1372,777,962
855,1573,1435,202,936,514,306,345,314,305,271
856,302,285,777,518,660,135,495,918,494,1435
857,1435,339,518,301,317,610,204,312,302,478
858,332,306,271,1011,241,86,894,1573,321,886
859,481,13,1659,275,51,178,303,326,198,222
860,921,693,1659,749,955,245,125,1072,920,188
861,1573,327,299,894,749,271,878,476,1659,1038
862,271,244,735,647,193,18,9,189,202,324
863,241,324,306,1573,936,305,696,271,1602,286
864,511,530,777,339,491,714,501,496,1009,191
865,241,285,305,886,18,318,288,581,518,1138
866,675,241,936,491,41,477,268,433,514,696
867,506,291,485,320,130,473,329,1602,595,877
868,312,151,1011,1015,270,1573,268,299,207,1602
869,300,897,675,317,464,1006,241,514,332,595
870,777,191,115,723,58,1602,113,491,511,1015
871,86,1049,954,337,484,748,322,281,470,1573
872,312,346,291,142,303,877,299,1491,341,264
873,473,135,318,191,485,302,693,126,167,113
874,339,301,1435,483,345,191,1020,791,312,493
875,518,191,610,113,1506,171,302,1435,175,180
876,1602,327,275,159,878,988,871,113,212,1435
877,191,302,18,660,47,156,323,520,518,204
878,268,1573,300,476,312,894,180,1506,185,303
879,306,241,318,1006,581,920,1435,332,13,631
880,1491,1573,1602,1506,731,346,457,325,78,878
881,191,483,310,480,314,1454,1018,750,97,256
882,1049,294,115,243,245,511,26,1573,151,291
883,285,1435,518,302,314,213,301,318,339,478
884,268,731,11,1491,215,1047,122,1038,954,325
885,325,881,968,150,1064,506,18,496,1506,735
886,777,65,302,1216,273,191,695,113,323,186
887,1435,962,113,1506,1573,1602,302,1372,115,312
888,675,1435,1006,581,518,777,13,509,491,256
889,13,1435,250,123,380,275,136,897,427,1006
890,315,291,1506,1573,199,133,300,814,954,1602
891,8,305,1573,241,1435,696,59,13,346,339
892,179,1602,241,208,513,515,1372,184,878,186
893,1602,8,1573,168,155,513,507,476,878,188
894,675,865,323,595,300,490,264,241,186,897
895,18,191,739,325,185,41,518,477,47,1506
896,305,610,58,1573,424,537,327,254,1217,738
897,572,113,480,518,777,345,314,1435,285,483
898,300,44,43,353,257,537,86,610,199,518
899,0,323,897,1283,99,128,506,1125,660,1239
900,398,310,278,886,264,165,125,486,844,418
901,287,202,271,11,1038,180,284,331,193,50
902,115,918,473,962,693,1435,135,777,658,920
903,301,923,332,14,312,1220,173,685,21,478
904,312,122,749,681,696,1100,126,11,132,303
905,303,1457,1435,113,132,346,897,660,222,275
906,1573,273,1372,296,1506,327,241,212,186,44
907,1062,125,1372,285,212,316,314,899,494,154
908,301,312,921,1659,505,309,58,418,749,26
909,312,268,921,505,256,1217,241,26,336,696
910,300,658,610,140,518,254,1435,606,777,10
911,948,552,682,241,268,274,122,200,11,954
912,18,491,735,639,1136,1064,306,812,193,305
913,1573,254,1011,271,67,349,315,357,216,825
914,241,346,291,897,56,661,132,356,264,13
915,8,339,1435,1602,653,305,304,97,126,182
916,291,326,498,115,1659,637,290,1049,1006,44
917,291,19,461,494,294,1049,899,310,957,243
918,115,279,284,407,962,113,306,1659,1435,52
919,312,1435,339,1015,254,173,99,610,301,345
920,224,16,296,287,285,1646,417,331,65,750
921,12,1573,514,291,1372,86,1602,885,661,252
922,191,113,1435,284,302,345,483,1506,1602,660
923,315,250,241,346,1083,762,204,131,56,106
924,256,284,344,689,552,56,1454,0,750,483
925,241,305,314,271,696,306,202,936,1573,480
926,268,954,299,325,168,1573,312,1506,1491,894
927,693,261,1008,962,1573,326,918,343,115,136
928,241,306,95,1573,332,1602,271,272,886,284
929,288,688,886,332,960,318,241,495,117,1138
930,696,332,241,886,650,274,1435,948,1535,465
931,310,250,58,881,311,1460,284,269,614,344
932,47,18,267,885,495,12,918,496,1064,19
933,1602,346,273,988,321,159,895,878,128,310
934,271,280,886,1573,305,94,519,337,278,173
935,424,150,268,200,1573,292,172,407,492,610
936,303,321,327,878,1454,1015,1435,113,346,115
937,268,315,1435,339,136,248,314,172,199,610
938,327,117,321,1573,878,738,303,296,940,1018
939,332,122,271,894,327,698,296,268,681,305
940,1435,610,1506,658,192,723,209,240,962,496
941,704,1602,1573,291,227,333,44,485,1506,814
942,306,244,894,12,86,954,95,1128,271,1573
