0,168,407,752,610,113,1141,49,479,356,656
1,482,317,829,99,962,655,1636,356,97,58
2,345,55,356,272,662,155,179,1239,1514,63
3,854,235,656,829,271,1649,1083,1342,11,113
4,300,343,854,168,241,301,257,282,108,171
5,640,752,602,1141,656,1136,605,614,482,479
6,854,275,1654,191,291,1112,961,640,1556,297
7,1654,829,49,312,962,11,155,63,482,126
8,1556,1649,7,961,284,752,155,829,662,5
9,605,829,1636,1649,482,1556,317,640,479,97
10,1649,1319,168,829,407,1083,458,854,482,317
11,829,317,63,97,962,482,1303,1649,312,752
12,1514,297,1112,1064,19,962,512,325,126,80
13,640,346,1556,168,301,250,961,1649,479,854
14,164,749,317,458,18,962,407,484,1649,172
15,186,602,614,97,173,175,182,126,1556,143
16,407,49,172,168,171,11,640,482,301,150
17,241,168,1649,854,482,749,1319,407,1083,284
18,407,168,1649,1556,284,752,961,610,962,482
19,829,1303,1619,1649,1216,752,605,1342,854,1174
20,640,480,1556,961,614,496,602,862,610,662
21,1556,301,1064,44,752,186,428,97,639,164
22,854,1136,962,301,172,112,1649,829,640,168
23,317,63,155,356,168,514,97,1649,407,1556
24,1342,829,1649,752,63,317,168,1136,1636,962
25,312,829,482,317,49,485,1649,602,962,640
26,155,1514,315,250,31,1636,829,862,314,655
27,829,189,301,250,271,312,729,317,514,182
28,312,829,271,315,482,317,485,1636,556,126
29,317,285,168,1649,485,407,312,271,514,356
30,752,653,58,1556,640,729,1202,651,126,208
31,829,1342,1654,155,1649,1112,854,962,556,1136
32,829,1654,11,1556,854,63,250,271,49,312
33,99,250,168,271,11,222,63,1649,49,189
34,312,829,21,271,95,63,485,317,327,299
35,479,49,173,63,168,1556,180,21,222,962
36,168,11,1556,134,63,356,149,319,55,479
37,142,415,377,277,485,605,495,1303,1502,829
38,1319,180,1136,49,172,829,171,458,301,282
39,829,1319,962,1303,482,1200,485,1636,605,19
40,752,1239,656,479,11,296,155,605,482,510
41,173,377,1556,1649,610,495,168,1642,297,961
42,63,752,729,1342,82,172,317,829,1136,193
43,49,829,11,301,271,656,510,250,482,962
44,63,126,407,356,155,168,317,11,49,1649
45,482,962,1636,19,1649,752,605,1319,245,115
46,241,962,482,1319,55,315,268,640,1136,317
47,602,656,510,829,11,482,271,512,312,123
48,19,427,1136,640,241,962,60,55,13,208
49,1136,55,155,812,639,200,961,1239,431,640
50,49,312,173,171,11,172,829,95,180,63
51,317,1136,752,962,97,1649,63,514,482,640
52,312,317,63,315,482,829,1649,1636,1654,271
53,326,829,155,55,1654,1636,777,315,97,1165
54,1556,301,186,829,126,181,640,888,1374,1202
55,829,21,605,326,49,173,97,1303,194,1556
56,315,314,312,271,317,285,63,168,113,1342
57,271,315,829,326,301,314,651,957,268,1293
58,97,55,829,962,155,58,99,19,275,1202
59,1649,1342,829,640,420,250,752,168,1556,482
60,168,317,63,407,1649,99,264,1342,312,829
61,49,1136,962,640,407,164,356,1556,1141,317
62,13,1136,1083,514,317,271,1654,656,485,498
63,172,257,49,268,317,271,11,155,407,63
64,63,1649,752,317,1636,1556,1342,482,168,662
65,829,312,317,63,189,97,729,1556,1654,11
66,1342,63,829,315,155,168,1649,1556,11,752
67,172,1136,407,164,241,168,640,208,49,356
68,284,407,155,752,1649,1556,640,126,1136,962
69,829,49,605,482,1556,752,1649,479,602,656
70,268,315,314,208,310,220,271,112,241,510
71,1636,317,315,1319,1200,556,1649,482,640,1083
72,752,407,640,155,1136,60,235,514,473,11
73,63,829,315,317,312,1654,155,962,271,1636
74,155,126,1064,640,11,235,1556,518,614,297
75,126,640,284,155,473,356,179,482,191,1020
76,44,752,1556,197,6,301,58,640,610,655
77,1136,485,495,142,317,274,173,1649,658,1556
78,752,407,640,655,957,605,168,113,602,1649
79,317,63,312,315,1636,356,482,271,11,314
80,317,315,63,829,97,21,312,305,314,1514
81,317,482,1649,49,407,198,168,173,63,356
82,312,1649,63,317,173,495,377,829,485,168
83,962,63,752,1136,49,1649,1556,482,829,97
84,656,752,482,602,962,605,1649,1636,655,1556
85,485,829,605,656,752,482,602,135,1556,1649
86,1342,173,829,63,257,168,1649,1556,312,264
87,752,1342,1649,1636,168,407,188,113,605,1556
88,752,610,168,113,114,605,1556,315,407,1636
89,656,829,1636,602,1083,58,482,605,655,581
90,21,482,173,829,49,301,317,143,479,749
91,640,962,1556,317,482,1649,97,829,99,168
92,829,113,168,82,1649,1342,312,1083,188,271
93,640,482,407,1083,1649,655,284,514,250,317
94,656,172,11,829,752,168,49,113,602,610
95,1239,50,1514,305,479,1636,168,314,1649,296
96,1556,1064,662,752,297,610,605,176,63,1514
97,1636,356,317,752,97,164,1136,465,478,513
98,155,49,182,63,11,168,88,113,1239,1072
99,168,305,113,407,315,204,1342,165,183,342
100,63,49,21,173,1556,1649,168,317,962,1342
101,1556,829,1649,752,1342,854,610,482,198,168
102,829,271,11,315,172,312,155,250,268,49
103,241,1319,317,18,268,21,485,356,749,164
104,829,49,1136,962,172,301,485,482,1649,1319
105,317,482,1136,485,63,640,1649,962,97,356
106,640,208,301,407,655,168,957,315,44,901
107,752,1136,656,640,155,235,482,605,1636,962
108,299,300,829,1654,49,312,227,173,777,82
109,829,1636,312,315,556,1303,1342,1319,317,1200
110,49,458,180,1083,301,314,749,1342,829,268
111,315,317,1649,1636,168,1038,63,957,484,485
112,829,482,198,656,312,250,602,605,512,1319
113,482,1141,49,512,656,198,1448,473,250,11
114,31,155,1514,178,126,640,179,99,862,198
115,1636,752,317,186,97,829,1556,729,962,485
116,155,63,1342,315,1514,314,168,49,11,962
117,155,640,301,1556,11,168,97,197,63,49
118,752,235,605,1636,1200,1158,1556,729,1136,1342
119,829,752,1342,58,729,656,97,962,271,63
120,285,13,962,49,482,317,68,510,169,271
121,1342,1636,1649,315,829,284,257,556,854,1112
122,191,653,473,241,284,343,498,602,126,752
123,301,342,189,250,326,168,640,1556,1203,155
124,829,173,180,49,1649,95,168,301,171,1556
125,85,962,606,274,510,479,482,1319,63,317
126,1556,297,359,1619,95,829,116,235,299,168
127,312,317,271,204,485,315,188,514,482,63
128,479,514,296,317,1083,356,482,204,305,862
129,829,605,312,556,485,495,97,1556,1654,179
130,482,407,1649,284,271,250,317,204,315,285
131,752,640,155,655,58,1636,605,55,656,1448
132,510,11,49,962,63,315,314,126,271,1342
133,312,829,1654,63,317,271,1303,11,1342,1649
134,829,482,1649,1636,317,605,1083,556,962,640
135,317,482,829,271,962,1649,63,11,312,656
136,1556,168,961,662,1342,272,297,610,63,359
137,829,58,97,312,155,182,317,729,63,1556
138,155,315,1239,55,314,11,63,271,1514,1636
139,1319,1649,315,482,1636,962,407,556,829,317
140,1342,829,309,315,420,281,267,63,245,312
141,250,482,479,605,305,655,640,862,301,317
142,829,312,1319,1654,640,1556,63,1303,250,1649
143,1649,482,829,317,479,198,495,173,605,1556
144,168,186,272,345,21,356,343,901,44,95
145,315,275,749,208,112,829,1200,317,99,257
146,1649,1083,1136,317,962,482,1636,854,274,458
147,300,1136,318,168,12,961,284,407,854,675
148,407,168,1136,752,1649,962,356,640,317,63
149,315,268,314,115,55,63,155,172,11,1136
150,510,241,482,962,749,317,271,208,220,656
151,407,168,317,1649,63,315,1636,305,482,113
152,315,345,155,55,339,275,1636,314,465,356
153,126,155,640,752,179,479,186,31,1556,482
154,315,317,482,407,63,356,962,268,314,1319
155,640,19,482,605,479,962,126,655,602,1448
156,285,1636,315,314,407,317,168,1514,1649,356
157,829,1319,482,315,962,241,510,186,1649,1636
158,407,80,63,315,1021,168,11,60,297,743
159,640,482,479,250,126,1514,1319,317,614,655
160,315,314,1636,115,285,60,1514,245,267,1342
161,315,829,312,63,1636,1654,271,1342,1649,314
162,829,317,312,49,63,1654,962,271,173,356
163,829,749,510,312,1649,1342,271,482,527,63
164,49,1649,962,482,172,63,11,168,829,407
165,829,312,1654,225,264,1619,749,1342,299,49
166,285,13,631,1112,777,235,1636,427,271,556
167,21,68,317,63,173,264,356,164,78,49
168,315,63,168,1342,314,317,113,752,21,1636
169,829,1342,854,1649,1319,749,1654,312,168,257
170,126,186,63,962,49,510,482,11,356,317
171,58,829,729,97,1200,189,235,518,182,1342
172,346,49,63,250,829,1654,1083,1239,155,1649
173,317,1200,427,1636,189,752,514,97,164,18
174,317,495,63,485,21,605,482,49,173,479
175,640,614,317,407,482,514,97,189,18,602
176,640,1556,614,479,11,407,482,49,602,605
177,829,49,312,21,173,317,63,485,495,172
178,155,829,777,178,200,6,257,729,287,854
179,752,610,1072,513,1342,58,235,1556,729,1165
180,829,285,1502,96,752,729,236,1636,58,97
181,482,49,829,485,1649,11,605,312,495,962
182,752,1556,610,862,1342,614,155,235,662,518
183,1136,640,752,482,241,962,605,485,1649,655
184,962,482,510,1636,1649,317,241,186,752,19
185,662,1649,317,961,168,68,346,21,862,1636
186,1136,962,49,172,317,63,356,482,171,55
187,752,1136,1636,1649,605,1342,729,829,63,235
188,1136,605,284,130,498,752,131,179,640,482
189,49,829,63,21,173,11,312,301,180,962
190,63,1636,317,1649,1654,356,962,314,1239,315
191,55,1136,1556,729,155,97,640,10,356,168
192,1636,1649,662,407,317,961,482,132,1642,168
193,356,317,63,962,482,11,126,49,640,407
194,317,482,312,63,1649,356,479,1636,829,1654
195,752,605,862,602,1636,317,640,480,614,177
196,173,479,495,317,602,482,485,1649,1556,1642
197,962,510,49,301,186,126,241,752,55,482
198,55,155,315,275,1514,855,962,314,12,261
199,829,1654,854,49,1649,1556,312,962,173,1342
200,640,485,498,142,614,829,130,487,191,184
201,829,510,301,49,326,340,1319,603,180,1590
202,1136,688,172,829,854,1216,274,49,1303,458
203,640,1136,513,189,514,164,752,407,168,356
204,962,49,1136,180,1649,482,458,752,171,1342
205,126,11,49,312,271,270,829,155,1126,55
206,1319,1636,485,1642,605,484,752,317,482,556
207,317,63,752,169,356,1636,407,962,1649,126
208,640,605,479,49,1556,482,126,602,1064,171
209,1649,829,168,482,407,1556,962,317,1342,284
210,7,312,1011,415,829,485,1642,484,556,1319
211,829,1649,1342,1319,482,581,420,312,458,1200
212,1556,640,829,1064,962,752,1649,97,605,1319
213,752,640,1556,155,729,58,235,1136,610,97
214,49,11,962,829,482,656,63,1654,752,250
215,155,11,126,312,63,315,271,97,317,514
216,315,1636,327,317,314,1200,305,18,689,288
217,317,1200,58,1636,189,315,63,99,271,11
218,656,208,58,512,602,11,123,515,60,752
219,63,11,829,962,315,729,312,271,49,97
220,305,315,339,168,314,1239,113,514,901,356
221,21,729,63,749,55,315,317,97,271,962
222,312,485,317,142,484,1319,735,495,14,63
223,299,317,312,829,21,1502,63,495,264,173
224,752,126,186,49,962,356,1556,479,63,610
225,168,1649,1342,1083,829,188,250,113,63,407
226,1136,19,1636,640,962,605,1083,752,1448,274
227,485,829,142,482,317,631,271,484,312,581
228,282,1203,274,888,854,1136,752,1174,485,212
229,1649,662,168,317,961,407,1232,1342,420,1136
230,829,1136,1342,729,962,854,1654,1303,1556,752
231,407,168,1649,1556,640,610,752,284,862,655
232,1319,315,1636,829,556,1649,962,267,317,482
233,752,610,513,862,655,602,1556,1448,605,58
234,752,962,1636,186,356,610,126,47,1649,510
235,19,1636,962,520,85,314,886,482,1200,315
236,407,482,1649,640,168,317,99,512,602,479
237,312,271,63,1654,315,1342,1636,11,829,317
238,323,812,524,92,485,656,894,605,135,640
239,315,729,829,268,55,271,257,155,58,510
240,315,317,312,271,63,314,268,829,1636,556
241,1319,1649,407,458,1136,485,168,484,142,1303
242,407,1649,168,317,482,1342,60,169,1319,458
243,1136,288,318,261,752,267,407,12,962,268
244,1342,829,235,752,775,1619,1303,359,1556,1165
245,301,640,189,165,208,168,854,407,172,614
246,482,829,962,1649,317,752,63,704,407,485
247,11,614,155,63,172,514,182,159,465,356
248,315,55,752,1636,314,1136,155,317,514,268
249,962,19,1654,1136,829,55,640,482,1112,854
250,317,640,1556,63,173,97,356,1649,479,482
251,317,63,312,315,514,356,271,482,97,829
252,829,485,495,656,482,605,602,49,312,1649
253,829,312,198,173,495,63,49,120,1619,1342
254,317,312,356,514,63,275,204,271,11,172
255,1649,1319,1556,829,168,1200,605,482,1303,407
256,250,640,1083,605,482,1448,829,1649,189,514
257,829,1649,312,1654,735,482,1083,250,377,495
258,829,605,640,482,1556,602,485,479,556,614
259,1200,1303,327,829,21,97,1556,479,63,143
260,1636,829,605,1303,315,326,479,1239,114,1649
261,1136,829,485,640,1319,605,1649,482,752,962
262,602,482,656,317,198,610,512,123,495,485
263,1556,407,640,301,168,485,602,482,1319,479
264,312,315,829,271,155,556,116,95,63,1636
265,482,479,605,317,356,752,656,63,514,640
266,126,155,11,752,63,55,482,640,962,1556
267,829,640,155,11,301,482,602,1556,126,49
268,640,19,655,13,1202,31,1514,605,752,126
269,1136,640,317,97,1636,605,189,1649,1303,962
270,962,317,356,21,164,186,510,63,752,49
271,407,63,479,640,11,752,356,482,317,126
272,962,49,301,482,241,510,180,171,1136,1649
273,63,49,962,317,271,312,11,1654,510,356
274,63,829,49,312,1556,11,1654,1342,479,1649
275,640,482,1556,479,602,829,11,614,514,605
276,317,168,514,1649,1636,1136,1083,189,458,407
277,829,312,317,485,482,605,271,63,514,1319
278,257,159,854,475,287,359,515,259,561,1021
279,268,212,282,168,633,407,484,343,241,113
280,314,829,315,327,21,326,1636,271,689,510
281,126,186,829,49,55,962,155,1556,181,482
282,752,605,482,479,962,640,63,49,11,1136
283,155,1514,752,1342,1636,640,1556,315,168,1649
284,168,172,829,317,11,63,485,729,312,95
285,606,752,605,656,274,812,92,1136,693,747
286,155,168,113,315,63,514,204,1636,610,862
287,126,356,317,186,63,407,191,55,962,156
288,829,168,315,312,1319,330,95,1556,204,317
289,829,49,312,1319,172,180,1342,63,21,1649
290,317,514,1083,312,250,63,640,271,482,1654
291,829,640,97,126,55,482,11,962,155,317
292,640,482,602,126,862,655,614,605,58,479
293,49,829,11,312,63,271,171,155,482,172
294,1649,1636,1342,752,420,1136,458,962,168,407
295,829,58,56,97,99,729,518,189,1165,655
296,1083,514,285,271,829,317,250,482,656,605
297,1649,482,198,1556,407,63,312,479,829,168
298,1136,752,1556,168,155,640,1649,407,235,616
299,1636,1136,317,1083,1654,1649,82,188,735,458
300,1319,173,49,168,479,829,180,186,312,95
301,155,829,729,55,1636,315,271,1239,112,588
302,317,356,482,126,514,640,485,204,614,63
303,829,173,312,63,1303,143,21,97,49,1556
304,407,482,305,1649,168,957,1319,268,602,512
305,407,164,317,356,168,752,169,1136,1649,513
306,172,752,301,407,49,168,1556,1342,257,167
307,1556,640,155,752,1136,55,235,829,1636,315
308,829,1342,1636,1649,317,315,1319,1556,264,854
309,317,1649,482,1083,356,479,514,1636,63,407
310,63,1136,49,752,1654,155,829,312,729,235
311,133,1083,482,1203,284,1649,479,5,605,655
312,479,482,198,184,640,1649,512,99,1141,49
313,1319,312,556,829,315,1303,1642,485,1636,236
314,267,245,752,962,482,640,58,655,1136,605
315,1636,315,1200,18,689,314,288,752,305,267
316,49,301,180,171,829,172,11,173,168,257
317,485,829,1636,556,315,271,285,752,312,317
318,829,63,312,11,1342,271,656,729,317,1649
319,49,155,63,1556,1342,171,11,829,173,752
320,829,1649,482,640,1083,1556,854,133,655,605
321,829,962,58,482,126,640,97,186,1202,655
322,11,126,482,63,49,640,962,317,479,356
323,155,63,1136,1342,315,829,752,11,172,1239
324,19,512,482,962,640,1141,13,655,250,284
325,688,189,829,250,299,581,303,301,726,854
326,640,605,485,602,482,752,126,1136,1556,479
327,317,1342,829,99,749,63,58,1200,1649,962
328,829,482,317,962,49,749,1649,1083,1654,271
329,1649,1636,1342,829,962,63,315,752,1136,317
330,315,245,1319,314,829,11,1514,482,126,250
331,829,1556,605,97,173,1303,49,63,312,752
332,1342,63,312,829,11,317,1649,1619,264,1654
333,752,605,655,640,602,862,44,58,482,479
334,315,314,155,1342,55,829,112,1514,168,99
335,168,113,183,1136,285,10,323,752,305,514
336,829,312,656,729,235,97,271,175,752,485
337,513,1649,407,168,655,19,1636,862,99,640
338,640,752,655,482,962,126,605,155,1636,133
339,312,485,317,94,142,7,168,173,495,63
340,829,189,1083,749,1649,317,962,482,299,250
341,640,1319,605,655,602,1636,556,29,482,487
342,1136,962,49,482,752,640,19,172,11,605
343,640,602,482,479,126,656,512,655,1556,11
344,317,514,482,63,640,356,11,602,407,614
345,186,126,312,198,204,315,47,750,173,63
346,55,186,343,345,10,21,179,95,155,173
347,829,1303,315,312,1342,1319,63,556,1649,1556
348,962,19,1083,1654,275,1649,1136,284,317,458
349,482,640,605,479,126,133,655,602,752,962
350,315,1636,1342,829,314,1319,1649,458,556,627
351,829,184,326,1654,97,312,749,962,21,173
352,271,315,312,317,829,285,482,1649,1636,957
353,1649,407,1083,854,168,655,133,1203,482,301
354,829,1649,1636,1319,556,1083,1136,605,485,1556
355,829,58,250,301,729,1293,155,271,189,854
356,63,829,312,317,1649,1319,1303,482,315,11
357,1636,513,752,640,1083,862,1448,407,19,855
358,168,49,1649,1342,829,63,407,1556,173,204
359,1636,99,482,1649,317,112,962,655,640,407
360,317,640,482,752,1136,407,356,602,962,1649
361,829,854,301,1083,49,250,1654,346,312,275
362,11,1021,407,172,63,465,656,168,614,356
363,312,829,485,1083,317,482,271,1649,605,1303
364,155,55,752,729,58,1636,97,829,605,235
365,829,1556,49,173,301,168,95,182,346,171
366,155,55,168,1556,1239,49,63,640,1136,315
367,407,168,63,1556,172,11,297,315,49,149
368,63,829,11,49,752,155,312,315,962,97
369,241,220,301,482,18,602,165,317,208,1319
370,829,317,21,1636,315,1319,63,1649,1514,97
371,1303,1636,317,97,829,605,63,1200,315,10
372,1136,172,752,729,323,274,168,605,49,63
373,299,659,300,1165,21,270,210,510,749,560
374,173,49,829,1556,1649,482,479,171,495,485
375,317,1136,97,962,189,482,729,63,656,640
376,49,11,63,1556,485,752,171,172,656,173
377,1649,482,317,829,962,1319,1636,407,485,168
378,126,482,317,962,241,829,485,356,284,510
379,482,1649,11,1654,1083,854,656,829,640,250
380,284,285,1649,1083,133,407,168,528,605,1136
381,235,752,640,1636,605,693,1200,29,1448,662
382,1636,752,126,482,479,186,356,605,407,510
383,829,49,962,63,1319,21,1649,173,482,1342
384,961,241,888,407,133,640,653,633,284,850
385,189,11,250,829,155,63,640,97,182,1556
386,155,640,346,250,178,301,99,31,473,182
387,829,173,1556,95,1649,21,1319,49,269,168
388,640,829,605,482,133,1556,250,1448,655,602
389,343,168,1649,749,510,256,132,113,407,7
390,752,126,186,1636,962,653,510,407,356,482
391,317,482,962,241,426,1649,1319,356,479,485
392,752,829,1342,1303,605,315,1556,1319,1636,1649
393,752,1556,49,962,173,1136,97,605,21,63
394,49,1649,482,829,962,301,171,168,180,407
395,829,1556,1342,610,752,1636,198,1649,556,1165
396,407,640,49,1556,482,168,614,284,126,317
397,317,962,482,510,21,495,485,241,49,186
398,1636,605,752,829,1200,1649,1136,1083,1303,1319
399,829,312,271,1654,315,556,155,49,1319,1342
400,317,829,56,1200,688,97,923,189,495,58
401,317,482,1649,485,602,63,356,312,479,605
402,189,829,97,729,1200,1303,327,63,1342,752
403,11,1619,312,1342,829,63,747,656,172,752
404,344,150,1064,143,874,291,130,1052,49,962
405,829,777,271,1654,854,312,300,155,250,1083
406,829,482,11,250,640,49,1649,962,63,1556
407,115,752,49,1136,171,605,172,962,268,1239
408,189,250,514,1083,1448,1141,99,49,50,479
409,312,271,829,485,315,1319,556,1654,317,82
410,1649,168,407,1319,1136,172,962,49,482,63
411,241,317,301,829,168,356,482,165,49,485
412,962,317,482,49,1136,495,485,63,656,97
413,97,1136,729,829,317,962,640,752,1556,55
414,49,301,610,752,44,1141,171,296,510,479
415,752,317,97,1649,605,189,168,602,63,1136
416,752,1136,729,172,97,63,235,829,1556,962
417,155,271,315,829,312,287,172,82,777,257
418,656,602,482,752,605,479,485,606,11,495
419,19,1636,752,962,482,605,655,640,427,58
420,299,182,829,99,198,588,518,194,176,184
421,155,1136,829,97,55,235,729,752,777,962
422,962,482,829,1649,317,1342,407,752,63,510
423,1636,1514,752,605,19,250,862,1083,1649,1342
424,155,55,1239,49,674,134,1556,31,181,171
425,862,482,1448,610,602,479,655,1649,605,1557
426,1319,829,1636,556,485,605,587,482,340,274
427,829,21,49,326,962,63,274,173,312,180
428,317,356,63,305,482,479,49,407,1239,514
429,317,482,21,829,186,602,485,650,1200,426
430,829,1342,49,1649,168,63,11,510,482,198
431,315,63,829,317,314,1636,312,1649,556,1342
432,962,482,49,752,1136,317,510,407,656,63
433,236,277,142,1642,485,1303,415,567,312,377
434,315,155,305,63,11,314,168,197,514,752
435,315,829,267,1342,1636,245,63,155,314,1303
436,482,962,1319,485,640,19,131,1649,602,854
437,829,257,312,186,962,510,495,729,1165,21
438,485,1649,829,1136,317,482,605,1083,495,1319
439,301,49,172,180,656,171,510,11,268,165
440,168,1649,407,63,1342,49,752,482,829,317
441,55,1136,729,752,172,49,962,97,186,63
442,49,271,312,50,829,1239,299,1654,1083,63
443,301,901,317,168,49,479,99,250,482,204
444,356,241,317,164,1590,479,426,18,186,212
445,63,962,317,49,168,356,21,407,1342,164
446,1556,829,301,1514,962,49,1649,1165,168,640
447,49,431,1136,171,172,173,428,962,658,131
448,1136,962,19,55,752,318,155,640,12,855
449,1649,168,1556,752,317,1636,829,63,1342,407
450,312,270,777,829,299,271,1654,287,1456,332
451,327,610,829,299,189,656,250,862,605,58
452,155,49,63,315,55,317,11,356,901,312
453,829,1319,312,482,485,315,317,556,204,330
454,829,1556,482,1649,1636,605,752,655,479,198
455,640,155,191,356,126,55,317,275,1136,614
456,829,482,1556,962,1649,97,752,317,49,602
457,407,168,640,633,356,479,241,1590,164,606
458,829,1319,312,315,482,752,556,135,186,957
459,19,99,1636,655,855,58,482,1514,640,317
460,1636,155,285,99,1514,855,1342,317,588,862
461,829,257,82,729,485,172,688,317,21,312
462,186,21,47,356,510,44,522,126,479,513
463,752,1636,315,63,317,962,482,656,11,235
464,752,1342,1649,829,1136,482,962,168,1636,11
465,155,204,99,312,49,275,11,901,271,301
466,605,482,126,479,11,602,640,250,204,186
467,962,482,317,1649,640,407,1136,63,49,1556
468,482,656,317,1649,602,1083,485,605,962,829
469,356,317,63,55,21,312,962,1654,1239,271
470,168,1342,407,1649,325,899,1556,195,420,1619
471,1342,829,315,63,155,250,1636,297,1649,1556
472,407,317,168,356,63,752,482,305,1649,514
473,317,126,186,356,482,63,312,829,99,271
474,55,901,97,356,474,640,1514,18,962,317
475,168,204,63,317,356,113,407,173,514,49
476,1649,752,168,407,1556,1136,63,1342,317,482
477,312,271,485,191,126,55,317,656,13,11
478,301,407,1556,168,208,602,44,49,58,164
479,752,168,610,407,602,317,1649,514,164,482
480,829,1165,752,962,1342,1636,729,1556,854,1649
481,829,482,1649,1636,312,63,962,1342,198,1319
482,49,729,1136,173,1556,301,962,171,829,21
483,829,49,962,482,173,63,510,1649,312,21
484,829,186,482,1319,301,602,241,485,888,655
485,58,640,182,602,656,191,1556,235,1448,480
486,186,126,479,198,312,602,182,829,181,656
487,312,829,63,11,49,1342,495,198,482,173
488,343,1556,465,829,168,155,961,95,116,359
489,49,901,155,41,11,301,474,55,171,268
490,168,113,315,1636,407,314,1342,1649,99,957
491,315,314,126,271,268,11,482,312,957,1514
492,168,301,407,1556,829,1319,1649,173,317,899
493,312,829,1654,143,317,63,49,173,11,97
494,651,752,114,326,747,978,315,429,298,44
495,339,901,241,1136,282,346,1083,46,1203,301
496,315,314,115,962,1239,49,63,1342,55,1514
497,640,752,407,1556,235,80,614,1158,602,155
498,305,407,314,168,113,315,115,1649,482,317
499,752,640,1556,58,1342,235,155,855,1514,491
500,1556,640,155,168,55,1136,752,1649,1636,1239
501,829,1319,556,315,250,330,1303,312,1200,287
502,829,326,749,241,1319,301,250,1083,304,854
503,829,1556,1342,1649,854,1636,1319,1200,325,168
504,829,312,485,317,495,1319,1303,1083,142,482
505,312,829,173,495,126,198,186,49,63,482
506,829,605,1319,1556,479,1303,1649,326,1636,482
507,407,640,602,482,752,284,479,605,656,1649
508,49,301,171,829,172,485,173,180,95,729
509,829,1342,312,63,1200,317,189,1649,729,11
510,271,11,312,63,155,656,1654,235,962,126
511,317,63,356,21,97,168,962,752,479,514
512,829,1654,312,63,1342,1649,49,173,1556,271
513,829,168,1649,172,1342,1136,1556,49,752,63
514,1319,829,556,640,315,297,1514,312,250,1636
515,1649,168,407,317,962,829,854,1342,49,458
516,854,301,1556,431,346,640,961,88,674,693
517,1342,63,315,1165,257,1636,1072,752,962,729
518,49,749,180,962,185,241,301,171,173,510
519,317,962,482,749,829,1649,21,63,458,1319
520,315,155,829,49,1342,63,314,11,55,962
521,640,126,155,482,962,11,55,1514,752,655
522,1649,482,1319,829,485,1636,317,605,1083,962
523,326,829,315,58,627,1636,1202,314,267,99
524,317,829,63,485,312,1654,1319,482,640,1649
525,285,1136,317,962,284,1649,1083,482,514,19
526,186,44,479,133,655,326,47,301,605,640
527,182,49,299,189,11,829,63,175,221,173
528,829,1342,752,315,312,1636,1556,63,235,556
529,752,605,829,656,1636,317,729,97,602,63
530,1342,168,407,63,1649,1514,11,99,113,155
531,829,63,173,317,1556,97,1649,49,312,168
532,1649,1654,829,962,495,63,482,173,317,49
533,315,1342,155,297,11,235,113,60,306,63
534,1649,752,1319,829,1136,854,1636,962,605,1556
535,172,1136,49,168,63,1649,171,485,407,752
536,241,191,640,275,99,482,317,356,962,55
537,186,126,656,479,1141,602,482,605,495,356
538,752,1649,169,962,317,407,1636,164,168,513
539,752,640,1556,155,605,1649,63,482,829,97
540,854,1556,829,301,428,343,484,485,168,173
541,640,317,1649,829,482,407,168,1556,614,602
542,752,605,1556,829,1636,1649,482,640,962,655
543,63,1556,479,317,11,482,602,356,312,829
544,752,1342,168,49,1649,63,1556,172,180,829
545,1556,1165,326,639,729,1136,55,300,10,752
546,317,829,63,97,962,1636,1654,312,1200,729
547,1556,182,168,829,301,198,95,610,194,173
548,312,829,271,63,11,49,482,317,173,485
549,11,829,49,301,63,312,1342,315,172,185
550,312,271,270,175,829,11,777,155,182,729
551,752,315,1342,1636,63,829,11,1649,155,314
552,752,1136,605,97,962,1636,640,656,482,514
553,312,829,495,317,63,482,485,1654,173,198
554,285,752,1636,1649,315,556,63,267,1342,829
555,126,97,356,479,482,186,640,605,829,656
556,752,19,427,605,862,1636,250,1448,482,189
557,962,482,640,19,1514,1649,317,250,49,655
558,159,1514,272,315,862,1200,491,614,829,581
559,829,250,58,155,962,482,301,49,640,97
560,640,862,752,1448,610,655,605,1556,58,99
561,829,377,312,495,485,735,605,142,1303,656
562,829,485,317,173,21,495,63,312,1649,729
563,63,1342,1556,829,752,962,1649,21,317,168
564,168,155,315,1342,1636,1649,1556,113,1136,55
565,99,640,317,155,275,482,284,1636,1654,356
566,235,752,605,640,1158,199,681,921,656,693
567,605,305,640,479,752,614,606,656,85,18
568,317,356,63,482,962,186,752,1636,510,126
569,250,829,11,482,512,301,49,1083,640,1514
570,407,482,49,301,11,168,1649,172,640,962
571,752,653,1636,310,407,268,7,957,1342,60
572,962,752,1136,63,1636,640,482,97,317,55
573,208,829,581,58,602,482,186,957,1319,317
574,343,168,465,317,1038,1556,519,95,1642,356
575,1342,829,1636,1649,752,610,63,317,168,21
576,1649,752,168,1342,829,1556,605,407,1319,458
577,327,63,829,479,1556,21,1303,1342,1015,317
578,312,829,485,271,82,317,656,11,495,172
579,315,314,115,55,326,339,1239,49,180,1319
580,155,31,640,126,752,1514,1202,179,1020,655
581,155,49,752,11,55,640,1556,962,1239,126
582,640,482,655,602,605,829,752,126,58,133
583,829,312,155,271,11,49,1342,1556,63,175
584,605,606,752,862,610,602,479,656,487,1448
585,297,63,315,155,1514,1155,55,1239,312,1654
586,829,1083,556,271,1654,854,312,155,777,1112
587,297,188,777,1654,735,1021,1112,1136,1342,82
588,485,312,142,829,1319,495,587,484,0,1303
589,268,510,962,752,310,115,1136,482,60,49
590,640,605,1136,1083,482,317,1649,1636,514,752
591,155,126,317,514,55,356,11,640,312,482
592,829,58,729,315,271,97,257,312,752,175
593,317,271,482,1636,829,63,356,514,656,312
594,640,275,317,1136,962,356,130,482,191,407
595,829,312,63,315,482,1319,317,1649,271,11
596,1136,1556,49,63,55,346,168,962,97,173
597,829,854,257,312,49,1342,485,729,962,11
598,829,312,1303,317,1649,1636,605,299,63,1654
599,1636,752,862,610,99,655,1649,605,514,97
600,854,301,250,1083,19,49,284,521,1136,58
601,1319,482,829,1649,485,605,962,1556,479,640
602,1136,829,49,962,1083,854,605,1649,274,482
603,168,407,1649,1011,7,317,343,204,312,113
604,312,485,271,126,482,656,317,11,486,7
605,1136,829,962,63,49,1649,1654,317,97,1083
606,640,1636,1136,752,482,605,962,155,317,1649
607,1200,1636,317,315,154,345,605,199,97,1303
608,482,126,317,312,479,11,1319,962,735,426
609,317,482,602,640,479,605,426,356,862,514
610,275,1636,317,168,1649,315,514,1342,854,1083
611,605,829,1303,189,1200,317,97,1083,656,752
612,49,510,63,11,482,962,656,356,317,479
613,250,305,168,1083,1649,829,303,312,407,342
614,317,407,482,356,126,284,962,602,49,640
615,49,173,829,171,312,168,301,482,63,11
616,640,31,1499,184,512,633,1556,867,479,1642
617,97,233,518,317,479,1556,829,186,602,173
618,829,1642,495,312,485,173,143,1619,377,602
619,829,312,1654,556,735,631,188,777,1456,377
620,315,63,155,314,1342,168,11,49,55,407
621,49,168,11,172,514,155,171,407,356,640
622,49,173,495,21,482,317,962,485,510,164
623,317,482,829,640,63,1649,97,1556,514,602
624,752,1649,829,605,482,1556,1136,640,1636,962
625,271,285,829,250,312,482,656,1083,11,204
626,752,58,729,610,656,197,812,862,514,182
627,829,1319,1303,962,854,274,1654,458,1083,1649
628,312,829,317,1654,63,495,271,482,11,656
629,312,315,829,1303,63,1038,160,614,271,113
630,63,315,168,752,1342,21,49,1556,317,155
631,49,407,1649,485,482,829,168,317,172,173
632,168,1556,829,317,1649,173,1319,1642,63,479
633,155,63,55,315,11,312,126,1654,962,829
634,315,314,271,250,829,115,1636,1083,482,317
635,1342,829,155,11,63,235,962,1654,49,315
636,317,407,1232,1649,63,482,68,962,18,305
637,301,11,168,330,63,172,165,829,189,305
638,656,605,312,606,317,485,514,602,614,479
639,1649,407,168,829,1556,962,63,640,1319,317
640,640,1136,1083,854,605,1448,655,752,1556,284
641,256,1319,115,168,1649,989,407,315,268,458
642,829,11,640,155,126,482,1556,312,271,301
643,829,312,1319,1649,271,1654,482,315,556,485
644,640,407,482,655,602,614,752,605,862,514
645,829,312,1636,1200,1654,271,482,485,317,656
646,962,829,63,97,1136,55,155,49,752,1636
647,257,829,301,581,854,688,125,325,1556,172
648,407,168,1649,312,63,317,188,315,204,113
649,829,1649,605,482,1556,640,168,752,250,1083
650,241,602,514,343,301,482,317,204,168,165
651,829,189,58,1083,1342,250,729,854,1649,1200
652,11,204,63,312,271,155,198,49,1072,126
653,63,317,168,656,485,312,173,21,479,495
654,640,1636,1642,961,662,605,480,29,1319,31
655,479,640,356,407,49,1556,168,171,482,961
656,1636,605,752,317,315,530,1136,63,514,314
657,63,317,407,126,356,11,482,186,602,49
658,752,605,186,1636,126,479,114,482,1556,602
659,301,482,854,458,1083,1649,962,1203,829,1319
660,1136,49,485,171,173,317,658,172,356,168
661,640,605,482,479,862,655,602,19,1636,752
662,829,312,482,479,317,184,63,97,11,126
663,407,752,356,168,962,479,510,164,482,640
664,1136,752,605,1636,962,274,1649,729,1083,640
665,1636,155,315,655,640,1514,653,58,752,829
666,317,407,356,514,640,482,60,13,614,63
667,854,300,729,1342,829,1083,271,112,257,1136
668,285,482,123,512,752,656,13,19,198,610
669,829,495,485,482,49,656,135,131,603,510
670,1556,829,1319,325,297,1649,407,94,1642,173
671,854,729,235,1136,155,55,640,829,257,112
672,482,829,479,312,1649,962,11,49,317,63
673,315,312,314,63,1342,271,11,829,317,957
674,407,482,640,704,284,1649,49,22,1556,602
675,50,285,1649,204,168,49,862,317,482,1083
676,250,312,829,332,327,143,479,233,1514,297
677,312,829,271,204,11,315,99,250,317,155
678,49,250,271,829,11,1083,312,314,63,1239
679,1136,49,640,1649,407,962,482,171,168,1556
680,19,317,1083,1636,1649,1136,458,285,962,482
681,752,49,155,1136,267,962,171,1556,63,605
682,962,1136,19,241,482,426,510,317,640,605
683,312,63,317,68,1649,1654,482,49,271,407
684,1136,49,1556,640,168,485,407,171,301,172
685,752,1136,640,605,479,962,1556,656,602,356
686,829,962,312,482,63,317,1654,271,126,11
687,829,1319,312,482,485,495,962,63,1649,11
688,829,49,250,171,180,312,271,1239,270,95
689,312,829,126,485,556,186,287,155,271,181
690,49,171,482,495,962,829,173,479,485,131
691,312,317,63,1303,97,485,1654,614,829,640
692,752,1136,1636,605,315,155,55,556,317,962
693,829,1649,312,482,317,271,198,168,63,1654
694,168,315,407,901,1636,1556,513,212,1514,752
695,315,653,957,268,186,208,126,655,1636,314
696,1239,55,49,168,901,296,314,962,1514,63
697,172,188,485,49,312,171,323,271,11,168
698,854,1319,829,1649,1083,133,1636,1556,961,640
699,49,171,482,485,172,173,962,180,829,63
700,962,63,482,315,317,11,752,407,126,1649
701,285,193,7,169,610,656,752,1649,271,82
702,829,49,173,312,186,171,63,21,126,180
703,640,55,962,482,126,241,1136,854,485,829
704,299,1024,829,1619,1342,321,1649,1042,1303,458
705,63,11,317,962,172,407,1342,49,1556,168
706,267,288,420,245,1136,1083,1636,318,855,640
707,829,495,312,173,485,49,422,1319,21,317
708,315,312,155,829,556,63,186,126,204,41
709,640,605,479,752,482,602,862,1556,1448,614
710,1136,752,1083,285,514,317,605,169,427,13
711,829,688,1303,1619,1319,325,458,312,1654,1216
712,407,168,1556,962,112,284,1136,356,1649,640
713,49,829,63,11,270,155,1342,312,180,173
714,305,63,317,315,312,11,314,21,204,18
715,1649,317,285,482,1083,1636,605,962,485,752
716,317,1636,164,514,1649,99,168,356,407,513
717,829,1342,1654,299,1649,1636,82,63,312,729
718,317,356,164,97,514,465,602,752,601,169
719,655,482,510,752,962,512,133,186,126,1636
720,168,1649,407,188,1556,7,63,113,1342,173
721,482,317,829,312,63,962,126,426,602,271
722,49,829,168,1556,171,155,172,11,173,407
723,155,49,312,829,11,271,172,1654,171,55
724,1636,1083,315,829,1649,314,1319,962,482,458
725,485,1319,142,312,482,556,605,484,495,486
726,312,11,829,63,49,172,1319,315,482,317
727,829,63,317,49,1649,1342,168,482,962,11
728,1342,829,854,752,1636,1649,1083,729,458,235
729,312,11,271,126,482,315,957,123,829,656
730,317,164,18,21,97,161,195,426,962,752
731,829,312,485,271,482,317,1319,495,1083,1293
732,640,752,58,427,862,1200,655,19,605,513
733,485,132,587,484,495,1649,482,285,142,317
734,962,312,829,482,495,49,1654,63,126,317
735,55,1514,155,315,339,1636,1239,640,356,901
736,208,315,155,55,60,268,314,99,126,510
737,49,1556,171,173,168,610,63,752,407,479
738,299,327,21,1428,749,479,173,356,50,296
739,168,407,301,640,1649,49,482,605,1556,1083
740,317,407,479,356,514,168,602,640,482,164
741,962,482,485,317,829,752,1636,271,285,1136
742,752,1342,155,11,58,189,729,99,60,655
743,640,482,485,602,1136,962,829,97,317,605
744,1200,58,1342,829,752,1619,159,946,315,1062
745,312,49,173,171,63,485,11,317,829,204
746,1319,482,640,284,186,1649,133,126,479,241
747,11,63,49,482,829,962,1342,315,317,312
748,752,49,962,1556,829,173,1136,63,97,729
749,829,312,315,250,11,271,314,49,63,482
750,257,49,1136,300,171,284,962,168,1556,407
751,301,323,44,479,640,182,197,165,615,605
752,752,1319,407,486,1649,485,482,85,484,605
753,407,317,168,63,49,1649,172,312,11,482
754,1342,829,1649,168,7,198,312,482,113,610
755,1649,829,168,1556,1342,752,1083,1136,407,317
756,155,1556,829,63,49,11,168,1342,315,1649
757,407,752,11,614,640,172,602,63,656,168
758,312,829,173,21,95,49,299,63,495,1303
759,829,775,485,235,495,1654,752,131,312,777
760,270,21,143,63,327,312,49,173,829,97
761,1136,49,171,173,97,172,514,356,729,317
762,752,1136,610,605,1448,640,514,962,656,97
763,829,605,482,1649,1556,1303,317,495,485,97
764,640,752,1136,19,284,655,1636,498,196,1448
765,640,829,614,1649,407,1556,317,482,168,581
766,752,1649,605,1556,168,640,1136,407,610,482
767,829,656,193,602,198,610,271,58,485,527
768,317,1649,1636,482,285,752,407,169,1342,829
769,235,155,752,1636,829,1136,1654,777,1342,962
770,458,1319,1649,407,168,715,484,935,180,268
771,63,49,317,962,21,829,11,1342,482,173
772,752,407,640,1064,1556,610,80,602,614,486
773,155,49,126,1112,55,1654,191,178,1072,182
774,315,1636,99,829,271,314,55,155,588,655
775,168,407,315,1636,314,1649,356,113,305,1514
776,346,901,1136,168,180,49,171,1649,183,288
777,155,55,270,474,315,339,178,729,11,271
778,829,1319,1556,11,49,172,312,1649,485,63
779,68,49,749,173,1319,256,180,1649,21,587
780,479,610,640,605,602,482,1141,1556,862,133
781,58,854,829,19,1200,1202,250,1342,1165,235
782,155,640,55,250,1239,1636,1514,1202,479,222
783,829,854,1319,1649,482,301,1083,1342,168,315
784,49,172,63,168,11,171,514,317,155,173
785,752,656,729,193,610,829,602,97,495,63
786,829,1342,315,312,257,271,11,627,63,1319
787,1636,1342,315,829,58,99,1200,482,317,1649
788,640,1556,407,168,479,356,614,155,1514,602
789,1136,1556,63,640,97,829,1303,1654,729,155
790,829,301,1649,189,1083,482,962,752,605,1136
791,49,829,1556,171,1654,155,962,961,1649,1239
792,63,312,11,482,49,829,1654,297,479,605
793,640,407,482,602,479,752,605,655,1556,168
794,1556,407,168,640,301,1649,829,752,602,44
795,312,63,11,1619,829,21,752,650,495,186
796,168,49,407,172,180,173,171,1556,63,1649
797,1649,1216,1319,180,168,458,1619,1174,484,854
798,317,514,356,168,602,485,482,63,1649,407
799,63,317,752,168,1342,1649,1556,829,97,1636
800,829,312,271,175,729,155,1342,11,250,97
801,297,1556,168,614,63,829,11,1342,610,640
802,250,1083,655,640,855,482,301,241,315,829
803,168,1649,1342,407,1556,63,829,113,752,610
804,297,640,693,235,854,275,1448,184,346,491
805,407,1556,168,602,640,482,1649,317,356,653
806,1649,1303,962,63,479,1319,297,85,1654,482
807,63,962,317,482,479,97,11,356,49,189
808,11,250,962,271,49,63,656,482,189,155
809,168,1649,1342,63,49,407,1556,180,829,458
810,829,312,271,556,1083,1654,1649,250,485,1636
811,829,312,271,250,11,1654,1303,49,63,1456
812,829,326,1165,1556,186,315,729,176,58,1342
813,1556,829,729,640,1136,63,752,605,1649,1654
814,268,274,285,282,271,752,21,656,510,1136
815,312,297,63,829,1654,1319,49,1649,168,1303
816,186,63,126,356,479,312,602,317,11,522
817,186,126,829,315,204,301,326,1319,181,312
818,356,479,168,317,1136,514,63,752,1636,296
819,829,1083,250,275,301,317,189,640,854,1654
820,485,495,605,482,829,1649,317,1136,142,752
821,1649,407,1514,1636,168,1342,655,315,752,482
822,407,317,126,356,155,640,614,63,752,514
823,1319,1083,640,305,315,556,458,168,1649,407
824,829,312,198,299,1342,1649,250,610,327,120
825,63,1342,155,168,1556,11,97,189,1649,829
826,49,172,168,171,11,180,1649,829,1342,63
827,208,653,268,315,957,126,513,186,651,314
828,482,317,640,1649,356,962,514,168,1556,63
829,317,482,1649,63,312,189,303,11,749,962
830,49,317,63,482,173,171,312,204,1649,68
831,829,1342,168,1556,63,1649,155,315,312,1636
832,31,126,512,302,133,250,655,640,155,198
833,11,312,63,49,315,271,317,829,301,55
834,1136,1654,640,317,97,1649,829,505,605,662
835,126,512,656,356,407,602,482,1141,198,11
836,752,656,605,495,56,606,482,485,602,962
837,485,1136,172,829,268,482,317,556,1319,1649
838,11,656,250,271,13,312,512,482,297,1112
839,640,482,1649,317,479,602,184,250,1654,605
840,829,315,1200,271,1636,1342,314,482,458,317
841,49,155,1239,171,250,640,346,1514,180,55
842,829,326,250,1342,155,1514,1165,1556,854,49
843,317,962,1136,1649,482,63,1319,458,407,168
844,752,962,21,317,729,169,164,659,97,1636
845,407,168,312,315,204,829,317,1649,271,11
846,1136,257,172,729,301,854,282,688,274,428
847,168,305,407,113,315,285,188,314,1649,1342
848,829,315,312,1636,1649,1342,271,63,556,1319
849,1649,312,168,407,7,829,49,482,0,63
850,155,55,63,49,315,1239,1514,356,962,11
851,1556,829,11,1649,482,656,485,602,854,640
852,312,485,829,602,317,495,1642,482,484,479
853,752,605,1136,640,656,323,812,602,485,235
854,640,155,1556,829,49,168,301,172,1136,11
855,315,312,271,314,829,11,63,1636,556,1342
856,268,962,285,315,510,271,314,749,241,112
857,829,485,962,482,58,317,1136,729,271,498
858,346,189,275,1654,854,1083,250,829,777,640
859,829,962,482,58,1654,317,97,1649,19,495
860,1136,407,168,752,1649,164,458,605,305,1083
861,829,854,250,1342,1636,1649,315,482,271,1083
862,97,317,10,514,175,204,356,195,862,182
863,829,168,63,204,317,49,315,312,1649,173
864,305,407,208,268,60,18,901,168,172,301
865,407,168,1514,901,305,1649,1342,429,1319,315
866,752,605,479,44,168,640,610,1203,1136,1556
867,305,250,512,11,479,126,407,482,640,1514
868,155,31,179,752,126,812,640,610,528,862
869,829,485,602,343,301,1556,173,317,514,482
870,1556,49,173,194,95,171,180,301,829,168
871,312,829,1619,1654,775,271,1342,297,299,63
872,63,317,312,49,614,11,1654,829,1649,297
873,962,482,49,752,640,317,1136,407,63,11
874,640,482,829,250,301,655,133,602,479,11
875,482,317,11,63,271,1649,479,407,656,602
876,962,126,482,752,186,63,196,1636,510,11
877,407,1649,482,485,317,602,496,284,168,7
878,63,317,11,312,49,829,962,315,1342,482
879,640,482,479,1556,602,614,184,317,829,1649
880,168,343,1649,610,1556,113,407,165,479,189
881,1649,482,317,479,829,63,605,602,962,1319
882,1556,1514,752,1342,640,155,961,1202,829,854
883,407,208,752,653,60,58,957,655,640,602
884,312,317,485,63,1649,285,482,495,271,68
885,305,50,530,250,605,479,63,1239,49,11
886,936,308,312,85,297,1239,50,32,270,339
887,317,63,482,962,407,168,315,11,1649,97
888,155,315,11,829,1342,63,312,271,752,235
889,126,640,204,602,482,198,479,614,155,407
890,829,1200,317,58,97,1303,962,482,1319,63
891,155,312,126,63,11,829,482,198,317,271
892,63,317,312,21,356,173,168,49,315,1649
893,482,1636,640,655,605,829,752,962,126,602
894,962,63,482,49,752,1636,1239,315,1649,314
895,49,171,173,172,227,193,21,485,186,495
896,829,605,326,10,274,1556,97,1174,95,1303
897,1136,1319,115,605,962,752,829,640,556,1636
898,602,1200,829,482,1649,164,317,527,656,510
899,271,155,312,588,285,99,204,829,250,315
900,312,829,317,495,485,484,1649,63,1619,173
901,485,829,602,142,1556,605,484,317,343,495
902,640,126,55,482,297,479,155,11,63,614
903,752,829,1636,1649,605,415,485,285,142,317
904,317,829,168,1136,1649,49,63,482,1556,1083
905,315,1636,314,962,1514,1649,1342,112,63,168
906,605,1636,829,752,1200,1303,97,63,1649,315
907,829,1083,482,1654,485,605,962,640,250,854
908,168,1649,407,113,1636,317,482,1556,99,1083
909,97,356,317,656,602,605,729,514,752,498
910,752,300,1136,656,510,854,729,606,610,274
911,482,602,317,485,640,407,1649,656,605,426
912,356,164,208,1136,97,729,172,317,752,514
913,189,1200,97,729,184,235,465,640,1303,333
914,317,63,356,962,97,21,1514,514,168,49
915,962,1136,155,640,752,482,55,284,407,126
916,315,55,1636,268,1136,112,317,241,60,314
917,1083,90,1136,19,1448,189,1557,693,854,1649
918,485,317,829,1083,605,640,602,1649,482,514
919,155,829,640,312,11,1556,482,1654,250,126
920,1303,485,495,312,1502,142,1619,172,829,21
921,1136,752,172,49,300,171,168,180,1342,274
922,829,315,1556,1649,155,640,1514,1319,168,1342
923,829,605,482,485,752,602,135,1556,1649,495
924,829,95,485,282,729,274,82,173,1556,168
925,268,317,315,729,271,482,962,11,957,510
926,299,315,829,314,300,1342,271,312,537,82
927,1649,1636,962,1319,482,168,317,315,314,479
928,479,356,1141,126,656,317,962,482,752,862
929,315,749,275,112,1342,314,291,317,962,63
930,317,315,1636,1649,482,63,314,1083,829,1319
931,1448,56,1083,482,610,655,854,58,1649,640
932,126,99,63,1636,155,962,1514,58,482,512
933,752,1165,1556,1342,1136,155,1514,610,962,1636
934,312,829,1303,317,1654,63,21,485,495,271
935,640,605,1136,1556,614,602,1064,184,479,485
936,18,317,164,356,407,482,749,602,63,21
937,186,126,510,829,181,47,315,257,55,95
938,829,752,312,11,63,605,97,656,271,235
939,829,854,485,312,271,82,1319,317,749,510
940,11,312,63,482,49,317,271,407,829,1649
941,1649,1636,752,1556,961,168,962,662,829,482
942,11,315,287,312,330,829,159,155,257,271
