0,1064,177,510,407,88,653,257,47,49,610
1,291,169,886,301,47,317,962,312,195,482
2,454,168,407,188,182,178,175,525,812,319
3,1021,514,1064,812,1640,197,1635,1018,420,168
4,326,270,342,323,901,651,6,108,171,180
5,473,480,123,1020,407,497,518,524,656,602
6,125,1613,318,992,185,1092,1568,13,250,513
7,49,356,126,339,171,186,184,514,182,197
8,1021,199,287,150,1064,274,8,1640,895,302
9,1640,172,1668,189,602,1200,480,1620,1568,656
10,1640,1602,1129,282,274,899,1620,211,886,300
11,1602,1640,312,1129,300,301,1613,1568,1620,1339
12,245,256,281,355,133,662,346,468,270,429
13,431,704,433,614,747,250,1613,249,84,247
14,285,339,317,312,302,659,749,343,196,14
15,519,1200,481,525,356,1640,514,184,522,486
16,113,49,346,171,506,339,168,267,180,126
17,315,13,886,169,314,241,1129,275,310,851
18,320,123,631,511,132,427,1200,250,735,268
19,300,716,299,327,878,244,331,311,923,82
20,181,133,653,186,134,503,473,356,692,1202
21,181,249,186,134,227,55,49,191,267,95
22,123,427,250,433,172,407,918,247,473,11
23,301,268,339,317,271,11,63,1640,1620,126
24,300,1640,899,1613,312,49,515,1602,113,168
25,186,356,191,126,168,55,312,97,1640,407
26,47,282,315,314,300,299,1485,1556,310,899
27,301,312,168,269,257,610,345,155,126,95
28,113,47,133,482,168,1556,169,123,483,1640
29,514,356,97,407,168,126,197,312,1200,184
30,812,1064,237,136,126,1004,473,178,88,199
31,1640,1568,431,95,1556,245,1200,899,173,1339
32,1640,1620,1015,126,339,315,270,314,63,312
33,342,315,326,241,431,18,268,285,515,897
34,299,1200,409,317,271,244,1620,309,142,131
35,249,1640,9,200,1397,333,23,432,297,1613
36,270,454,1640,293,41,525,297,1446,188,171
37,260,142,303,308,254,415,1620,872,538,330
38,1640,281,275,301,431,63,271,317,256,257
39,1200,200,1640,1620,762,55,199,1083,1550,1568
40,407,113,6,172,168,167,88,901,178,198
41,132,315,173,495,171,1613,525,68,180,327
42,312,1602,285,1640,1620,689,21,168,241,317
43,1062,252,1613,326,647,660,1640,1573,901,198
44,1200,851,1556,245,1568,1640,55,526,315,41
45,285,1129,1620,315,314,1602,44,63,1640,8
46,268,11,339,49,171,514,188,180,113,168
47,431,704,133,429,1556,496,479,614,922,651
48,13,58,59,285,60,268,275,542,480,213
49,1064,261,41,199,339,288,91,762,843,514
50,172,21,171,49,204,11,180,173,143,312
51,317,1129,1602,11,1640,285,1620,1668,63,1613
52,312,301,271,317,222,1620,315,1200,97,297
53,476,314,315,323,108,248,41,271,938,474
54,143,21,172,202,68,175,186,227,430,88
55,287,1640,332,67,353,270,346,1015,49,1018
56,300,312,301,1640,962,899,24,47,291,169
57,113,200,16,9,249,709,108,183,474,95
58,851,257,55,245,511,237,281,52,126,149
59,1640,1129,1613,752,58,922,515,1602,1620,1668
60,299,312,21,1200,409,377,481,222,81,143
61,433,480,222,223,237,1141,131,542,123,54
62,1021,424,113,297,200,220,274,709,871,183
63,113,168,407,172,178,473,11,136,521,918
64,317,285,422,495,315,1620,196,1640,749,271
65,409,1200,320,299,41,7,514,1556,95,631
66,1640,1613,353,249,287,1620,1217,1200,432,1568
67,18,339,285,150,271,431,8,304,901,49
68,49,186,1021,245,126,274,962,177,171,510
69,11,204,612,1620,1200,10,173,1640,271,49
70,150,199,1064,8,895,191,275,222,196,921
71,333,303,1200,1339,752,275,706,1129,1640,1620
72,191,199,178,407,134,588,167,261,480,126
73,312,339,271,11,315,171,1620,514,180,63
74,49,247,720,180,301,506,171,54,99,901
75,245,302,267,133,649,653,56,1202,186,895
76,918,427,136,851,178,521,473,511,164,631
77,274,886,212,282,169,47,1568,258,609,844
78,172,407,1668,918,178,1550,511,473,113,151
79,10,126,514,1620,1200,97,1129,204,55,11
80,125,55,185,52,1640,333,275,143,186,1363
81,431,968,125,172,131,317,185,497,484,602
82,312,689,899,1640,1602,748,1620,201,120,1129
83,1129,1602,1620,317,1640,1613,315,282,1550,495
84,1640,513,1613,250,188,992,135,346,523,210
85,476,323,1200,515,96,315,938,294,301,9
86,1613,1640,185,173,68,288,1129,1568,171,125
87,9,1640,357,108,1613,349,921,306,1569,903
88,431,249,189,1640,704,125,88,662,172,432
89,268,132,168,407,188,514,486,658,473,418
90,312,257,339,221,741,314,1620,332,201,537
91,126,155,542,88,1129,851,55,511,11,179
92,476,315,312,271,301,1556,431,1620,95,142
93,473,407,136,480,284,653,851,123,126,178
94,431,315,18,312,342,271,317,305,428,301
95,345,268,301,294,168,188,293,149,346,41
96,287,257,270,1573,181,1640,182,639,269,218
97,13,275,886,130,131,123,735,315,431,309
98,11,41,332,171,709,10,49,180,194,326
99,180,171,49,271,312,747,315,317,209,63
100,312,1640,21,143,173,180,171,203,49,264
101,1640,1613,1129,1620,63,49,317,1573,1568,1556
102,172,82,709,1640,113,249,142,189,204,11
103,49,171,180,268,173,55,301,271,209,312
104,257,301,24,851,300,245,201,149,962,312
105,172,1640,1568,49,82,250,377,962,1668,188
106,285,18,268,241,339,302,305,115,314,8
107,268,188,261,343,113,407,169,506,241,136
108,312,269,1640,899,748,454,944,300,168,201
109,318,288,281,41,1640,761,753,236,275,1200
110,301,268,312,241,257,11,515,315,688,743
111,1620,844,1129,68,142,484,1339,271,189,1200
112,1640,300,349,899,90,922,515,297,333,1217
113,339,918,261,178,11,407,172,171,514,49
114,257,639,155,851,149,22,520,615,1064,126
115,68,126,202,267,55,143,173,21,301,291
116,1640,514,11,126,171,63,1573,168,345,182
117,1640,11,49,1573,407,1613,63,167,1620,88
118,1129,1640,1550,1620,1613,462,282,288,314,1568
119,268,285,317,271,312,315,1602,300,314,1620
120,268,339,407,11,99,356,271,153,168,315
121,282,250,47,247,871,123,300,245,424,1568
122,480,59,220,628,706,1020,211,130,886,58
123,155,345,301,41,1018,812,268,507,11,332
124,172,227,173,180,49,171,68,95,312,384
125,88,172,270,182,918,1635,221,175,1064,1018
126,326,221,1216,322,433,257,120,747,878,754
127,409,344,291,720,514,506,871,343,1457,41
128,339,99,465,268,220,407,301,178,356,184
129,287,1200,1640,332,219,199,96,1620,1397,41
130,315,268,317,715,427,301,99,13,275,241
131,275,55,474,431,301,99,345,921,22,222
132,245,1485,851,237,47,1556,282,1568,1339,257
133,1640,49,1613,180,173,171,194,185,747,325
134,301,312,315,317,47,126,886,1620,97,99
135,13,1129,1613,189,317,482,647,514,542,63
136,1640,270,454,678,299,297,1613,1568,108,1556
137,1613,1640,1129,88,126,514,125,1573,11,1568
138,261,339,514,49,199,126,1064,8,901,150
139,514,407,204,126,656,482,317,97,1640,1620
140,430,312,577,147,143,923,325,268,324,745
141,268,301,431,294,96,22,24,99,153,245
142,1640,312,301,270,899,269,95,1620,256,938
143,495,68,193,131,1568,173,49,480,497,844
144,339,261,514,178,182,126,356,314,323,197
145,1064,287,41,55,749,297,54,10,237,272
146,274,1620,1136,206,220,314,1083,305,1200,886
147,261,49,646,171,901,660,1202,346,198,429
148,261,318,172,188,268,407,126,58,49,204
149,1064,287,204,274,958,304,1640,41,186,150
150,18,305,480,123,115,844,211,314,220,131
151,1640,1613,1568,325,125,185,992,318,1602,264
152,332,1200,1339,511,128,96,1660,520,627,222
153,55,191,134,126,186,199,88,179,468,189
154,268,407,168,285,11,514,172,312,962,812
155,177,196,473,653,640,481,516,284,704,126
156,126,525,198,165,168,135,188,164,252,136
157,1129,851,1613,11,462,314,315,1602,521,63
158,345,525,188,299,55,125,301,317,750,936
159,55,237,126,179,155,851,297,41,692,291
160,323,476,275,315,474,314,318,301,681,324
161,332,41,1640,271,1200,63,49,257,11,1620
162,312,301,271,317,180,268,650,96,356,315
163,301,312,257,515,407,1129,21,124,327,747
164,268,312,180,271,11,301,49,168,317,171
165,120,299,1640,312,1556,81,331,221,1635,684
166,282,462,581,123,844,131,47,1568,250,851
167,481,525,49,173,1062,132,650,171,196,135
168,172,1640,1602,317,1613,312,49,82,407,168
169,125,1640,1129,312,301,21,297,1620,1200,143
170,851,126,301,407,136,427,99,11,515,168
171,1129,1613,462,201,1640,511,269,227,496,176
172,1620,1640,514,314,315,11,1200,312,1129,271
173,285,241,275,431,689,1129,301,18,1602,886
174,285,288,422,219,204,1620,96,1640,142,271
175,886,851,220,291,115,47,1008,237,113,424
176,55,474,191,345,275,431,126,301,268,407
177,49,172,1640,173,180,21,312,171,1568,68
178,476,894,271,688,287,314,681,923,332,41
179,457,297,291,301,1485,272,688,222,159,247
180,68,312,95,567,117,203,281,201,173,143
181,188,49,1640,1613,514,268,606,418,317,407
182,879,1550,511,1339,844,656,47,131,123,497
183,136,1136,302,284,482,473,8,407,514,480
184,123,735,47,658,132,631,250,510,169,151
185,1129,689,277,677,1027,327,1640,863,1602,315
186,268,407,172,317,168,301,113,343,285,506
187,125,1613,1640,1129,1200,188,11,1620,745,515
188,220,343,200,612,480,47,1141,514,409,131
189,312,301,95,209,143,173,297,271,1640,21
190,1620,315,314,312,271,343,317,204,274,97
191,136,851,245,427,180,323,47,12,171,49
192,318,188,169,1613,125,715,513,761,250,1602
193,345,188,55,202,125,268,301,99,187,126
194,343,317,1620,749,63,495,274,271,482,189
195,8,581,1200,199,520,480,13,257,615,131
196,409,481,132,49,151,525,514,320,377,299
197,261,213,178,407,318,134,208,126,49,167
198,339,1064,285,901,261,5,302,18,407,639
199,1640,249,332,1613,152,1200,257,1397,96,194
200,339,345,301,29,55,649,294,692,126,181
201,269,300,515,301,211,429,133,245,256,899
202,108,297,9,1568,200,1640,303,1021,880,274
203,339,310,343,1064,506,771,1128,291,935,457
204,271,1613,288,476,1620,315,332,142,1640,1200
205,476,431,936,301,332,287,271,475,275,315
206,132,1640,514,415,188,606,1637,315,1200,1660
207,968,495,509,370,68,1640,505,422,992,135
208,168,473,407,188,198,172,525,135,481,164
209,1640,346,356,1556,49,177,899,256,302,133
210,1058,277,1640,961,68,258,281,1129,256,76
211,314,315,288,422,56,282,899,108,1556,271
212,1640,125,1613,1568,247,58,88,1129,55,189
213,651,514,326,199,511,8,1620,184,1640,323
214,704,777,968,1125,407,479,602,168,177,150
215,55,126,179,41,186,851,63,191,749,301
216,431,706,244,142,189,311,297,484,18,332
217,339,514,178,126,407,261,11,356,197,851
218,542,13,480,174,851,918,901,11,427,474
219,271,317,49,312,63,1620,1640,180,749,21
220,188,301,168,55,306,345,294,525,692,99
221,68,281,21,257,126,63,1129,117,143,202
222,225,689,68,750,232,125,683,70,525,384
223,288,68,1640,87,142,312,236,21,844,691
224,173,49,495,422,1556,131,1640,486,317,510
225,268,125,21,301,11,188,244,430,312,747
226,268,301,169,188,99,241,343,11,113,168
227,285,475,332,271,689,96,301,315,1620,312
228,457,546,297,159,301,333,52,92,897,191
229,317,271,285,1620,315,309,514,14,219,303
230,1200,21,312,1613,185,271,1640,125,923,430
231,431,115,133,211,704,245,693,305,267,18
232,1640,1620,895,1129,282,8,315,649,314,196
233,704,968,509,58,513,177,879,510,123,164
234,482,473,133,55,134,658,513,131,356,261
235,315,314,13,696,886,275,681,317,1620,1129
236,315,407,1129,136,314,241,514,123,1550,656
237,312,301,21,1620,317,271,285,689,1640,14
238,8,615,323,326,520,257,56,92,381,894
239,18,271,315,314,268,301,317,476,241,285
240,49,749,173,171,63,68,1640,720,287,1556
241,1620,142,1640,285,274,288,587,303,422,314
242,123,211,511,1020,886,879,1339,480,922,656
243,318,13,275,1092,288,261,1064,80,506,1066
244,1620,1015,989,514,327,688,1027,285,675,1640
245,1064,381,339,150,1021,537,918,305,901,1169
246,1640,312,1602,285,317,962,1620,21,1129,97
247,339,771,1064,41,304,150,287,259,199,1128
248,511,1129,126,542,851,1550,1640,1136,1339,1200
249,285,302,1640,58,241,318,407,261,370,60
250,315,314,47,1620,271,886,1556,317,482,1141
251,271,1200,55,851,1556,301,99,63,11,317
252,314,288,495,315,1620,132,1556,193,844,47
253,132,309,315,612,327,68,173,299,1200,288
254,108,41,149,692,323,12,248,200,1200,851
255,748,872,300,312,1640,330,189,431,303,487
256,8,13,275,1129,462,920,314,696,1613,851
257,125,188,484,968,1613,189,1602,689,1640,1129
258,332,55,128,1200,194,1573,356,134,11,10
259,1129,277,1640,331,398,1613,1620,748,689,1602
260,1200,851,314,612,651,696,1620,1129,1485,323
261,314,285,1129,462,18,1620,302,675,288,241
262,172,495,204,656,343,132,407,836,21,510
263,431,704,222,433,177,49,46,1556,131,479
264,125,332,1200,312,297,143,10,301,1640,116
265,480,356,482,317,305,851,510,49,99,271
266,55,1640,126,407,88,11,168,1613,167,22
267,261,267,178,126,113,181,204,407,660,133
268,323,56,8,136,480,851,1007,261,314,651
269,897,1640,349,222,58,300,487,297,301,310
270,356,1618,318,186,126,370,97,317,96,526
271,431,49,257,245,301,55,851,88,134,126
272,473,407,133,113,482,510,512,480,49,126
273,317,49,315,271,301,63,356,1640,650,99
274,1640,1613,49,1556,173,171,180,1568,209,317
275,11,113,407,168,55,49,301,356,268,167
276,191,10,186,199,285,1200,97,55,353,126
277,199,150,1620,1640,175,189,317,274,749,495
278,454,249,830,90,1216,992,250,704,269,922
279,1640,261,706,921,241,1367,689,1613,1338,843
280,317,897,688,244,299,14,271,1620,1032,303
281,49,1640,171,431,63,346,173,1613,704,317
282,168,49,11,1640,1613,188,113,514,1568,250
283,113,115,301,851,247,11,18,901,189,63
284,339,1064,1128,41,514,287,771,304,126,314
285,18,285,920,675,1129,342,581,189,1613,305
286,409,299,514,1200,55,86,1640,612,1550,54
287,339,312,301,126,291,186,1072,43,149,5
288,689,168,312,1640,293,1015,1018,514,1635,188
289,315,173,180,271,1620,171,495,142,1613,327
290,188,962,151,168,186,268,1640,126,513,812
291,186,126,514,55,204,168,356,191,1200,482
292,480,134,191,126,407,542,524,473,602,167
293,49,271,274,1640,317,171,150,63,180,312
294,300,268,1613,1602,241,515,315,897,301,1640
295,480,123,134,851,99,510,407,49,656,317
296,314,323,339,18,268,285,271,241,315,8
297,49,1640,1556,173,171,180,1620,271,317,422
298,58,1640,962,250,247,90,168,513,125,59
299,300,1640,297,457,303,258,333,1026,349,1021
300,95,171,525,173,180,1640,1556,256,194,203
301,270,267,1129,113,1485,300,108,9,515,269
302,186,204,191,274,356,49,55,1175,493,206
303,1640,312,1620,297,95,1200,299,689,168,173
304,136,323,381,326,515,427,989,462,300,9
305,706,241,301,113,275,169,55,431,189,474
306,49,208,490,1202,1640,180,302,170,653,1613
307,432,249,1640,333,181,1397,200,653,55,922
308,1613,1129,1640,269,515,462,257,1568,920,430
309,282,886,1568,274,47,245,275,291,250,871
310,495,68,1640,21,1129,1620,173,27,1602,195
311,921,304,108,895,1620,270,649,1128,234,1013
312,496,134,315,651,640,522,356,481,511,184
313,288,219,422,309,96,308,236,1200,1620,314
314,431,275,8,49,901,13,317,407,177,513
315,211,300,886,220,735,123,315,476,311,1339
316,431,271,49,317,1640,11,268,180,63,1620
317,324,315,241,294,96,132,689,29,476,312
318,221,1200,1620,1556,1640,11,1129,299,1485,612
319,1640,168,188,745,1613,812,52,268,515,269
320,480,602,123,473,1020,656,524,131,220,497
321,851,186,356,126,653,480,510,191,181,201
322,186,191,356,126,199,55,204,181,134,1200
323,1640,41,268,514,1620,923,188,271,353,1200
324,427,174,261,134,512,136,123,56,901,473
325,878,326,299,132,496,188,327,322,715,514
326,200,305,895,85,480,133,482,1620,274,189
327,514,749,317,86,495,21,204,1640,63,188
328,315,301,314,241,851,271,99,356,11,268
329,1640,300,1602,1568,1613,312,1129,303,82,1620
330,1008,886,110,211,282,1136,1129,285,126,851
331,1640,762,95,1200,1613,23,172,1568,41,325
332,317,315,271,1640,312,49,1620,1602,63,21
333,431,487,222,301,851,480,99,895,542,662
334,330,345,297,175,339,272,23,252,353,10
335,345,301,339,202,268,312,55,168,186,294
336,1620,332,1200,199,1640,96,303,602,131,81
337,302,5,339,407,126,653,284,241,649,1618
338,261,407,178,126,542,285,167,8,901,602
339,299,1620,1640,189,303,297,317,312,417,142
340,1635,300,1021,47,879,457,420,291,310,282
341,9,628,706,333,249,431,922,200,178,142
342,250,431,59,123,134,628,473,407,653,480
343,431,407,777,113,479,487,174,602,512,167
344,962,169,317,268,301,13,126,275,1640,188
345,612,68,95,173,221,521,227,171,327,1556
346,68,874,287,95,237,1485,1129,267,612,844
347,1640,1613,1129,1568,1200,1620,325,1397,269,745
348,886,310,1008,211,115,282,895,92,1620,1485
349,305,480,356,315,612,482,271,314,602,18
350,1129,1620,315,281,1640,1613,21,1602,514,312
351,356,339,186,96,181,422,481,191,1011,128
352,271,312,315,301,317,431,1620,63,426,14
353,18,115,136,123,113,241,211,407,305,85
354,514,199,1200,1640,1064,197,812,257,11,1620
355,257,332,688,301,627,271,41,923,430,117
356,1640,1620,1129,1613,1568,1556,173,189,899,63
357,13,431,130,628,275,897,249,189,9,484
358,172,1640,113,407,168,312,301,1613,189,188
359,58,13,962,317,513,407,126,268,1640,1136
360,482,495,133,126,660,480,473,189,135,196
361,92,222,220,303,897,310,894,297,886,476
362,409,299,506,514,339,420,268,344,1016,343
363,537,312,274,339,1064,457,1640,303,1620,330
364,312,301,886,339,285,257,302,291,126,457
365,520,615,41,323,268,92,894,812,326,514
366,41,514,11,1200,1640,113,1018,297,197,1064
367,293,113,514,172,268,343,506,188,168,11
368,171,1620,172,1640,173,312,49,11,180,63
369,302,285,662,296,346,58,935,126,1072,1064
370,1640,68,143,21,186,312,318,264,204,188
371,1129,1640,752,1620,281,520,696,1064,1024,110
372,1613,188,1640,180,172,49,268,300,863,171
373,409,320,420,299,1200,1011,481,143,447,151
374,1556,1200,173,95,1640,131,49,81,227,194
375,317,268,312,285,271,1640,21,63,97,168
376,49,171,204,150,1640,180,172,271,186,173
377,1640,1620,1200,1568,317,1556,482,1129,1613,315
378,886,47,1339,274,211,480,879,844,133,1568
379,285,18,524,777,862,968,480,433,1602,632
380,200,9,108,1202,131,480,557,1397,8,31
381,220,303,487,222,895,465,297,310,199,879
382,480,196,482,495,56,524,126,1141,343,510
383,1640,1620,1129,1613,1568,63,1602,1200,1550,173
384,211,298,133,115,85,1202,706,241,113,338
385,514,1064,199,1640,1620,197,86,1015,126,1018
386,55,174,918,54,178,612,409,237,155,99
387,1640,1200,10,332,384,1397,95,1620,143,325
388,47,305,314,339,284,220,482,133,85,886
389,865,281,1640,734,747,309,317,1613,312,125
390,513,1640,318,58,1613,302,210,653,505,1618
391,186,169,510,173,356,495,204,422,482,68
392,1640,288,325,308,1613,1620,384,293,219,1129
393,1640,1620,1129,189,274,1550,1568,195,1038,1083
394,407,172,510,173,49,134,11,227,1556,201
395,1129,1620,314,462,1640,315,1613,1556,288,1200
396,245,267,653,133,186,693,181,126,413,49
397,317,1640,214,495,346,49,525,422,704,177
398,706,241,1640,333,689,303,300,457,258,142
399,1640,312,269,257,1021,197,1200,168,240,1635
400,132,735,151,886,344,291,282,318,962,288
401,1640,312,302,1620,356,126,186,315,196,422
402,299,1620,244,1129,327,878,189,315,1485,317
403,188,125,264,525,312,225,1640,299,168,549
404,332,96,476,475,627,431,271,923,257,152
405,326,315,878,651,520,314,851,332,323,99
406,172,1640,189,113,1568,82,274,11,49,1200
407,41,474,323,306,476,268,271,314,11,275
408,268,431,407,241,213,614,188,345,897,90
409,312,96,1200,268,294,465,1339,332,168,602
410,268,49,1613,1640,168,250,180,209,317,1568
411,301,49,63,171,180,11,55,317,173,126
412,495,1640,282,288,195,49,302,135,132,482
413,55,41,851,301,1200,186,126,11,149,257
414,11,1613,63,851,1129,612,49,1620,189,1568
415,1640,257,151,1021,962,734,745,312,172,197
416,172,1640,189,204,285,125,1613,318,10,63
417,923,332,475,268,303,96,10,894,271,1200
418,343,317,431,150,704,49,189,177,482,304
419,511,886,1129,1339,211,1550,1136,706,29,1620
420,962,1413,434,326,640,1541,301,507,126,1018
421,268,55,13,11,8,191,41,152,128,153
422,275,301,1640,1620,318,63,962,1129,126,245
423,514,50,923,689,339,241,741,10,268,311
424,41,149,55,345,155,474,301,639,851,257
425,123,407,268,284,735,510,656,168,922,481
426,1613,9,1129,1620,920,431,1640,357,462,108
427,1640,317,514,291,222,86,962,188,482,1200
428,171,49,301,180,11,63,55,99,851,126
429,480,602,510,134,257,479,407,656,184,487
430,271,317,1640,188,312,21,1620,293,63,514
431,41,288,186,68,287,236,749,21,281,318
432,49,250,268,13,247,506,317,477,223,851
433,1200,332,681,1620,741,309,96,299,567,844
434,113,6,241,267,301,172,168,515,306,11
435,457,312,301,241,300,324,899,1640,689,269
436,8,56,422,284,630,132,513,131,735,346
437,1200,299,332,309,312,1640,271,222,409,331
438,169,317,142,13,486,484,274,1640,188,431
439,431,275,474,18,921,349,305,108,901,9
440,49,171,180,1556,1640,1613,315,173,198,428
441,227,41,95,918,181,66,493,709,762,186
442,314,18,271,315,675,221,285,1620,305,339
443,55,99,356,271,301,482,222,1141,317,184
444,304,339,293,958,191,921,343,345,945,186
445,301,257,851,271,291,21,312,99,1200,47
446,172,88,113,126,168,267,1640,247,55,430
447,186,191,126,55,75,52,213,199,345,41
448,310,59,301,155,897,5,275,58,241,99
449,188,1613,1640,514,168,745,132,125,317,1129
450,287,312,1015,353,116,299,751,219,537,160
451,339,878,221,514,326,327,299,11,314,950
452,41,126,55,11,49,204,186,339,171,88
453,309,209,476,271,315,312,299,173,317,180
454,1640,1620,431,1556,479,134,1573,1129,602,131
455,261,126,136,13,318,275,843,521,542,1092
456,1640,1668,1613,1129,88,602,407,1568,49,126
457,457,706,310,241,188,159,168,454,252,689
458,325,172,188,689,384,1613,1640,185,312,125
459,13,339,343,314,851,11,315,99,268,271
460,1021,8,812,199,922,1064,90,177,506,319
461,1200,21,68,923,1620,309,312,409,96,236
462,431,301,487,211,407,172,663,610,298,189
463,1200,1640,82,1568,189,317,1620,11,1550,55
464,431,271,1620,189,301,1129,18,11,63,305
465,270,267,314,108,339,206,115,113,899,873
466,431,133,921,704,895,482,55,177,1193,346
467,49,186,356,55,191,177,196,317,510,482
468,317,1640,602,131,482,132,1550,1613,123,1620
469,1200,271,1620,314,317,41,315,1640,63,275
470,326,221,299,309,741,242,257,331,716,327
471,1640,52,1613,1129,1363,1200,333,1026,1485,515
472,287,55,851,186,271,749,314,245,126,356
473,126,356,11,851,97,315,301,63,204,1618
474,431,343,55,13,921,189,131,474,46,304
475,172,88,175,113,49,182,1064,168,227,221
476,1640,1613,1129,1602,1620,1568,300,1550,288,530
477,13,220,409,271,514,132,130,142,422,236
478,433,879,640,257,511,47,480,509,222,88
479,172,168,407,185,125,250,473,483,518,156
480,1613,1129,1550,1640,1602,515,1568,462,920,511
481,1640,188,1613,312,1620,299,1129,317,1602,168
482,108,879,49,150,490,422,288,341,193,637
483,49,173,131,1568,735,1556,309,7,47,193
484,285,339,241,332,10,314,315,44,301,126
485,123,47,735,284,886,131,1141,13,630,851
486,326,182,199,194,332,612,878,342,221,824
487,1640,312,264,1620,172,120,168,1613,1015,299
488,199,353,287,281,1015,1640,1018,520,126,182
489,300,320,200,9,294,16,1021,812,323,268
490,257,221,1556,433,47,222,177,487,510,479
491,52,318,511,178,151,430,155,427,843,812
492,1640,134,509,1613,152,281,640,125,1573,992
493,330,297,172,175,272,113,88,189,312,1064
494,342,308,261,252,1015,1620,357,270,1613,326
495,247,244,747,249,306,13,54,275,901,1239
496,1640,345,270,67,743,301,349,1613,901,353
497,174,134,58,55,125,511,189,640,432,431
498,285,318,1602,317,268,1072,261,315,302,314
499,511,427,52,55,851,651,1004,237,1200,1339
500,41,1064,108,237,851,1640,245,314,248,149
501,219,314,308,1620,1015,270,315,332,304,1013
502,274,47,704,177,486,510,49,343,169,172
503,1640,1129,1620,1339,1485,752,1200,222,1660,312
504,689,1620,315,142,260,484,968,308,1129,70
505,143,312,168,227,175,134,194,407,181,78
506,1640,1613,277,108,1568,1620,1129,899,1556,704
507,13,514,136,506,482,132,473,480,250,135
508,186,249,287,191,181,175,267,301,330,49
509,299,312,120,327,1640,116,21,221,160,264
510,47,1556,149,506,49,851,168,312,650,284
511,204,63,356,317,11,186,1640,271,49,97
512,1640,1613,1129,1620,312,1602,168,21,188,689
513,1640,274,706,312,1568,241,333,962,168,301
514,1200,108,326,297,299,520,1485,41,1556,287
515,1613,18,1602,285,189,317,407,172,123,1129
516,247,249,54,237,82,433,720,172,189,409
517,301,281,315,271,312,476,256,257,309,938
518,1064,150,199,58,1021,88,172,189,191,175
519,268,923,271,312,11,315,1620,241,285,142
520,249,95,709,288,10,41,1640,432,257,11
521,407,134,126,473,178,55,640,356,168,22
522,285,274,1640,1620,189,317,195,749,312,1602
523,52,511,151,320,631,1339,886,962,457,324
524,222,346,317,177,49,431,1640,704,271,301
525,305,315,482,422,356,142,85,314,271,317
526,346,256,704,245,899,177,49,133,287,149
527,269,168,320,257,1640,312,610,515,197,1018
528,1640,1613,125,1568,249,189,185,172,1129,247
529,1640,1620,303,317,514,315,1129,312,1100,1200
530,268,188,407,745,168,514,11,50,1072,689
531,1640,312,143,264,21,168,49,1200,186,173
532,312,315,317,309,1602,271,1556,1620,78,735
533,1613,188,1640,515,306,6,168,125,185,430
534,1640,1568,879,922,1613,131,992,250,108,1556
535,172,82,312,168,1602,1640,185,1613,173,484
536,134,851,480,55,99,275,473,126,542,431
537,481,184,356,175,656,126,407,196,510,339
538,1602,1129,1640,315,302,133,282,211,169,1620
539,514,11,407,1640,356,49,482,1556,851,602
540,268,188,168,407,11,172,577,709,430,6
541,473,250,482,658,513,131,55,123,1568,135
542,1129,1640,1620,189,1339,511,133,602,125,426
543,172,312,143,301,168,125,202,21,175,407
544,431,476,315,938,899,1640,342,1620,1613,301
545,2,100,41,326,1613,357,747,335,91,1239
546,21,312,68,301,63,271,1200,173,1620,315
547,143,511,95,1011,518,320,227,168,181,176
548,1200,312,271,1640,49,21,317,63,1620,173
549,749,160,1015,49,281,314,171,180,1620,1062
550,843,10,199,128,415,1200,696,511,514,1129
551,1640,1613,317,1620,1129,1602,1568,49,63,189
552,301,317,297,1640,312,345,222,353,330,1620
553,1640,1620,315,1129,1613,1556,495,317,1602,63
554,1640,1620,1613,1129,241,514,314,1200,288,1550
555,356,196,8,56,422,510,184,284,482,49
556,9,249,1550,247,82,844,1568,113,172,200
557,339,126,301,345,901,407,113,99,11,343
558,125,689,188,189,202,968,185,1125,290,1129
559,245,267,126,851,301,88,257,186,155,55
560,407,473,126,252,99,339,310,345,155,652
561,309,131,125,409,130,628,222,872,1196,431
562,201,312,173,143,95,1640,68,1200,1556,96
563,1568,1640,68,1613,173,281,1129,299,247,21
564,113,301,6,11,168,474,407,901,99,55
565,1008,886,291,310,126,237,542,19,1339,47
566,199,1064,252,678,864,159,310,454,895,234
567,431,704,343,115,46,301,346,693,274,133
568,49,317,180,510,171,407,477,428,271,11
569,346,302,431,296,339,936,662,56,899,337
570,407,268,113,49,11,136,284,901,123,510
571,268,514,188,312,923,316,339,317,1637,318
572,250,123,851,47,99,962,55,1568,222,473
573,247,275,301,13,250,1613,169,244,125,268
574,431,134,194,602,479,465,615,407,426,332
575,125,1613,407,188,1640,168,1129,198,172,1602
576,1640,1613,1129,1568,1602,992,745,829,188,965
577,299,1018,221,270,182,175,454,1635,168,88
578,879,303,131,377,735,1640,1556,1200,274,49
579,332,269,1640,257,287,325,259,95,780,1573
580,178,473,199,651,261,134,323,31,511,326
581,851,339,11,474,301,314,99,356,8,126
582,178,126,851,473,407,55,653,22,99,356
583,95,287,332,312,270,201,567,1556,1640,227
584,370,415,689,1129,132,338,273,133,511,211
585,353,1640,287,41,116,762,325,160,16,297
586,689,312,219,241,315,1620,741,649,302,1640
587,897,747,13,244,317,268,476,309,299,271
588,1620,315,936,271,219,303,309,299,142,312
589,301,268,115,300,886,136,851,284,339,99
590,8,275,13,895,92,196,222,284,1141,431
591,186,55,191,41,204,126,356,199,49,181
592,865,377,318,1640,21,962,151,659,303,726
593,514,317,315,268,132,271,1200,11,97,188
594,275,291,247,250,169,245,126,344,962,318
595,312,317,1620,21,271,315,1640,63,14,683
596,326,323,314,8,514,41,9,581,11,13
597,1129,1640,257,1602,1620,688,21,285,312,1200
598,1620,312,332,689,10,741,330,254,1129,1200
599,126,511,257,197,520,184,1200,851,199,1339
600,918,136,318,427,1066,480,178,581,13,250
601,1640,1613,1568,1620,992,288,49,1129,195,207
602,268,11,257,326,577,751,430,180,41,716
603,300,312,324,269,168,294,301,24,268,241
604,606,199,8,196,356,184,514,481,13,191
605,1640,249,189,1217,285,432,125,1613,63,450
606,407,168,473,126,191,178,268,812,186,167
607,199,457,1021,191,220,1008,287,303,186,974
608,285,487,58,317,886,301,268,457,426,196
609,285,189,968,317,524,632,172,656,495,21
610,221,301,901,271,11,688,49,327,63,113
611,317,150,49,343,1640,189,177,346,171,63
612,431,189,49,134,433,704,172,479,1640,88
613,9,6,113,651,200,706,249,474,903,306
614,480,49,510,473,407,123,47,172,656,481
615,49,1640,312,285,317,302,180,171,1620,150
616,511,465,1007,1159,199,52,178,812,370,58
617,204,186,356,21,514,271,175,96,191,317
618,172,88,143,748,312,227,610,433,299,168
619,1640,899,325,254,300,287,748,269,274,330
620,41,149,49,268,257,180,11,171,259,345
621,306,851,11,41,427,474,323,55,99,326
622,49,86,317,171,514,343,299,315,63,495
623,317,1640,1620,602,222,131,1200,63,11,189
624,11,49,173,168,851,407,1556,99,63,194
625,268,284,897,300,241,302,8,346,407,301
626,339,514,252,199,1064,197,1018,126,182,407
627,1620,1640,315,1129,314,1613,1556,1602,281,63
628,1640,1568,495,1129,317,1613,1620,63,189,68
629,332,297,1620,330,287,1200,299,303,312,1640
630,180,49,171,268,271,11,301,63,317,1613
631,49,431,172,189,173,131,1613,968,495,249
632,1640,312,1620,315,899,1556,1129,269,95,689
633,1640,271,1620,314,41,63,317,287,49,1100
634,11,407,113,339,18,271,167,305,285,268
635,1640,1613,1200,299,168,125,312,1620,188,194
636,339,285,343,172,312,175,407,21,204,656
637,188,185,168,225,232,1613,125,173,95,384
638,431,704,277,258,614,46,921,476,968,484
639,49,1640,171,173,1613,245,1568,267,180,318
640,651,113,921,407,310,234,473,487,159,895
641,288,318,661,1613,325,306,300,9,1640,283
642,1640,55,22,181,134,1397,479,356,1556,133
643,1640,125,1613,78,312,1129,168,331,1620,279
644,134,126,660,133,431,512,473,356,482,261
645,1640,1620,688,1129,300,1602,282,312,899,1485
646,1640,1200,1129,1668,1613,1550,514,511,1568,1620
647,879,227,201,269,229,944,748,338,257,567
648,345,168,301,188,125,202,143,312,689,185
649,172,11,113,407,168,49,167,189,194,479
650,268,301,431,615,271,99,317,356,345,285
651,288,1200,1620,1129,41,1568,581,612,1613,1640
652,172,125,750,175,1125,194,189,433,21,143
653,312,1620,172,299,327,1640,221,1602,21,317
654,921,1058,649,638,132,234,260,188,706,293
655,346,113,899,1128,47,301,284,136,133,177
656,285,13,268,339,10,318,771,514,188,343
657,317,63,55,271,97,356,1640,186,1620,204
658,303,222,297,1640,879,704,131,431,177,1339
659,268,113,901,49,407,18,11,261,188,1613
660,173,49,171,95,612,204,168,11,172,55
661,301,323,314,300,211,315,339,886,241,115
662,312,301,333,294,55,1200,332,1640,143,297
663,407,99,198,301,49,126,473,168,134,510
664,1640,1129,1613,275,349,1620,189,1568,530,285
665,241,5,126,339,261,302,407,1620,1129,689
666,13,343,275,317,130,268,271,55,196,431
667,1064,1640,297,537,506,150,317,899,113,49
668,480,510,123,47,257,879,477,285,433,493
669,222,735,1339,312,1200,294,7,47,212,299
670,108,201,288,1556,267,844,95,314,1620,1640
671,300,282,1021,1640,1064,1136,136,962,269,1100
672,514,132,317,606,196,315,1620,356,199,8
673,318,1640,21,281,1129,68,312,1613,1602,125
674,318,288,261,136,1066,56,169,49,661,302
675,172,189,704,968,495,777,484,343,431,214
676,23,125,272,297,249,55,127,194,1363,183
677,125,55,134,202,185,1129,431,11,1613,345
678,88,126,901,1064,261,252,189,285,155,542
679,1640,49,113,1568,506,169,317,274,63,1613
680,343,13,188,244,261,204,189,484,317,169
681,339,285,180,537,543,261,49,171,312,268
682,55,511,356,522,473,134,503,126,481,513
683,271,312,317,923,332,96,309,21,315,1200
684,339,136,267,113,343,115,261,851,126,301
685,58,542,126,88,59,407,252,1064,310,473
686,312,173,49,301,1640,171,168,172,126,21
687,1620,303,1640,312,1200,142,317,689,514,1637
688,49,180,171,270,1640,1620,172,1613,173,63
689,288,332,1200,199,287,1620,68,10,314,681
690,261,339,126,315,356,1618,302,1062,317,935
691,344,13,747,247,1613,49,1568,100,250,275
692,211,301,294,476,99,1339,123,851,315,96
693,49,63,171,495,1640,317,1613,173,1620,180
694,252,270,261,1064,159,155,205,267,639,349
695,514,612,132,220,13,1550,1083,1200,843,131
696,343,306,261,247,113,188,169,901,244,1613
697,108,720,249,200,958,304,49,368,150,343
698,300,241,515,1064,1021,696,546,310,854,52
699,49,180,171,172,173,204,317,1640,82,1568
700,317,271,49,63,315,169,431,482,495,1640
701,180,49,171,173,172,256,312,525,428,227
702,172,68,173,21,143,49,227,171,95,312
703,285,968,150,302,704,56,477,8,431,296
704,288,1129,844,1620,282,327,1485,314,1640,108
705,1640,172,1568,82,303,49,274,377,195,150
706,275,13,897,431,476,130,18,310,258,921
707,68,21,172,185,125,143,173,87,495,227
708,68,1640,267,288,270,287,1620,874,116,762
709,431,1640,660,191,126,133,407,55,189,662
710,13,123,897,268,250,241,317,285,427,1136
711,1640,300,1613,325,277,1602,899,331,1620,1129
712,431,343,49,317,169,113,18,482,171,901
713,1640,172,249,1613,120,49,67,747,127,116
714,186,525,312,301,168,171,126,49,339,55
715,317,291,47,886,735,196,169,177,461,274
716,315,301,271,241,317,169,312,11,99,314
717,312,1640,1129,899,301,1613,1620,1602,78,256
718,285,312,110,1620,196,303,487,426,302,317
719,211,480,851,487,895,653,115,8,886,220
720,49,1640,180,171,172,168,312,135,182,229
721,257,1129,1620,312,1640,21,63,271,301,332
722,49,431,11,747,268,180,257,171,1613,249
723,180,49,312,209,257,95,171,271,428,173
724,431,189,1620,18,271,317,305,1640,297,301
725,132,142,486,188,169,484,735,689,215,258
726,172,189,1640,49,88,168,82,173,113,125
727,301,271,1200,312,1620,11,1640,317,63,315
728,747,116,244,332,299,124,1239,865,353,688
729,49,180,171,431,194,346,256,356,428,332
730,285,431,302,968,275,110,296,211,1602,14
731,300,312,741,301,241,1620,899,1602,332,257
732,268,13,339,317,506,136,343,514,315,11
733,431,1602,968,285,899,68,1620,1129,315,495
734,312,285,1640,317,407,356,196,426,97,301
735,13,261,275,513,136,343,58,318,169,506
736,155,178,126,427,407,268,851,301,52,345
737,172,1640,227,173,49,1613,1568,249,95,168
738,315,96,309,132,526,1200,320,631,271,476
739,271,312,317,1620,923,21,63,315,10,301
740,169,301,275,318,245,962,186,126,317,886
741,268,271,317,13,55,356,99,11,191,96
742,851,1613,315,314,427,301,901,431,247,306
743,55,301,168,126,291,706,99,886,169,188
744,326,332,878,627,716,615,747,433,194,1200
745,172,188,173,171,293,113,49,82,209,168
746,486,356,55,196,191,181,482,186,431,481
747,851,11,1613,257,301,99,168,55,88,125
748,407,315,312,1602,180,1613,11,168,1620,1129
749,172,49,1640,537,150,180,1620,514,171,113
750,318,250,1568,288,13,1613,132,658,49,962
751,342,113,431,6,901,777,249,407,174,614
752,484,142,285,689,188,132,968,169,215,317
753,431,301,125,317,1640,63,271,315,275,345
754,125,689,968,1602,317,312,285,188,659,1129
755,188,268,113,168,407,172,241,343,689,514
756,1640,1200,49,11,1613,1573,1556,194,95,1397
757,200,108,9,95,1556,131,1200,879,400,1397
758,221,342,312,1620,1640,299,327,1556,270,315
759,431,1129,84,747,462,18,1602,285,1620,1613
760,431,301,209,256,244,271,180,720,476,297
761,339,345,268,126,1072,261,175,11,178,88
762,407,473,168,178,241,268,167,610,602,113
763,1620,1129,1640,189,495,315,63,68,647,1613
764,339,323,220,1136,5,136,886,851,13,261
765,301,851,282,291,886,1640,1136,126,47,1129
766,851,315,314,1556,123,462,47,1129,245,1613
767,312,271,222,301,1339,47,1200,257,1556,479
768,315,271,312,317,314,1620,514,1556,650,1640
769,1129,1200,1640,1620,1613,511,1339,851,1550,514
770,343,258,277,484,244,431,189,132,131,142
771,172,312,168,407,11,113,1620,656,1640,1602
772,513,136,318,261,250,1092,80,516,60,463
773,172,88,454,1064,175,918,227,678,181,126
774,339,514,11,314,49,271,150,326,1620,343
775,1064,261,259,150,346,954,49,921,454,199
776,1129,1200,844,1620,288,9,277,1568,108,1550
777,345,268,168,175,197,407,88,339,11,178
778,1640,1613,747,120,1620,1129,49,325,180,219
779,49,173,171,180,256,422,525,203,68,236
780,55,525,356,178,107,409,473,135,658,481
781,288,285,1129,1602,923,318,844,675,21,688
782,323,339,314,136,651,851,381,315,854,113
783,1640,317,49,63,312,1620,222,271,1613,514
784,172,268,168,312,188,82,173,209,113,49
785,1620,132,315,514,495,612,21,656,312,314
786,132,1640,689,277,1613,188,315,415,1129,1620
787,339,514,343,495,749,317,261,126,132,86
788,55,41,356,99,186,149,301,474,345,1200
789,339,126,301,1072,312,345,188,1640,168,318
790,315,309,271,314,317,1556,476,131,1200,1620
791,409,1568,1200,49,1613,514,658,132,13,1640
792,1640,409,514,49,1568,1200,962,168,188,506
793,126,407,261,482,113,851,136,11,356,284
794,136,113,515,241,407,168,1613,473,164,1640
795,1620,288,172,1640,308,189,1129,204,21,495
796,256,95,180,270,171,269,201,227,181,173
797,300,299,747,863,258,716,1613,277,684,1216
798,407,257,172,653,201,285,510,1640,493,168
799,1640,312,1620,168,301,1556,317,1613,63,173
800,1640,180,95,49,271,1620,1556,332,312,899
801,342,270,182,1640,221,1018,269,172,88,1015
802,301,339,343,113,506,169,99,241,55,268
803,168,1640,1613,188,125,194,299,198,483,515
804,326,651,234,433,9,496,812,614,310,381
805,172,879,1568,1550,82,274,113,212,1083,200
806,1640,1613,1568,277,300,1602,863,188,992,1550
807,49,514,132,171,271,314,317,288,315,11
808,301,271,315,268,317,339,21,11,312,327
809,1556,1640,113,11,1620,172,168,514,49,173
810,1620,1640,312,330,342,303,332,1018,1129,469
811,1640,1620,1200,312,741,567,332,303,1556,299
812,281,68,143,21,126,202,1129,1573,257,155
813,1064,52,126,1021,155,88,218,197,1018,457
814,274,339,312,343,305,271,150,486,206,317
815,1640,1015,312,1620,293,514,299,1635,519,182
816,1640,1620,297,1129,189,330,1613,1200,1485,332
817,301,339,285,302,287,314,296,899,312,126
818,268,188,407,310,241,343,514,168,113,11
819,356,186,191,271,332,96,339,301,312,10
820,142,1620,1640,495,484,189,317,486,968,131
821,515,407,269,1129,241,168,113,610,44,1602
822,318,126,186,204,261,169,178,55,962,482
823,301,312,689,315,241,1620,899,314,297,1640
824,125,312,168,689,1640,1613,188,299,143,469
825,188,514,1613,1640,11,168,306,745,268,197
826,268,49,180,1640,113,171,11,1613,249,271
827,252,310,771,285,689,343,339,241,1008,189
828,126,186,356,407,181,178,510,653,851,204
829,689,1602,1129,132,484,495,1550,241,315,169
830,175,168,143,172,10,204,709,186,312,268
831,1640,1620,1613,306,514,10,1129,1200,11,308
832,342,465,330,339,218,852,407,487,191,175
833,271,63,301,332,11,312,1620,49,317,180
834,285,922,1602,96,1668,1136,1339,241,1129,511
835,99,473,407,123,511,268,427,481,126,851
836,1064,514,314,1620,282,530,581,108,537,675
837,318,1640,1613,288,1568,49,962,172,530,188
838,330,1064,113,487,189,777,150,159,205,895
839,1129,189,1613,1640,920,602,1550,1620,647,58
840,1129,1620,332,688,312,1640,285,1602,342,300
841,407,178,168,515,6,269,113,155,208,22
842,342,194,6,270,182,469,515,269,651,249
843,1613,189,1640,1129,172,1602,1568,63,82,247
844,306,247,1613,9,1129,1200,311,125,627,1550
845,1200,612,1339,1550,55,220,844,200,1083,1620
846,257,918,66,269,635,229,1285,302,288,318
847,168,90,454,922,1640,188,269,320,268,812
848,1640,1620,317,1200,271,514,63,1556,49,1568
849,132,172,173,377,142,49,1640,0,229,180
850,126,301,55,345,431,171,256,63,49,202
851,1640,1573,182,1613,640,522,134,479,519,168
852,1339,312,879,47,1200,886,1620,1635,567,211
853,55,222,150,191,506,177,474,199,113,1064
854,481,47,222,326,184,123,198,640,177,520
855,339,11,10,1620,514,314,63,317,315,271
856,851,49,506,136,250,180,47,149,427,245
857,8,275,894,285,92,287,897,1620,41,271
858,306,696,1239,520,11,854,301,688,515,155
859,126,199,1064,186,191,1640,542,88,184,179
860,343,18,115,305,314,339,169,886,206,267
861,1129,1640,1613,1620,1602,285,44,296,515,349
862,332,709,95,271,194,10,249,11,627,474
863,1200,299,1620,1640,1556,11,612,1568,47,173
864,339,268,310,113,407,241,1016,1239,345,301
865,136,318,288,56,108,302,346,1066,8,282
866,851,136,245,314,267,113,427,1613,261,115
867,339,261,136,171,646,954,901,49,41,1016
868,41,409,237,55,199,344,514,851,506,1141
869,431,55,125,134,275,474,213,189,356,345
870,245,256,549,1640,281,269,52,301,1043,692
871,312,332,1640,299,741,1200,923,1620,116,117
872,172,175,454,677,88,270,1640,330,227,238
873,851,1640,8,126,1613,245,356,513,49,1573
874,8,851,199,126,356,514,55,1064,11,178
875,317,407,315,1620,241,482,11,271,168,63
876,1640,513,1613,318,188,992,210,135,250,505
877,715,132,606,123,524,481,480,370,196,862
878,312,21,923,285,318,1200,186,1640,10,257
879,168,301,312,1640,481,486,177,346,284,407
880,312,324,268,168,407,301,689,241,515,745
881,172,189,82,131,495,497,317,49,173,433
882,257,22,662,515,520,922,640,653,651,58
883,257,134,285,152,851,8,11,178,49,128
884,312,317,271,303,14,689,21,486,1620,1640
885,49,180,171,268,346,525,256,173,646,650
886,189,244,678,249,297,172,82,450,329,125
887,318,317,1640,962,63,275,21,271,268,169
888,409,1568,1200,41,1640,55,237,1613,1004,344
889,339,356,480,510,482,305,56,196,220,489
890,268,96,317,1602,1200,312,1613,315,1640,271
891,126,301,312,407,610,851,47,656,99,168
892,189,125,1640,63,49,317,173,1613,171,214
893,511,126,602,524,1129,134,184,473,125,58
894,49,268,506,317,274,312,271,1640,180,514
895,49,172,150,171,173,214,227,180,175,204
896,1640,219,199,1613,808,824,287,1620,108,992
897,288,314,1620,8,315,1640,219,318,1613,271
898,285,431,1640,1620,422,968,302,1602,1129,96
899,343,482,339,486,317,495,656,189,484,492
900,689,968,70,495,308,1613,1129,1640,1620,142
901,172,142,484,377,131,82,495,317,132,173
902,55,275,222,237,1200,851,1568,179,13,99
903,1640,1568,1620,303,1613,317,450,992,142,691
904,312,1640,1200,1339,168,1568,511,962,1550,47
905,257,49,271,8,285,1640,317,63,851,152
906,1640,1129,1613,1620,125,1602,1568,1200,1550,515
907,1620,315,312,1556,1640,317,271,314,305,1200
908,1129,1620,1550,189,1613,1640,9,1568,1485,1602
909,312,49,514,171,47,339,186,173,197,650
910,726,920,1668,581,326,777,824,407,632,602
911,303,285,142,377,632,1668,480,726,879,1083
912,285,10,204,709,191,186,178,959,172,1175
913,268,285,1062,49,407,213,152,777,419,208
914,317,312,1640,315,169,271,14,188,63,1620
915,851,126,542,886,1136,245,136,237,115,291
916,476,271,323,332,315,474,314,431,268,8
917,311,300,310,247,291,886,1550,82,871,299
918,8,219,1640,1620,475,332,514,356,1200,96
919,268,271,312,317,285,315,49,1640,11,301
920,1640,312,172,1602,240,195,269,264,132,1568
921,1613,49,172,1640,1602,1568,477,1129,180,189
922,1640,301,312,1620,168,126,97,241,63,317
923,131,879,1568,480,1550,200,1083,497,193,1668
924,281,312,1640,269,301,1043,257,938,761,1129
925,271,317,49,11,63,314,315,180,18,268
926,537,180,688,49,219,67,1640,285,150,257
927,1640,1613,1200,1568,9,1620,1129,1550,1556,108
928,196,339,199,191,186,356,514,184,481,126
929,275,301,886,169,125,291,712,955,706,247
930,315,1620,314,301,317,271,63,339,514,97
931,407,268,56,339,302,473,168,510,1618,261
932,656,126,542,886,524,291,480,156,521,473
933,287,257,282,108,245,879,110,1021,47,1556
934,689,1602,1129,1620,312,327,195,21,844,315
935,288,318,261,843,1129,178,1613,762,521,1640
936,285,317,13,480,196,130,161,271,184,426
937,182,1640,1018,197,640,287,181,218,199,1011
938,315,1620,312,1640,1129,689,1602,314,301,1613
939,299,312,294,301,1200,222,297,168,420,268
940,1640,113,168,188,172,317,407,189,1613,11
941,1640,1568,1613,1620,207,288,1200,1129,992,131
942,55,244,1485,237,297,189,54,1129,1620,357
