0,918,653,151,844,275,1025,301,660,581,325
1,264,581,192,12,199,237,1665,1569,207,746
2,339,821,1136,1435,247,30,639,519,1614,854
3,1665,522,1569,526,8,1027,108,179,565,3
4,269,1296,151,1267,1450,22,307,702,18,641
5,1665,134,514,745,922,415,151,630,420,1414
6,22,1452,241,275,1025,549,742,312,309,326
7,192,199,581,63,650,126,749,1665,201,1357
8,168,519,442,128,330,1665,432,200,1570,510
9,1569,132,427,163,734,227,212,497,271,326
10,1569,1009,1155,442,132,1027,520,507,204,208
11,897,14,520,303,1569,658,918,207,1495,315
12,1110,498,971,284,169,617,1283,426,1021,751
13,476,431,234,695,309,1088,704,121,212,238
14,581,1492,170,192,460,207,163,756,1397,544
15,165,63,460,330,290,1570,255,1267,884,212
16,1665,918,128,312,442,602,149,156,254,402
17,132,1569,1561,507,557,163,481,1446,1665,282
18,57,581,192,123,207,658,204,520,918,136
19,1197,691,264,36,863,1470,1103,518,331,246
20,1333,1290,191,1569,351,63,186,161,151,98
21,212,269,18,255,151,1296,460,681,208,1518
22,1569,581,193,123,684,132,1397,356,1665,90
23,1569,658,1665,749,163,519,208,473,457,1161
24,1569,897,14,658,442,163,520,119,192,545
25,1665,63,918,549,292,237,22,233,482,27
26,73,179,1570,232,522,429,36,217,314,108
27,94,432,269,723,1569,1519,55,720,179,339
28,1665,163,510,1431,481,418,658,567,224,149
29,163,303,1569,96,161,207,274,126,14,292
30,684,284,1569,1665,275,846,264,136,1452,749
31,749,191,658,3,1570,413,55,461,187,1569
32,1570,442,312,1569,432,214,227,522,402,730
33,749,1569,746,1161,128,163,314,356,658,507
34,1570,596,21,168,121,432,290,489,94,695
35,1197,1645,247,1587,519,430,243,1394,489,212
36,821,442,1027,451,1603,276,149,1115,489,214
37,1611,1038,1492,36,469,774,1049,472,277,1418
38,94,14,1519,695,121,156,155,417,688,432
39,761,63,658,3,565,662,1569,230,1665,627
40,1665,761,658,662,23,683,429,1204,1027,345
41,238,1197,738,761,415,250,478,317,281,683
42,163,519,303,658,478,484,175,761,14,21
43,814,269,653,325,151,18,169,108,212,63
44,1569,1665,442,658,257,545,897,192,49,507
45,658,1569,123,96,897,481,192,749,14,1561
46,1665,8,163,217,418,1569,1561,746,300,1431
47,1569,658,98,212,1155,522,526,169,331,1127
48,1665,262,673,1388,1013,1161,55,1521,731,749
49,82,339,496,43,771,502,429,145,1570,1474
50,746,143,429,30,810,1665,1568,761,957,228
51,519,14,461,660,128,163,13,1665,1569,314
52,1665,746,163,418,63,181,264,217,522,565
53,301,191,214,149,64,232,96,314,1349,442
54,522,1569,749,526,126,117,565,208,199,98
55,522,746,51,73,1587,209,312,1570,429,1665
56,149,658,454,510,301,432,918,653,214,442
57,1296,100,1333,918,151,130,520,402,178,237
58,583,63,22,151,1665,191,275,1349,749,886
59,301,128,519,660,1665,1569,275,1446,749,653
60,312,888,442,143,321,1344,545,1009,225,661
61,520,57,199,192,1569,94,1126,658,1665,659
62,461,658,1665,413,1569,442,725,821,749,519
63,192,57,918,402,1569,520,658,1485,684,199
64,1492,745,1665,478,683,317,218,610,545,590
65,522,108,526,232,23,179,429,63,169,1569
66,3,526,565,381,658,1665,1569,217,1027,212
67,461,469,1195,417,100,726,187,282,57,204
68,1665,918,151,168,514,275,1452,63,12,407
69,1665,271,21,126,1569,168,692,186,212,199
70,1569,187,658,126,520,461,192,481,1665,282
71,472,1569,1611,63,1561,36,513,217,558,1377
72,1665,749,55,673,828,745,1013,89,115,514
73,442,14,214,314,429,96,64,191,583,217
74,1665,526,191,1402,413,92,149,583,1052,1630
75,1665,749,1357,304,1414,345,751,123,426,192
76,301,420,216,653,695,904,1506,232,179,108
77,207,918,1592,170,1492,330,168,163,1641,96
78,204,212,355,98,892,96,658,505,510,301
79,761,1665,418,7,476,303,1569,481,498,126
80,683,1452,1569,761,1665,1561,182,513,1446,383
81,1665,918,63,192,207,1491,514,672,186,126
82,460,218,1492,170,317,1307,264,876,169,1197
83,519,749,746,461,1569,473,163,418,863,478
84,581,1569,1665,918,630,237,151,156,497,745
85,309,163,1446,684,418,364,1431,1025,264,993
86,87,1569,814,264,36,143,897,1555,63,14
87,519,200,212,1645,1104,168,489,553,452,1197
88,237,12,417,596,272,309,477,630,1267,63
89,292,731,238,1665,698,1452,12,264,549,497
90,746,1568,969,163,1374,473,27,192,143,208
91,1665,63,1569,126,514,292,522,186,55,46
92,94,508,520,59,290,346,723,489,432,402
93,1665,505,1569,749,892,355,123,115,1161,90
94,810,746,192,761,489,208,479,264,51,481
95,476,761,429,179,695,108,738,627,741,303
96,179,108,232,301,526,212,289,322,658,653
97,96,122,745,1236,427,380,735,630,202,163
98,522,1665,447,583,686,429,126,761,155,762
99,225,442,1645,312,72,311,1009,62,651,548
100,761,683,810,143,672,78,142,1569,156,264
101,1569,749,522,63,169,1665,18,658,317,650
102,63,303,147,3,126,658,1,810,315,627
103,301,151,115,1251,918,22,702,225,171,1645
104,241,269,22,14,309,326,297,432,163,63
105,1569,204,745,131,590,132,1492,472,98,202
106,505,115,892,204,1161,749,339,85,96,1189
107,519,1665,128,1569,133,115,461,301,13,247
108,309,326,1587,398,312,250,168,779,432,677
109,1446,635,1015,251,545,163,1570,1561,240,442
110,461,73,417,171,115,1665,1561,356,746,133
111,460,745,656,1492,671,749,317,478,208,169
112,427,85,163,865,460,1399,490,422,76,510
113,749,345,650,41,583,199,229,844,30,1251
114,1665,126,522,151,63,583,179,514,749,1569
115,650,918,136,192,1357,326,684,734,85,201
116,749,442,429,583,128,1569,345,1665,738,1570
117,212,1569,1665,519,301,658,200,216,473,232
118,264,1446,1569,14,684,1452,12,163,309,626
119,199,1569,192,518,187,969,519,749,55,87
120,115,1665,1237,731,202,1013,602,431,345,415
121,275,1025,1452,309,326,1541,90,133,136,1569
122,1665,1452,186,590,745,1473,1373,132,58,731
123,737,230,179,1569,23,522,108,213,198,145
124,918,959,225,402,618,330,1104,415,61,829
125,430,1645,94,247,1197,346,489,479,16,651
126,108,177,727,522,737,1232,493,940,429,398
127,312,678,508,254,186,402,672,417,888,520
128,264,1665,478,320,549,300,192,495,345,465
129,1046,168,1036,427,484,209,1289,490,63,483
130,1665,583,191,96,22,461,115,478,151,171
131,1161,1569,749,1665,658,98,526,186,126,8
132,749,18,269,658,94,1008,429,681,1570,280
133,918,650,326,201,250,281,1005,814,225,213
134,1665,1569,482,126,63,522,510,98,505,658
135,1665,749,557,530,461,658,96,46,123,519
136,1115,442,432,1570,1603,1402,143,413,956,290
137,1569,1665,1452,63,199,275,514,297,55,46
138,1665,749,163,510,526,658,484,553,85,656
139,1665,1569,761,590,186,285,168,442,471,478
140,810,1570,761,36,565,519,662,218,177,1204
141,1665,292,514,126,63,186,224,522,237,630
142,1570,143,208,810,51,746,146,1555,312,1399
143,745,1665,202,131,918,482,460,1492,630,1637
144,27,602,209,64,460,422,434,956,431,654
145,163,684,689,530,658,1282,749,192,181,426
146,1569,36,418,1561,163,519,286,731,408,377
147,115,461,204,660,519,301,128,13,1201,43
148,754,163,442,302,1031,92,149,260,510,489
149,442,187,402,723,461,1569,651,191,520,214
150,530,123,192,749,1612,684,1357,658,199,465
151,1492,170,1005,545,207,169,264,1264,1344,460
152,230,628,46,1569,63,531,513,708,804,1570
153,1665,514,292,746,55,186,89,126,115,505
154,1665,224,418,731,202,189,115,461,745,186
155,1665,186,745,731,292,482,1236,522,237,134
156,1665,476,683,1025,168,738,1452,1046,238,274
157,746,1569,132,286,863,356,427,163,377,731
158,163,217,408,628,1399,418,1015,1207,379,1598
159,1665,63,191,526,522,1349,151,1333,22,583
160,628,550,323,3,658,1282,149,1066,705,191
161,418,429,738,1587,442,8,746,1665,312,1568
162,304,522,1568,204,656,191,126,583,1569,192
163,1569,227,199,36,1555,146,1127,331,257,117
164,212,331,1569,844,355,734,301,653,169,326
165,1399,427,212,331,1197,326,169,312,163,1587
166,192,457,304,426,1665,1414,1030,463,678,1641
167,738,478,250,1336,429,1197,957,345,214,662
168,481,442,520,327,14,1569,315,417,489,723
169,565,526,208,522,1399,1569,163,143,460,286
170,163,1569,192,1665,684,658,181,615,897,217
171,269,18,1569,659,581,199,565,1555,331,169
172,1569,749,429,211,473,1665,1161,442,128,656
173,418,163,628,1030,300,1257,530,519,314,320
174,460,27,583,482,168,918,672,654,281,936
175,163,628,1161,658,553,314,1569,323,469,418
176,1665,63,514,522,1333,126,179,894,134,583
177,918,814,402,829,14,312,281,1519,540,956
178,147,741,179,695,476,121,327,315,723,496
179,1569,326,199,344,211,1452,1248,275,749,146
180,326,948,87,162,475,723,518,297,161,227
181,460,208,212,27,18,1399,1267,434,204,1518
182,471,136,168,37,227,274,21,518,1038,923
183,1569,749,123,274,132,497,1161,1612,505,553
184,1569,126,163,96,122,427,1665,161,510,658
185,312,264,1009,1561,284,677,435,1446,1344,883
186,461,132,204,1569,1492,519,479,590,208,128
187,14,1452,683,238,264,292,297,519,300,1561
188,238,716,13,342,155,339,90,966,83,431
189,956,312,1630,63,1570,1665,918,814,810,432
190,1569,1665,442,143,312,186,507,132,1561,746
191,715,23,656,3,662,1027,301,1569,98,283
192,745,427,1492,132,284,163,731,286,497,460
193,662,1665,356,3,51,522,810,151,746,761
194,549,292,1665,238,22,300,309,209,418,73
195,63,161,96,704,476,274,207,484,46,942
196,169,581,814,460,1127,522,237,630,207,1005
197,1665,473,746,749,583,115,204,55,460,41
198,128,115,345,82,133,660,749,507,757,1237
199,326,654,41,168,1569,734,401,482,1587,497
200,275,1521,136,1121,41,168,692,1333,927,161
201,615,897,617,250,658,192,169,983,149,712
202,1570,432,519,442,290,128,94,143,956,208
203,892,41,128,602,301,268,660,275,749,115
204,280,656,314,36,96,64,671,1570,1072,232
205,191,64,96,192,304,161,969,948,119,101
206,286,543,427,131,163,472,36,1047,1280,1569
207,1492,170,673,207,1072,281,460,745,426,240
208,1665,386,460,186,746,514,346,1097,356,286
209,126,163,1665,1569,567,63,510,427,484,173
210,254,1637,753,1280,168,1492,1104,330,918,415
211,408,163,745,435,484,543,283,217,427,36
212,514,1665,1569,1452,151,63,275,182,746,133
213,627,1665,846,658,381,1569,553,126,63,418
214,1665,264,415,683,172,761,431,291,30,514
215,1665,63,583,447,126,191,514,300,522,292
216,518,695,1038,923,1002,471,579,761,344,168
217,1665,182,186,1569,746,522,749,143,356,30
218,749,1665,301,115,1161,217,159,283,1569,96
219,417,508,520,723,282,481,402,596,14,59
220,128,519,1665,473,209,115,602,1570,312,442
221,192,63,814,948,1569,179,18,659,257,181
222,956,218,994,1611,1314,798,303,736,884,165
223,326,1264,734,756,712,240,169,829,918,357
224,1569,522,126,98,482,169,186,507,1665,229
225,683,442,429,82,761,1569,662,301,176,384
226,1665,684,514,134,658,407,63,653,168,92
227,969,1072,192,1030,416,170,21,756,281,163
228,238,292,431,309,1604,90,12,581,716,1526
229,12,264,14,238,416,248,168,540,478,1608
230,1569,146,227,326,36,208,132,1555,143,280
231,1665,602,660,892,301,115,510,22,784,134
232,163,122,427,96,1569,161,391,227,510,314
233,1492,204,98,673,460,745,421,1637,212,213
234,199,222,90,1665,1452,1569,123,55,1541,172
235,96,427,1651,231,425,76,122,483,435,745
236,1665,301,284,128,1569,217,745,115,749,202
237,1015,1569,442,1446,146,251,312,1561,678,143
238,52,1397,746,684,346,1335,863,163,1146,219
239,461,519,1570,418,1561,314,746,442,187,810
240,168,1492,918,519,1665,416,63,21,478,317
241,1569,442,1446,1561,211,565,545,1027,507,761
242,1665,126,163,123,292,320,192,1534,46,418
243,461,204,128,1073,660,187,13,560,301,519
244,1570,519,810,1051,761,1197,1503,618,480,143
245,407,421,602,1665,778,66,514,846,134,27
246,204,13,918,14,1569,192,658,660,96,187
247,1665,1630,1570,1402,957,11,974,30,605,821
248,749,1569,1161,301,1665,55,519,473,128,658
249,473,1665,746,163,519,745,1492,291,1013,749
250,1665,482,191,510,460,522,186,312,254,526
251,1665,126,191,186,168,482,271,442,1569,510
252,202,212,460,1569,204,331,208,1216,247,36
253,1005,281,650,317,897,207,656,192,169,1569
254,1073,402,1524,187,168,31,485,651,59,304
255,519,1046,418,264,218,761,1570,1446,1665,200
256,749,510,163,1665,526,426,658,96,473,76
257,658,442,1569,897,225,520,1495,149,321,1009
258,1569,126,199,186,522,222,187,63,274,213
259,208,212,36,565,1570,437,227,240,1569,526
260,1569,1561,854,1570,1015,147,761,810,442,925
261,204,1569,425,469,202,132,543,427,286,216
262,192,163,460,1665,27,581,495,12,746,1117
263,918,1296,161,355,630,402,1333,272,1569,130
264,236,63,522,126,147,1569,179,741,865,227
265,1665,745,122,292,12,1491,497,238,202,96
266,1665,473,128,749,41,583,115,55,1569,602
267,1665,407,151,1485,583,658,749,778,684,134
268,1431,740,500,202,1665,58,745,892,1304,224
269,41,128,132,473,1391,519,1569,284,200,67
270,192,1665,63,96,749,163,207,304,181,126
271,22,63,1665,522,514,126,151,237,186,192
272,1665,115,418,189,202,731,356,239,238,73
273,192,14,897,675,187,402,742,126,549,520
274,169,108,212,522,516,232,63,918,1569,653
275,186,1665,514,126,522,482,583,63,55,271
276,1569,457,1561,761,1665,187,519,1570,545,471
277,168,918,12,96,482,207,14,27,505,21
278,849,1376,694,346,177,1603,677,156,11,1525
279,519,1569,1274,457,132,461,416,557,282,1446
280,518,309,264,246,326,734,250,1526,664,238
281,720,133,723,155,496,1519,742,249,225,309
282,918,510,301,653,434,1665,407,482,658,212
283,1569,1665,461,1161,761,519,1561,356,186,187
284,1665,432,94,508,596,402,312,290,442,186
285,469,212,255,1418,1178,163,269,240,1008,898
286,738,1665,429,222,749,442,8,1587,1379,211
287,1570,1015,143,746,217,635,163,1374,251,656
288,956,73,312,156,688,1344,417,614,932,596
289,14,1197,212,204,311,331,460,1645,897,250
290,1665,312,1452,918,672,275,168,677,683,133
291,1665,514,1569,186,746,126,199,55,133,190
292,1665,482,22,514,1333,126,583,186,134,237
293,168,1665,1570,312,128,519,461,402,473,1524
294,1569,519,301,23,273,749,274,283,660,683
295,1569,123,581,292,199,90,749,46,497,427
296,187,115,339,1569,55,90,292,133,126,274
297,918,254,207,1569,186,630,402,587,57,482
298,473,1665,519,168,457,150,172,271,264,461
299,200,519,1569,1013,846,1665,473,1570,639,1046
300,254,312,23,327,115,482,73,442,214,1568
301,746,146,199,41,1569,1391,473,749,927,1568
302,402,918,1333,191,1073,187,161,304,1524,63
303,522,1569,108,63,23,169,179,147,1506,1296
304,658,660,684,123,1269,128,1080,553,1490,510
305,163,557,96,416,1414,204,469,510,1592,461
306,632,204,212,1645,434,918,1296,1468,658,1569
307,136,684,309,1569,443,275,168,432,188,695
308,1569,208,227,545,344,471,635,658,1446,1555
309,128,132,204,660,1569,749,41,505,651,461
310,1569,199,746,429,317,281,518,969,1005,222
311,1569,505,274,204,211,132,427,202,497,651
312,427,522,526,460,169,1399,202,731,509,1587
313,1530,427,543,251,936,483,484,1036,435,408
314,128,149,301,407,510,1665,442,151,1431,658
315,646,1569,1561,498,377,604,500,557,1534,380
316,460,746,522,208,1665,473,490,51,224,212
317,163,427,36,224,209,297,314,12,1267,543
318,761,810,417,519,14,94,1569,156,73,36
319,1570,429,214,738,73,442,209,519,1587,115
320,745,132,202,497,505,41,1665,427,482,204
321,22,151,18,163,745,427,1665,711,269,1052
322,1665,749,583,191,55,746,63,126,96,22
323,168,519,1569,213,1570,200,198,695,429,232
324,345,745,1665,749,660,380,151,115,123,1414
325,460,212,1013,1103,200,434,401,972,386,657
326,355,161,1521,13,1239,1333,497,695,168,553
327,1569,264,545,1561,14,478,1665,495,1446,163
328,1665,545,151,163,662,217,457,478,92,442
329,1569,519,264,14,238,274,1009,326,273,471
330,1665,217,8,115,22,697,82,742,122,71
331,522,108,1587,1046,1570,645,1569,147,23,63
332,460,208,434,212,918,1645,1155,632,204,330
333,894,658,749,123,179,1665,126,201,212,55
334,1587,146,312,490,1015,143,821,883,1570,854
335,74,888,1561,155,187,1443,742,126,186,417
336,168,518,264,12,290,918,240,21,87,297
337,749,284,1665,75,217,283,745,1569,301,526
338,749,1665,1161,1569,505,892,473,55,510,41
339,168,923,330,518,21,489,519,761,957,1130
340,553,212,1665,163,658,1492,460,134,510,421
341,1521,695,421,833,827,1239,780,431,479,1182
342,213,1569,658,918,204,1073,505,355,749,1333
343,1665,514,212,134,581,658,186,126,237,684
344,1665,12,192,264,514,172,57,14,126,156
345,752,920,1098,442,429,821,656,865,379,204
346,522,1555,63,1296,208,113,526,1047,235,933
347,1570,1569,326,432,227,146,36,442,519,1446
348,749,1569,526,159,211,1161,98,658,301,213
349,505,482,96,85,355,510,201,692,204,123
350,1569,635,70,442,227,1446,618,326,211,163
351,490,85,1587,270,427,692,1289,738,15,1568
352,192,163,303,126,63,315,96,207,1561,897
353,658,553,1397,1439,1155,1184,1431,510,539,1025
354,168,1569,519,274,1073,204,21,651,13,187
355,199,280,814,1569,746,1570,1072,969,182,1568
356,442,1569,214,143,519,1570,14,163,618,312
357,187,1569,966,673,339,502,443,199,644,55
358,1665,312,442,429,133,746,143,1569,128,750
359,1569,1665,1431,202,745,98,301,500,274,122
360,204,1569,98,505,749,123,745,213,96,482
361,746,810,94,1197,51,269,1570,429,339,1645
362,613,683,662,345,761,399,1665,1379,429,348
363,738,168,301,980,96,191,214,519,271,510
364,457,199,1569,186,649,749,55,1665,63,192
365,526,510,191,738,301,128,1665,442,214,407
366,519,128,339,429,133,1570,432,1665,55,442
367,746,51,115,418,356,1665,224,128,461,640
368,429,442,1569,738,128,301,82,214,519,115
369,1569,863,18,1216,269,698,745,749,427,163
370,63,1570,1569,1005,522,36,814,281,317,147
371,689,664,1570,519,168,163,1446,251,473,209
372,519,469,128,461,243,1645,14,276,442,1155
373,1035,886,382,1279,218,1420,1036,63,291,937
374,918,482,434,312,431,254,212,169,602,567
375,1569,132,1665,199,133,520,187,167,128,507
376,199,746,814,1665,1569,918,55,1519,94,172
377,1569,14,12,497,238,1498,163,264,918,1665
378,1665,264,581,192,12,199,126,292,172,514
379,1665,660,128,530,749,495,345,300,192,478
380,13,115,505,238,431,966,367,476,420,695
381,113,1013,200,519,1161,731,421,854,1178,36
382,745,1665,292,224,115,202,731,749,1651,96
383,1569,519,168,918,14,312,432,326,1519,247
384,500,405,1665,553,740,731,833,1027,821,1656
385,519,1570,264,1569,761,1446,518,683,1665,168
386,1665,133,115,345,30,90,1251,1604,89,885
387,814,432,269,1570,63,264,1519,94,108,956
388,1665,1431,427,892,505,510,482,163,186,140
389,1569,1280,472,543,244,1155,207,630,36,741
390,1665,151,745,461,286,1377,163,202,224,356
391,581,292,427,237,238,22,202,355,630,417
392,519,1446,200,1570,36,442,1569,1525,761,1611
393,1569,204,163,519,212,469,658,461,13,314
394,204,345,213,415,671,650,749,460,745,583
395,169,522,63,734,36,108,1569,1103,1307,212
396,1665,918,482,583,672,415,522,213,63,134
397,286,346,1555,163,1267,192,721,460,52,240
398,1569,1446,471,519,344,146,132,518,243,1525
399,1568,312,417,678,508,186,481,596,848,254
400,163,897,241,1030,70,280,863,314,989,18
401,192,918,12,530,1568,163,14,96,136,207
402,432,723,814,290,94,59,1519,227,518,87
403,897,1115,1603,615,149,315,163,850,303,327
404,951,354,73,608,476,447,1053,716,594,704
405,793,602,22,115,483,309,1294,885,549,738
406,204,1569,23,1665,505,126,247,13,481,212
407,309,149,301,510,442,234,368,261,553,893
408,517,1665,151,742,683,301,662,1230,563,830
409,417,897,192,14,238,12,315,303,73,292
410,1665,264,12,602,172,238,418,156,11,312
411,237,63,156,269,522,1569,22,126,264,1568
412,192,57,136,204,207,123,651,918,658,1569
413,684,1569,63,658,163,192,689,432,275,749
414,761,1569,519,147,1665,126,810,51,204,208
415,1569,63,1492,518,761,673,199,814,264,519
416,147,1569,36,274,519,204,187,247,761,417
417,63,303,820,531,948,46,1345,192,161,1
418,460,192,581,204,1397,286,495,57,745,130
419,96,749,505,187,355,1569,55,892,13,274
420,522,1391,66,1587,269,1665,30,312,178,583
421,1665,1569,749,186,55,187,761,457,182,1161
422,1569,1665,658,151,749,57,13,613,167,461
423,283,202,435,217,408,558,1263,115,122,418
424,413,1630,1402,778,1516,432,725,605,94,290
425,1569,500,23,115,283,8,731,1665,123,202
426,121,489,469,417,481,479,94,596,346,290
427,212,1155,658,897,581,269,331,257,1569,192
428,1665,22,115,171,461,583,442,312,191,128
429,415,1665,460,762,1637,745,131,522,204,630
430,442,214,327,315,481,865,312,147,254,761
431,191,96,64,251,214,1015,76,211,122,738
432,461,14,57,519,128,94,290,613,59,520
433,1662,480,457,1570,37,21,618,1503,485,957
434,442,461,128,204,658,651,821,198,958,519
435,658,1569,429,442,1570,211,656,749,526,813
436,1088,897,238,942,944,303,1114,245,1526,630
437,63,264,292,549,514,297,36,814,269,120
438,1569,207,274,1025,497,918,136,471,168,63
439,212,553,658,689,602,149,163,510,529,684
440,115,73,429,522,23,738,256,108,232,247
441,1665,442,1569,186,55,413,1570,191,583,749
442,429,126,155,496,78,481,292,1379,761,1251
443,427,224,522,1568,490,292,186,417,746,1569
444,811,485,726,946,651,304,1195,204,132,1148
445,264,163,746,418,297,863,240,1030,714,36
446,522,526,1665,22,583,269,746,460,63,18
447,1665,151,749,828,275,684,725,515,1198,11
448,300,749,46,530,1665,55,689,1612,184,684
449,1569,731,36,274,283,522,238,131,418,761
450,179,1128,1570,526,484,108,656,1496,232,771
451,1569,1508,199,228,749,311,1557,229,222,537
452,461,191,583,1665,64,214,402,55,442,94
453,303,897,741,256,327,484,73,238,476,567
454,1569,507,749,222,650,169,1665,1009,49,522
455,749,1569,128,1665,473,275,217,635,1015,314
456,1569,1665,199,63,522,126,746,514,264,55
457,1665,254,451,1603,677,168,156,368,1263,1431
458,1197,429,761,537,311,317,683,281,738,1645
459,115,1665,418,746,22,163,300,749,314,892
460,238,292,1569,274,126,393,476,741,207,581
461,36,218,519,484,73,1611,9,63,163,418
462,1127,826,192,123,1569,199,439,603,1161,257
463,1569,1665,14,126,309,238,163,184,271,179
464,1569,658,510,442,128,274,553,122,204,301
465,1568,952,64,22,927,746,241,269,35,62
466,1665,186,224,254,237,525,12,482,346,312
467,1665,918,514,12,63,192,126,172,292,168
468,660,745,204,1665,123,163,658,749,495,238
469,264,163,192,241,143,14,684,312,442,545
470,888,315,1534,472,1344,1561,1413,1425,520,498
471,1569,326,211,179,1487,1446,108,432,344,471
472,402,57,918,192,461,520,481,94,1665,651
473,1665,749,583,55,126,1569,746,187,192,63
474,427,224,1431,892,202,422,163,731,1419,140
475,1665,678,312,186,596,417,1568,143,746,156
476,519,1569,658,14,264,163,846,684,212,432
477,678,31,616,416,1591,457,536,1241,557,282
478,581,514,237,1665,522,156,814,22,151,918
479,581,1569,520,57,156,1534,918,193,316,192
480,1569,326,132,1009,70,497,1127,264,581,863
481,238,1569,264,36,14,156,417,73,418,519
482,712,136,1470,1569,581,57,87,471,1412,1009
483,192,969,650,429,1197,317,201,618,1662,88
484,163,241,689,297,684,300,615,530,275,184
485,1665,581,745,63,630,522,482,237,126,1236
486,63,212,658,1662,846,565,627,484,303,208
487,814,1197,280,281,1072,1569,1005,18,36,969
488,1569,522,211,186,227,146,199,213,178,222
489,583,1665,345,213,505,115,23,885,522,1251
490,1645,1397,1568,651,1357,192,90,650,431,49
491,498,1665,662,683,3,761,82,1561,356,517
492,1399,312,1267,35,1296,1555,956,22,269,887
493,678,1665,1570,290,956,596,143,312,1015,474
494,147,23,1569,741,865,212,113,274,522,1557
495,115,82,43,128,984,1201,1392,660,840,301
496,212,442,1027,301,548,429,1518,658,526,128
497,1665,134,421,1521,151,301,749,892,653,514
498,418,1665,662,498,761,320,821,731,478,379
499,179,658,443,188,301,1569,627,684,381,749
500,1665,63,522,1570,526,627,519,200,846,658
501,1570,645,1587,872,738,1046,108,363,168,37
502,1127,1569,1230,1502,1025,1541,1523,178,321,1534
503,1569,1446,36,63,519,326,1103,211,230,1570
504,519,240,36,132,543,326,936,497,296,1492
505,522,1568,544,169,63,192,746,490,186,237
506,1569,212,1027,227,23,147,208,254,522,200
507,1665,123,745,749,355,581,1414,505,497,134
508,1251,583,169,844,345,115,650,529,18,415
509,169,264,312,1569,326,317,429,1197,143,1005
510,149,191,658,1665,63,301,181,163,510,232
511,749,1665,746,461,1569,199,187,473,761,55
512,326,1569,312,264,36,227,918,14,317,168
513,918,168,1569,301,326,14,432,519,1519,1073
514,63,1569,522,186,471,126,179,626,227,526
515,1569,749,187,55,199,123,275,192,1665,46
516,398,90,339,199,927,692,41,651,493,326
517,241,897,429,269,14,300,250,192,18,348
518,346,237,514,581,156,1665,1335,52,186,151
519,1561,187,14,1569,461,82,442,71,723,897
520,1296,432,1518,63,151,232,212,1570,583,454
521,1665,522,514,22,115,583,526,356,134,212
522,204,427,274,1569,163,327,212,122,510,865
523,1569,146,649,211,1015,1446,275,227,119,326
524,119,64,14,956,432,192,442,402,675,508
525,12,497,168,918,1665,482,508,81,187,132
526,1127,237,581,427,933,289,1523,630,1077,22
527,746,1665,345,429,738,583,30,128,956,115
528,1570,1665,761,218,519,317,200,63,1569,522
529,163,519,36,689,240,1569,314,469,473,734
530,498,418,82,115,1569,429,1561,662,507,761
531,168,519,1569,317,63,918,1492,264,518,814
532,317,656,1005,426,738,478,507,1569,281,761
533,519,442,133,1569,1570,216,1376,200,177,418
534,1569,326,212,1487,355,331,274,497,734,309
535,465,264,1109,540,431,367,12,172,238,673
536,1665,186,126,292,55,1569,1161,187,199,46
537,522,98,746,731,749,460,1665,126,186,117
538,918,207,745,151,660,204,557,1492,1414,96
539,1665,1569,749,301,126,510,271,522,658,115
540,284,30,761,1665,1569,222,1587,731,143,683
541,482,1665,505,415,497,1236,186,405,1569,590
542,1569,284,1665,658,63,163,273,1446,212,626
543,1665,478,143,163,312,49,192,545,442,175
544,212,1645,331,1027,489,752,1197,250,548,553
545,269,314,163,146,1399,1570,427,473,746,208
546,1569,143,1665,1570,457,545,1015,1446,442,182
547,522,108,526,169,212,460,63,1232,1225,179
548,1569,192,126,199,520,204,187,87,651,402
549,64,357,326,689,119,85,70,214,96,122
550,74,513,199,63,1569,1443,230,659,187,814
551,1569,163,418,442,519,810,208,3,1665,658
552,1665,519,224,473,418,746,209,168,1570,51
553,1568,1569,312,587,326,357,227,143,482,507
554,658,553,526,656,510,749,1569,98,212,208
555,96,163,161,530,192,1665,55,184,292,122
556,1665,519,1013,846,761,662,200,565,284,218
557,749,892,1665,96,163,658,510,553,301,689
558,168,200,1665,312,672,218,677,442,1524,254
559,658,1569,1333,179,126,161,63,526,1349,355
560,1665,749,55,746,123,199,228,345,300,222
561,382,60,585,672,745,936,218,981,525,736
562,21,692,168,471,290,187,651,618,227,489
563,1569,749,507,182,199,30,222,284,229,128
564,1569,128,133,115,41,1376,326,339,301,247
565,1569,1665,1561,126,46,217,186,557,1161,761
566,684,136,1612,553,832,749,1665,284,199,846
567,510,892,1431,122,96,505,740,553,115,567
568,192,897,238,481,123,581,495,1534,1665,1569
569,1568,442,1037,1665,746,678,320,481,474,821
570,1665,749,658,660,301,1569,461,55,13,123
571,303,96,204,469,13,192,1414,207,557,57
572,1665,1569,186,126,522,8,190,312,156,356
573,918,238,683,1251,14,415,1009,225,156,81
574,199,74,1569,147,344,878,1519,874,959,228
575,1569,522,169,36,565,208,460,63,18,814
576,1492,273,519,284,264,200,218,1569,317,846
577,1197,264,37,738,317,214,956,1344,478,175
578,1665,12,238,264,14,292,168,416,519,761
579,583,74,115,1443,1132,730,312,402,187,595
580,1665,892,301,98,1023,23,658,526,3,1161
581,1665,846,514,269,22,133,602,356,11,684
582,1665,514,126,292,55,1569,22,134,482,13
583,432,212,227,326,179,232,188,918,1569,1296
584,291,264,284,863,731,746,377,527,1569,1665
585,1570,214,314,738,209,217,64,1530,1015,442
586,76,1289,427,482,85,1236,692,96,161,44
587,36,1392,519,247,73,339,43,417,1519,1125
588,264,238,168,518,12,303,695,476,1046,923
589,122,557,96,163,1431,510,461,1665,245,658
590,163,122,1431,427,1569,96,314,268,1665,1161
591,1665,918,402,1443,191,672,63,275,1524,1452
592,1569,649,1443,187,457,199,182,74,545,1561
593,297,1665,746,264,300,519,473,1569,55,199
594,1665,749,1569,128,473,461,151,132,457,55
595,1570,519,442,214,21,810,175,143,761,163
596,94,402,723,417,596,1519,508,1568,59,315
597,212,1569,208,1399,656,280,460,526,204,169
598,489,519,163,21,1570,618,290,227,1051,208
599,1569,427,749,41,199,746,292,473,326,53
600,660,128,1193,204,1073,213,786,560,301,595
601,214,301,519,212,232,1518,442,322,73,209
602,1569,204,187,274,23,247,651,211,198,723
603,567,309,149,245,1603,256,1344,254,315,1139
604,519,1665,746,473,416,1492,224,461,726,527
605,519,1569,36,473,208,1570,163,227,240,132
606,1665,1569,186,222,133,749,8,90,55,126
607,36,418,46,1258,628,484,519,1016,377,408
608,1030,163,418,1598,736,303,18,746,1665,217
609,1492,745,460,1665,473,731,421,286,1083,132
610,1569,128,211,133,442,187,198,115,23,213
611,264,518,1446,326,297,519,1569,689,241,863
612,749,1569,1665,204,658,151,18,583,128,49
613,526,1569,212,169,98,658,522,108,23,179
614,1665,123,590,749,761,186,57,7,204,426
615,918,1665,168,415,431,482,479,12,172,57
616,526,66,622,1146,1307,1260,483,892,522,212
617,460,490,1568,746,1374,427,544,692,27,522
618,814,1005,169,918,522,959,63,108,706,1232
619,357,1221,231,651,1175,204,754,326,1193,1073
620,662,3,1665,301,583,671,429,749,442,1518
621,1665,746,821,1587,143,418,224,490,51,678
622,918,581,497,1127,326,1009,169,434,630,238
623,1665,1569,63,749,163,126,473,271,658,55
624,212,331,301,128,1569,602,892,505,429,355
625,520,481,1333,402,1073,57,1502,31,1406,508
626,199,746,1097,1008,52,874,1072,544,437,208
627,1569,211,301,217,1570,656,526,1015,227,442
628,918,1665,1569,63,186,545,312,672,168,402
629,432,149,121,290,942,1570,309,723,596,234
630,1568,1569,746,126,442,429,192,315,143,1561
631,918,402,225,415,1251,672,204,482,505,1078
632,326,254,1569,227,312,327,427,567,587,321
633,217,163,1015,214,738,191,484,96,1665,418
634,122,427,292,96,163,1569,274,126,1431,1561
635,163,1570,314,269,432,1282,658,442,1518,1569
636,489,736,460,478,585,27,12,264,540,73
637,956,11,1570,846,73,810,1518,418,3,662
638,132,286,497,1045,346,479,1388,310,1301,490
639,212,1665,301,918,653,232,522,658,583,151
640,1665,1569,8,126,731,1027,186,222,23,522
641,454,964,918,543,657,632,1280,829,1399,805
642,1665,482,168,63,1333,186,778,134,510,212
643,212,1399,1569,227,526,208,522,1027,657,565
644,1665,749,745,134,1521,1414,482,505,1333,510
645,163,519,689,1570,240,1446,63,1569,635,684
646,1569,227,168,63,519,326,36,212,1570,232
647,212,918,706,1155,1202,814,169,1470,617,1296
648,73,147,522,761,810,762,1665,447,417,23
649,602,431,1665,846,309,519,264,238,172,514
650,163,217,418,1665,746,224,1030,745,427,300
651,1569,1561,297,36,146,1446,314,241,14,723
652,429,498,228,746,466,1496,320,1665,148,1091
653,761,683,168,519,1492,78,317,1569,264,281
654,1446,1587,1046,1289,168,1015,490,451,284,1665
655,778,658,413,1333,607,553,272,1603,149,481
656,519,461,96,416,204,122,411,469,13,1003
657,1665,746,163,224,186,1568,356,418,126,51
658,274,222,238,123,201,405,1569,476,126,292
659,1645,840,1155,660,151,128,607,171,18,517
660,918,225,402,155,78,1569,1665,156,247,672
661,658,553,484,163,44,689,1492,510,426,170
662,746,1570,1665,51,224,810,163,208,473,418
663,1665,186,1569,482,918,178,415,123,57,1357
664,212,519,200,1254,553,1061,1518,301,658,846
665,1569,749,1161,658,98,526,1665,186,123,199
666,96,530,1665,187,55,664,292,726,161,505
667,309,168,64,489,602,14,519,664,754,209
668,1665,415,123,1414,1269,510,44,1277,426,405
669,1127,169,434,581,1397,1155,460,918,212,26
670,149,1155,105,884,1399,477,163,1267,469,1592
671,1569,1161,146,211,132,519,243,326,187,314
672,510,96,163,191,204,168,122,482,21,651
673,63,484,522,73,232,303,108,218,217,36
674,461,204,658,557,469,1414,128,510,778,1665
675,460,1492,212,317,1197,434,169,745,738,273
676,1587,145,727,522,496,972,51,1436,5,429
677,63,1296,237,522,169,227,1569,269,179,1399
678,749,30,1569,128,746,507,345,115,199,182
679,1665,168,918,602,14,128,461,431,519,267
680,1392,115,202,395,745,519,238,248,979,506
681,64,27,460,602,422,209,212,664,654,1061
682,238,292,1612,309,476,12,734,46,342,184
683,417,286,130,520,204,254,346,481,489,327
684,300,519,264,746,627,418,429,1665,1570,1503
685,1569,1665,731,1161,126,356,581,123,55,199
686,1569,417,596,227,1561,282,163,315,442,1015
687,254,1569,227,326,132,497,312,427,432,1296
688,64,723,1645,432,214,969,1402,1568,429,442
689,286,1555,186,472,457,649,346,1491,823,678
690,168,664,689,76,96,326,64,201,63,692
691,417,442,1561,520,508,888,1519,402,312,1569
692,484,303,476,149,289,96,163,179,73,301
693,326,1569,41,297,187,64,55,654,595,473
694,128,301,41,243,133,275,268,660,1376,1569
695,745,283,115,749,1665,1651,217,202,435,1030
696,1569,211,198,1027,23,442,658,541,229,257
697,723,432,1073,119,64,402,168,59,651,296
698,553,658,1569,526,510,749,1027,163,212,1161
699,956,192,918,171,27,1665,460,402,1568,49
700,96,204,1569,238,122,14,13,187,115,123
701,918,225,1296,632,1485,454,1645,119,402,706
702,918,169,63,814,312,192,163,207,567,829
703,482,41,427,654,602,525,312,434,1665,22
704,723,309,14,327,406,897,1465,64,246,250
705,658,204,301,510,519,1569,128,163,212,442
706,1569,658,122,1161,1118,520,649,1534,1157,1439
707,671,1005,814,681,650,317,281,918,1662,65
708,314,1568,746,163,427,1374,217,490,408,1570
709,1665,186,168,482,1587,271,731,224,1046,514
710,13,355,204,658,1612,1569,123,96,274,553
711,1608,897,246,309,1080,1256,14,238,1470,1197
712,417,312,1568,525,956,402,1665,210,171,346
713,1570,429,730,442,214,398,958,1645,940,198
714,1665,1570,810,191,1083,762,461,761,821,519
715,12,238,14,497,735,1498,81,918,602,168
716,163,418,484,238,122,658,539,510,314,897
717,1570,442,814,956,432,214,14,897,119,1402
718,746,1651,537,1072,36,673,473,377,1030,519
719,238,1569,292,731,274,1665,126,476,418,222
720,168,618,1665,57,918,761,204,460,1569,61
721,163,746,1568,495,192,297,427,418,264,14
722,429,14,761,250,683,476,303,256,442,95
723,956,191,214,315,73,1360,680,477,564,945
724,269,846,1103,381,179,108,514,1665,522,429
725,1046,168,251,418,292,519,899,416,274,1561
726,761,519,430,461,810,957,61,94,168,95
727,1569,418,217,1665,314,442,163,73,36,327
728,761,1570,177,1630,810,11,63,613,627,846
729,303,149,1665,1321,615,181,658,250,897,256
730,170,163,689,303,1030,1257,664,484,240,655
731,85,1568,505,460,204,115,746,651,429,229
732,46,1665,300,828,557,514,673,902,292,628
733,357,427,489,425,163,1183,497,204,664,296
734,1665,761,683,442,590,461,383,225,23,186
735,187,90,339,189,505,55,1161,122,1431,115
736,1665,151,749,1569,1126,1161,659,63,3,186
737,1665,212,460,522,1645,429,583,317,194,213
738,35,1127,1399,1425,62,327,379,680,427,254
739,1665,519,238,115,168,461,14,12,13,602
740,1665,745,590,731,557,202,224,131,736,478
741,1665,126,749,55,46,187,292,1561,96,461
742,1569,658,1025,684,749,301,275,123,273,284
743,1665,224,292,163,514,746,418,12,490,209
744,9,708,804,244,3,36,63,522,113,659
745,73,956,51,810,460,209,214,1665,312,1518
746,254,482,1665,168,405,567,186,312,415,44
747,1569,522,1665,312,507,143,356,746,190,182
748,746,264,1197,269,1568,27,863,51,356,460
749,1570,1665,442,429,1569,126,191,187,583,214
750,115,128,312,202,132,41,1587,1391,746,133
751,546,496,422,255,548,487,490,85,220,894
752,1492,736,395,745,1637,202,131,1280,585,12
753,1569,1452,264,297,1446,1561,432,241,14,508
754,897,238,1155,327,73,1009,256,1425,225,354
755,128,442,677,1446,1665,284,515,264,1525,312
756,1569,63,199,227,94,1570,432,1665,55,126
757,695,1665,658,63,200,879,627,168,23,761
758,1197,212,489,214,1645,432,618,21,227,330
759,326,1487,391,1125,1061,296,355,948,723,1221
760,746,969,1568,810,466,300,666,429,1570,568
761,264,11,12,1590,14,361,956,172,746,903
762,123,55,13,581,749,443,658,174,1612,846
763,460,212,654,473,326,204,27,227,208,427
764,457,749,1665,557,163,1161,46,426,1414,778
765,1569,1665,1452,1561,275,1446,545,158,557,442
766,1569,207,630,169,98,497,581,482,745,427
767,186,63,1569,522,199,126,237,581,207,1492
768,163,684,192,1569,240,227,689,290,649,658
769,1569,63,46,275,1452,1446,211,749,326,297
770,1334,1490,469,520,204,1155,658,1439,1115,121
771,522,1569,746,143,1665,565,186,507,126,217
772,658,151,1414,98,204,1569,1333,918,1485,1296
773,407,789,41,619,330,1301,1461,632,1524,1011
774,1569,507,749,186,211,427,85,1568,522,126
775,1665,11,519,418,1590,965,312,383,156,133
776,1569,314,442,432,658,227,723,708,635,257
777,1665,886,341,1452,1630,275,1438,11,514,133
778,212,204,227,208,658,460,163,510,489,21
779,918,567,254,225,434,312,482,829,754,446
780,41,581,1077,602,434,431,269,22,1665,237
781,1569,741,274,147,1557,227,326,161,475,179
782,1665,746,1587,1568,429,85,30,522,88,583
783,1569,312,1665,326,128,241,473,264,132,284
784,918,192,22,402,814,14,63,312,171,269
785,1569,761,519,1492,204,199,208,36,21,518
786,119,1645,225,442,1009,918,454,632,897,321
787,1569,284,507,749,590,545,123,222,426,1665
788,179,22,289,372,184,1431,63,720,232,892
789,128,519,442,168,1446,738,1570,82,133,461
790,169,326,918,427,254,567,207,482,630,516
791,1645,115,128,583,214,429,738,220,1251,496
792,1665,312,1570,168,762,583,191,200,214,218
793,1665,514,1569,151,156,186,126,133,356,522
794,846,212,156,1155,1569,879,514,1665,346,641
795,518,969,618,471,21,317,480,761,59,281
796,460,434,1665,407,918,602,27,567,169,1637
797,238,406,311,770,121,309,327,1294,723,984
798,192,530,1561,163,649,1569,96,557,14,1534
799,1569,473,746,519,1665,312,1587,264,132,271
800,1570,442,432,214,191,723,730,1015,227,232
801,1197,1570,956,1645,429,269,1518,51,5,212
802,1025,1431,1665,122,275,96,1541,1452,292,530
803,23,1569,1027,761,212,442,658,429,1155,156
804,1376,133,1452,1182,1025,309,275,849,641,602
805,602,309,892,431,12,355,1431,684,1665,654
806,677,284,1569,1009,434,273,321,454,516,326
807,14,192,897,22,69,238,122,171,96,1568
808,442,418,1665,481,73,761,320,1561,429,662
809,1569,519,36,73,417,418,238,312,247,14
810,1569,1009,23,507,222,1027,311,312,541,429
811,108,429,1570,179,493,232,1204,522,147,23
812,326,357,692,85,587,1568,1005,959,169,427
813,846,269,432,518,1570,290,519,264,63,627
814,204,651,811,877,212,656,208,671,1645,304
815,1570,522,429,5,73,1197,810,51,36,212
816,1665,271,429,821,88,894,413,519,658,487
817,1665,583,191,126,505,155,447,522,115,482
818,1665,749,128,8,429,1569,345,82,442,418
819,1665,1561,1570,596,1015,678,1,461,191,417
820,187,651,168,416,14,204,21,274,519,238
821,192,650,14,1251,69,128,22,675,241,49
822,1665,1569,63,126,186,557,545,192,275,207
823,217,283,75,1431,738,200,529,202,1665,719
824,522,108,761,1005,429,1197,222,959,30,565
825,269,429,381,746,5,264,466,309,418,184
826,519,461,314,14,442,1570,1665,1377,418,1569
827,1349,717,628,217,230,301,1494,211,550,1569
828,186,1665,126,1569,187,57,199,402,222,78
829,18,660,745,1492,460,671,653,151,208,1629
830,18,1665,522,583,22,171,3,257,115,151
831,1569,312,1570,326,211,251,442,214,1015,1005
832,821,405,222,186,1141,727,526,1665,1656,1587
833,64,749,746,969,1570,473,689,55,314,429
834,268,427,163,602,1431,301,892,654,314,22
835,1665,292,22,549,746,514,745,522,126,224
836,96,658,1490,1028,1257,192,530,204,13,689
837,1569,918,1519,167,402,128,204,187,660,814
838,650,1128,270,85,738,201,894,1138,429,526
839,1569,213,1492,673,283,23,284,749,50,222
840,429,565,761,519,418,658,846,264,163,810
841,1431,526,217,1349,892,372,8,289,301,149
842,199,339,1569,398,429,229,1376,331,41,326
843,461,519,810,14,151,163,1540,746,469,1665
844,1569,243,519,1561,1446,14,1498,187,282,46
845,1665,168,128,442,312,678,478,619,1590,92
846,269,1008,243,432,94,687,846,264,241,684
847,245,1025,149,368,309,432,234,1088,1446,942
848,519,163,1569,36,418,1570,473,314,746,21
849,918,617,264,1155,897,1197,330,618,207,1637
850,1665,1569,186,746,143,199,133,146,522,126
851,212,1569,208,227,286,163,460,1155,1399,195
852,264,918,63,169,237,587,12,312,330,207
853,41,199,186,55,1569,684,1665,275,132,178
854,1665,1569,1492,683,761,284,590,50,457,545
855,126,207,1665,292,303,897,63,1569,567,96
856,122,481,187,520,1561,282,96,315,811,651
857,187,1569,274,161,1161,55,692,854,126,236
858,628,36,519,1570,708,314,418,1569,627,230
859,1569,471,126,274,199,207,46,222,123,741
860,660,128,14,519,248,897,1498,461,1608,1645
861,269,241,128,1103,301,844,749,602,473,863
862,211,187,1569,1015,76,217,251,96,1478,191
863,481,192,1603,442,1568,520,14,315,508,1665
864,177,725,605,3,461,662,613,761,1665,11
865,204,461,202,749,1401,745,115,1161,557,1665
866,519,128,1665,749,660,461,602,684,271,510
867,115,892,1431,22,1665,301,602,583,1052,151
868,1333,96,44,355,510,1277,892,505,567,1292
869,1569,186,199,126,1665,222,471,1161,55,457
870,432,737,1296,1506,940,1219,1569,720,178,918
871,36,63,418,484,303,251,292,1015,1570,522
872,522,1005,169,108,225,814,23,460,147,256
873,1665,1569,63,126,749,301,658,151,55,514
874,1665,1452,275,583,55,41,1569,749,514,22
875,1665,96,122,163,745,14,12,238,510,478
876,519,1665,461,761,662,613,442,557,683,478
877,447,918,672,1073,159,736,1443,96,762,168
878,63,18,1570,1629,181,280,3,151,484,749
879,1665,1587,8,490,186,224,312,418,821,522
880,1665,738,746,291,1587,264,429,522,317,478
881,460,212,761,762,147,522,741,317,824,23
882,168,553,1521,234,309,188,1349,1665,432,695
883,658,1088,46,1025,1252,301,557,662,660,613
884,238,15,738,201,518,168,85,664,317,478
885,115,1587,1665,73,738,762,1160,239,972,209
886,254,1104,505,651,754,198,274,23,821,26
887,1569,187,204,14,13,274,132,1665,167,749
888,519,1665,168,683,14,461,55,128,301,627
889,1665,749,123,505,1414,204,98,1357,96,510
890,1492,163,36,1569,745,12,714,519,292,1561
891,1665,163,749,1569,658,192,510,186,746,85
892,312,1665,186,1569,143,417,746,254,1568,678
893,1569,1665,186,1161,731,749,199,126,46,222
894,461,1665,204,519,761,481,810,478,13,658
895,402,100,1132,1078,74,918,225,352,1568,672
896,237,1569,36,401,522,326,147,227,1103,63
897,432,309,723,301,119,122,893,64,14,128
898,192,897,712,14,530,207,918,87,675,1515
899,115,1251,505,345,583,1645,496,85,220,1299
900,264,691,1197,346,540,12,36,1555,240,1492
901,415,959,673,1492,50,222,581,81,713,460
902,1665,63,186,457,522,1569,590,545,107,649
903,1492,344,36,264,240,401,1569,326,273,1103
904,1665,312,186,522,1569,63,237,514,156,482
905,1665,217,163,484,96,418,63,1569,301,426
906,519,418,163,1446,36,1570,1569,264,309,1103
907,274,1569,326,497,505,427,238,355,81,519
908,1569,497,1155,132,1009,254,1127,202,427,434
909,918,63,192,402,57,1665,1485,207,136,199
910,264,418,846,746,300,320,863,1665,291,238
911,581,1492,207,630,1049,673,130,63,57,87
912,746,52,300,549,22,269,292,514,666,465
913,1492,745,660,1629,519,218,786,1013,395,460
914,312,442,128,1665,461,508,132,672,677,956
915,1665,749,55,96,301,22,275,128,530,115
916,557,1561,528,942,416,14,613,461,899,520
917,863,369,1045,691,264,377,839,286,1146,772
918,427,326,497,1289,292,654,1569,482,734,297
919,1015,312,186,321,1569,254,63,146,474,178
920,1197,1645,330,519,829,754,1142,214,1394,434
921,1645,984,115,431,128,660,602,81,238,311
922,1569,1665,1570,473,163,217,442,63,312,522
923,581,12,192,465,721,57,918,630,1117,94
924,108,212,232,63,516,522,168,179,695,1046
925,461,746,314,1665,55,300,187,749,14,1561
926,1115,212,121,290,149,255,607,94,489,553
927,1569,212,163,427,227,1155,553,132,1027,286
928,292,199,549,222,581,186,126,1665,53,1452
929,379,1569,1561,408,635,163,122,442,217,314
930,731,1569,418,186,377,320,507,126,761,274
931,123,222,199,1569,749,291,1665,284,507,581
932,749,228,1665,746,522,123,345,199,55,126
933,476,738,301,658,656,317,273,1128,683,232
934,163,519,1570,478,635,240,418,175,689,656
935,1521,421,168,553,1665,136,510,749,892,473
936,136,57,31,618,1287,168,1038,416,59,485
937,490,746,1568,544,199,692,1346,85,1419,186
938,163,36,1569,519,484,656,1570,418,314,689
939,418,264,429,761,746,1569,228,238,565,1665
940,1665,442,662,461,683,478,761,128,418,1561
941,136,1569,518,471,168,264,1492,317,326,199
942,678,143,810,453,746,854,1015,417,1570,418
