0,407,176,661,662,1008,1550,922,222,379,657
1,407,177,284,901,662,878,176,653,303,1535
2,1417,505,431,584,695,705,1028,1479,316,1424
3,447,100,1100,189,669,624,211,1352,284,47
4,261,1036,283,496,728,1625,992,320,636,1256
5,1649,383,522,123,1584,1495,13,1092,442,936
6,496,408,16,606,216,346,98,339,1625,692
7,407,789,66,662,316,1008,263,398,267,661
8,518,761,318,176,9,24,303,501,82,427
9,708,284,513,1625,500,113,125,189,527,177
10,303,125,749,284,789,309,1643,315,588,222
11,606,21,398,789,14,240,749,514,63,526
12,362,411,1008,643,661,1231,508,1367,1046,163
13,754,819,269,932,261,98,500,320,301,636
14,464,1367,1470,749,67,661,411,1008,1231,214
15,316,735,339,113,143,204,496,19,130,443
16,39,1550,318,1486,789,303,1585,692,641,1256
17,284,1100,1010,1584,789,749,1034,398,125,1643
18,527,346,168,496,269,13,216,708,1625,912
19,605,669,71,484,734,307,381,676,122,337
20,520,412,67,47,628,483,59,435,275,339
21,400,950,583,379,1589,261,176,1550,86,411
22,261,379,222,1352,548,1649,478,858,288,168
23,505,1316,1362,303,789,177,584,779,527,346
24,407,222,309,669,548,318,1072,303,197,504
25,67,791,407,1011,176,1100,661,126,315,304
26,67,47,176,420,504,43,632,407,469,1559
27,245,1258,326,863,407,176,427,47,469,602
28,177,284,333,113,241,130,584,745,380,355
29,346,1034,284,789,630,606,98,749,380,177
30,177,490,168,247,708,333,1464,273,584,133
31,761,12,1073,303,100,55,267,271,284,170
32,245,38,712,197,100,67,407,745,548,427
33,245,1583,38,588,67,284,739,791,355,526
34,638,177,1327,53,744,189,299,112,1535,512
35,846,355,168,496,1235,93,650,1464,21,408
36,1235,355,603,1610,113,1464,168,177,496,1435
37,877,324,141,582,870,47,537,305,893,819
38,1256,183,602,39,263,66,407,863,1550,662
39,513,1417,32,298,886,214,505,1479,873,695
40,208,165,168,708,1435,1583,11,1464,222,603
41,177,484,1464,650,61,894,216,309,355,168
42,484,605,177,199,761,82,527,678,518,151
43,1464,38,1674,754,355,1054,431,85,712,309
44,407,176,661,67,303,377,1645,276,922,1011
45,968,522,791,505,214,241,659,8,63,398
46,301,125,675,478,522,754,379,326,381,498
47,113,457,791,19,191,1054,974,1434,1479,431
48,1660,1417,113,584,1092,1062,398,514,200,1089
49,12,886,518,610,1000,183,127,1161,836,516
50,21,1194,332,204,38,846,1382,1003,519,210
51,398,1643,1100,309,284,749,63,659,271,628
52,749,1643,241,284,1100,745,67,689,526,588
53,75,1362,700,574,511,411,518,1043,661,280
54,1484,548,38,632,627,430,176,791,525,333
55,197,548,269,100,47,527,467,605,518,75
56,176,669,602,420,407,528,47,1559,504,323
57,1583,638,39,1645,59,67,318,333,520,1652
58,245,1362,407,170,791,267,249,513,505,431
59,247,245,125,170,407,513,303,315,267,398
60,484,743,428,309,686,650,346,628,269,391
61,1550,1362,661,407,789,318,628,398,662,222
62,165,398,271,11,848,1667,707,218,1435,12
63,12,678,514,247,177,82,168,484,584,271
64,484,1008,1034,522,789,508,1046,706,749,661
65,197,427,176,469,316,712,632,754,483,159
66,170,518,303,316,1625,388,505,1362,850,1073
67,1256,39,484,82,809,912,60,318,476,552
68,518,318,1362,275,476,427,527,400,176,661
69,142,514,689,47,495,168,484,455,482,528
70,1583,447,1117,100,286,200,1352,284,659,271
71,606,47,389,767,939,189,720,370,1100,912
72,345,1464,241,548,247,333,168,658,1583,1054
73,484,176,968,514,277,21,632,271,240,602
74,459,177,333,284,241,822,901,749,1316,530
75,316,457,584,1417,789,1362,608,1006,500,522
76,427,326,1258,543,435,62,854,400,331,1323
77,177,848,761,779,47,638,189,593,879,673
78,708,428,92,754,303,1583,284,125,1381,208
79,130,177,506,398,292,593,968,630,207,789
80,176,420,968,47,512,469,606,189,602,332
81,484,749,1464,177,1678,650,355,1316,812,51
82,469,669,47,504,968,314,1024,373,484,881
83,749,398,514,526,247,309,464,1584,302,1352
84,1585,584,177,789,398,506,484,1643,196,247
85,125,675,301,819,754,98,90,527,478,650
86,21,519,16,199,168,177,317,193,894,968
87,745,72,624,298,67,513,113,1163,734,273
88,67,1011,688,749,1073,21,588,1583,1486,1516
89,189,767,409,47,898,504,333,139,323,142
90,38,548,469,484,627,968,219,1090,1194,525
91,1362,245,628,1583,658,170,222,819,100,470
92,484,743,912,139,39,177,689,142,493,898
93,67,707,284,59,407,72,520,483,323,513
94,1352,309,526,222,749,38,628,1643,819,1470
95,848,309,422,222,819,165,528,467,429,500
96,162,727,197,737,1362,819,932,766,303,1619
97,527,484,948,548,476,819,912,650,870,628
98,316,128,1435,496,735,134,317,143,863,469
99,1470,21,731,240,1004,1194,568,4,749,390
100,518,605,504,199,165,355,548,197,970,53
101,548,527,247,197,484,168,505,1464,303,193
102,407,218,707,267,165,1564,1535,1643,177,303
103,1047,661,662,1008,176,411,388,491,443,1147
104,548,527,12,948,168,197,819,658,505,510
105,177,779,398,199,968,13,708,527,284,135
106,498,1073,1381,301,82,527,268,275,675,67
107,177,398,172,130,284,638,1583,514,82,13
108,388,407,661,1047,226,303,1679,1050,1256,251
109,606,735,1654,1352,968,1034,189,16,98,389
110,548,38,712,100,197,835,162,430,627,650
111,241,514,968,632,271,602,407,430,1062,526
112,831,712,782,162,513,791,38,125,197,245
113,407,662,247,1008,1086,924,315,508,125,584
114,693,1362,658,294,1011,649,819,261,301,353
115,1316,872,177,1011,113,1362,368,707,9,333
116,38,245,548,100,427,1194,379,21,214,301
117,713,863,1258,1143,407,754,516,247,168,205
118,172,789,380,506,130,1444,398,692,177,1585
119,659,628,1100,309,398,749,1505,789,771,1352
120,689,514,484,660,709,139,653,495,988,655
121,407,315,323,59,501,922,662,303,176,72
122,177,333,779,912,1505,284,370,189,1678,1439
123,291,819,165,245,754,355,496,1235,575,470
124,578,348,1173,276,744,405,1024,76,256,484
125,605,505,650,484,754,1046,269,1479,987,603
126,324,197,269,605,650,1210,894,122,572,1003
127,638,177,39,130,172,183,1583,692,952,1256
128,968,897,428,292,514,8,709,484,1321,200
129,47,848,128,75,669,366,1519,189,606,666
130,1100,1643,791,38,1010,1663,607,309,222,162
131,333,284,693,12,1583,303,133,169,761,490
132,243,245,641,1535,1583,1464,282,247,18,62
133,669,1618,176,47,528,1473,373,602,1008,744
134,398,130,316,789,514,630,473,506,482,431
135,1584,1523,284,176,514,749,478,398,442,13
136,1316,1625,355,9,311,368,342,936,744,113
137,505,199,548,398,514,356,484,678,168,603
138,606,630,130,1519,128,608,284,339,477,1100
139,398,789,284,506,514,749,135,1584,63,302
140,669,100,771,632,381,734,572,504,594,420
141,1362,398,789,584,518,1678,66,1417,271,303
142,435,518,170,100,745,355,427,430,513,245
143,500,789,528,508,509,481,497,506,1034,626
144,1258,602,183,1435,713,282,1618,316,542,790
145,38,355,1194,294,650,868,688,548,79,21
146,739,355,391,38,60,291,1464,286,791,1674
147,168,1425,16,108,1436,751,894,1502,1096,672
148,707,630,42,10,1381,177,330,689,263,142
149,241,407,1327,267,286,1258,21,333,477,514
150,1451,1092,1352,1649,309,514,428,484,526,168
151,528,669,47,1034,484,495,673,176,317,968
152,848,141,502,47,819,499,385,189,1352,779
153,333,693,1362,149,284,918,1286,126,345,1583
154,584,789,284,66,303,1486,431,1625,210,398
155,323,176,333,284,128,500,191,126,1011,1645
156,21,342,259,82,330,692,1018,348,1256,177
157,478,90,527,761,176,968,381,125,632,284
158,1654,336,817,939,1255,606,720,389,77,512
159,918,176,323,9,333,75,67,198,1645,1567
160,241,333,1070,1327,936,820,1576,583,530,42
161,67,176,1484,315,407,469,504,1011,632,38
162,176,968,514,47,467,761,548,1003,317,100
163,505,1316,650,1479,1194,1434,1046,16,548,38
164,315,67,125,71,749,407,379,247,675,739
165,669,469,528,504,47,666,420,366,572,245
166,130,286,1062,177,584,305,398,841,1417,1660
167,1535,1470,464,219,528,309,883,878,599,1507
168,548,1464,355,165,1235,168,505,603,385,484
169,745,355,53,504,430,189,1484,732,312,100
170,548,197,38,245,100,222,505,430,658,712
171,791,38,548,1054,650,162,580,611,754,484
172,247,514,528,407,317,660,602,315,594,323
173,745,67,271,42,628,318,1107,520,60,268
174,484,605,495,1307,948,199,894,689,455,122
175,1362,830,936,316,503,170,1417,1233,339,522
176,330,39,333,82,67,176,1645,1256,407,1286
177,528,407,309,165,222,669,602,276,177,1008
178,651,504,951,400,543,409,269,518,47,435
179,606,245,976,305,511,498,224,447,280,240
180,894,47,992,1382,1626,325,1040,512,263,626
181,789,303,168,505,125,16,346,247,1585,527
182,484,176,199,47,495,177,968,761,605,481
183,500,284,72,608,708,897,323,125,90,113
184,284,303,177,1010,789,398,1100,506,211,500
185,706,216,206,1046,1316,1268,1024,996,13,543
186,1643,630,588,241,130,749,286,284,380,641
187,669,968,47,720,420,176,1352,512,100,761
188,1436,726,1223,500,936,1567,709,540,80,608
189,165,504,644,409,518,9,377,430,373,970
190,506,113,968,514,177,277,284,130,196,897
191,261,1625,76,761,467,333,504,548,430,400
192,968,398,32,1584,16,522,169,524,506,789
193,936,130,241,968,328,1062,460,339,840,286
194,67,735,176,47,1011,749,650,520,1034,661
195,1100,47,819,848,870,1362,1010,1203,755,606
196,316,1618,443,735,422,163,457,1147,1434,626
197,168,514,584,484,754,316,948,505,603,434
198,245,791,301,286,241,38,1054,431,529,749
199,650,754,1625,197,505,269,303,355,245,549
200,1409,848,762,412,761,707,779,608,128,177
201,379,176,318,491,610,1323,1077,122,71,315
202,165,754,863,39,1256,875,1625,735,276,95
203,67,745,767,706,630,72,689,426,748,483
204,318,464,1470,1008,247,398,379,1507,514,518
205,628,948,1506,318,39,165,1517,121,31,548
206,968,16,522,497,32,897,199,513,524,894
207,464,749,214,706,1004,241,522,1034,506,484
208,1316,353,918,9,333,481,779,1645,490,708
209,176,47,662,222,407,484,508,478,1008,198
210,277,891,1004,822,1026,310,263,1572,1034,512
211,1040,742,72,415,1523,398,457,514,381,771
212,170,245,197,427,100,513,518,430,594,511
213,128,500,47,90,761,496,98,261,606,1519
214,282,1143,85,407,791,72,457,660,1040,528
215,477,514,245,316,240,1258,271,936,241,332
216,1444,263,218,130,630,1391,72,1491,1327,1519
217,514,241,791,548,271,628,749,968,345,38
218,245,1352,447,526,262,511,326,435,18,470
219,47,177,142,527,189,495,1256,761,484,82
220,9,430,170,333,918,518,311,409,583,245
221,548,628,162,332,948,923,38,620,829,271
222,1327,1473,790,1281,1444,1535,1618,243,218,1342
223,1470,47,676,669,1473,21,277,240,735,389
224,500,177,495,316,630,207,789,735,506,196
225,303,1464,309,548,286,222,739,38,1583,284
226,323,59,1667,47,918,333,176,504,271,32
227,60,391,291,416,39,1643,812,355,455,628
228,1583,408,641,60,303,1532,1423,428,1096,1464
229,72,669,240,1034,606,67,398,420,40,1459
230,100,269,125,197,527,650,594,548,427,675
231,125,754,301,269,90,527,98,675,303,168
232,72,67,606,240,125,632,513,315,745,483
233,32,513,522,362,497,987,296,956,484,505
234,16,168,13,346,522,789,208,216,398,496
235,262,712,415,848,513,537,594,100,381,546
236,247,407,548,379,345,1649,315,1008,749,662
237,745,1643,607,286,355,211,872,312,416,53
238,1567,1077,858,1048,1589,950,1104,383,403,1051
239,333,268,271,82,241,514,318,1583,720,100
240,177,284,1256,339,333,39,1583,346,126,1110
241,67,427,520,72,125,435,675,518,1585,214
242,303,932,1519,98,789,1073,924,125,1100,2
243,584,789,398,886,66,1000,12,924,695,169
244,324,318,669,100,151,594,537,745,682,247
245,245,407,1258,67,308,630,39,588,1281,866
246,407,484,1008,176,508,72,47,495,302,520
247,1256,333,957,165,371,998,1114,548,707,863
248,245,427,100,67,447,271,326,284,268,407
249,791,1100,125,1362,789,284,584,513,431,85
250,330,316,477,263,735,21,176,10,126,339
251,630,1643,130,284,398,39,177,207,653,316
252,484,309,528,514,689,1464,177,789,660,247
253,682,848,779,929,968,309,135,593,299,883
254,1256,128,47,183,258,1435,693,139,165,1161
255,189,177,135,528,596,673,355,211,212,822
256,584,284,505,695,513,1362,125,169,791,398
257,745,1535,67,706,302,588,1585,624,1643,241
258,130,113,316,496,431,398,245,479,1362,339
259,666,315,323,513,528,245,72,270,113,712
260,355,745,38,151,100,650,1654,759,548,21
261,72,398,4,669,218,1138,59,427,594,433
262,1643,749,689,177,428,484,580,588,1464,309
263,39,1256,165,476,693,1550,177,303,1047,11
264,504,669,512,732,745,407,373,1484,219,416
265,514,407,241,749,662,398,473,653,284,1008
266,245,407,284,170,113,267,333,427,1583,482
267,168,247,427,318,516,345,518,514,82,398
268,284,364,1051,693,1125,333,20,347,1523,1099
269,67,745,355,447,1583,189,624,291,520,872
270,398,628,514,789,662,678,438,271,345,749
271,628,476,121,661,206,749,271,484,646,339
272,407,514,1258,1008,398,516,315,379,247,626
273,398,12,407,789,514,303,662,222,271,267
274,497,528,602,197,666,317,176,282,469,669
275,177,39,1256,11,693,168,165,333,284,82
276,176,271,602,518,47,512,628,583,10,199
277,130,606,286,339,10,477,42,200,514,21
278,1583,850,408,303,170,18,641,1285,306,1498
279,151,761,51,912,720,82,939,1066,702,527
280,1435,1062,1610,219,1464,717,1535,537,1096,1235
281,176,47,282,469,407,39,602,316,750,754
282,518,427,172,497,170,398,400,231,168,936
283,125,301,245,1352,606,326,284,67,426,98
284,245,1327,170,183,1583,863,850,130,172,518
285,537,4,984,498,415,326,863,982,976,568
286,177,602,21,355,333,172,744,469,241,82
287,820,328,214,628,518,651,271,1549,53,678
288,518,504,427,373,435,664,9,233,430,409
289,484,689,605,508,273,298,276,660,709,247
290,1362,1583,850,303,520,41,170,286,349,177
291,177,330,706,130,518,333,339,113,1583,745
292,330,457,316,522,126,514,608,477,176,584
293,177,1256,514,1519,55,761,398,1073,66,287
294,125,303,1352,135,675,819,527,222,100,284
295,222,176,1352,284,749,333,1087,189,819,467
296,514,284,176,47,1352,200,268,333,749,1125
297,177,199,1316,189,216,706,13,206,735,638
298,303,284,1381,707,333,1010,177,1585,1643,211
299,303,211,513,707,1625,762,1095,324,170,745
300,400,518,427,1072,669,269,197,176,231,279
301,245,712,1258,326,301,38,261,100,1352,754
302,316,39,330,66,263,177,1519,477,584,339
303,53,594,1062,548,1464,745,312,398,309,100
304,689,484,660,407,1092,508,302,282,119,1086
305,241,271,518,330,130,339,678,177,936,206
306,584,247,2,205,1381,168,516,1486,498,1086
307,412,177,303,490,1625,761,330,52,82,1256
308,407,162,1484,267,901,12,303,165,297,1307
309,247,318,333,268,1583,169,407,379,1550,400
310,761,894,527,199,1003,518,1653,672,605,1073
311,67,706,745,310,273,689,767,355,333,748
312,113,1316,1025,497,430,191,956,660,824,355
313,605,782,1624,162,719,1307,1574,872,298,413
314,407,1086,791,1143,284,630,1381,1258,149,245
315,1100,125,262,1643,771,1352,135,624,1010,302
316,850,318,303,1073,170,210,846,21,1550,286
317,512,745,189,67,447,504,767,277,409,47
318,245,407,528,282,240,219,267,602,323,511
319,518,427,1043,936,245,170,594,511,435,543
320,113,897,1062,130,398,305,1660,200,936,840
321,1362,1316,918,522,353,511,1583,149,706,126
322,457,316,292,176,126,791,653,1011,525,149
323,518,82,271,512,427,761,151,745,1107,47
324,1649,169,695,1092,345,398,1417,522,123,427
325,537,575,326,496,1435,712,269,754,1024,526
326,412,72,113,59,130,500,630,1585,316,128
327,968,284,514,317,1352,606,16,929,789,883
328,398,628,271,32,749,968,187,63,659,241
329,303,527,47,125,309,669,398,257,1100,761
330,245,588,62,67,470,291,1458,1583,447,624
331,518,197,427,269,894,519,316,199,505,113
332,484,1470,309,528,1367,1507,669,1040,1008,508
333,819,754,708,128,125,500,1625,693,284,303
334,606,355,496,1654,1583,435,301,245,1625,21
335,330,640,1070,1233,1160,176,1383,936,706,983
336,309,894,650,475,455,735,897,863,8,606
337,632,176,918,457,32,478,198,1523,522,420
338,284,333,584,514,12,407,473,247,323,268
339,894,1444,290,528,16,282,228,269,595,1618
340,1583,170,245,303,1362,318,408,427,1645,247
341,39,693,630,59,291,1667,207,707,165,1643
342,789,1486,1585,584,1381,1086,630,924,380,1643
343,284,500,693,754,176,333,168,407,689,653
344,407,457,176,67,149,282,316,630,791,482
345,603,548,660,519,1464,965,168,61,992,1425
346,1194,1316,686,1434,339,1654,204,411,1554,1003
347,669,47,197,504,67,572,100,469,315,240
348,330,873,706,517,318,82,21,688,1160,1383
349,708,500,177,168,584,284,754,133,490,113
350,528,1352,135,1062,695,848,594,284,317,262
351,159,165,407,1564,1307,707,762,1286,388,297
352,628,377,661,411,504,21,583,749,649,43
353,125,754,284,1239,689,301,630,739,315,526
354,605,324,527,484,355,745,247,67,122,381
355,21,162,1382,214,1470,332,1194,548,661,38
356,528,669,1535,309,317,1352,407,878,222,177
357,1352,141,1583,284,708,1625,306,353,408,200
358,548,1464,222,247,38,355,309,100,526,245
359,1643,407,284,333,707,1667,520,267,1100,67
360,484,177,707,706,708,241,284,247,113,196
361,1654,21,1073,286,720,328,912,606,389,151
362,641,1583,408,286,1252,1155,39,1327,846,671
363,605,707,484,142,762,1307,298,177,277,455
364,658,1362,791,100,628,505,819,245,548,170
365,270,156,315,67,72,530,80,1022,259,1143
366,183,170,518,128,245,113,427,863,1435,316
367,318,952,936,641,172,82,1583,583,241,518
368,247,407,427,282,1258,514,326,602,594,518
369,38,526,745,326,632,712,430,447,245,67
370,518,848,647,113,1062,1618,602,199,673,968
371,712,162,548,505,650,197,527,38,754,605
372,318,854,745,427,518,247,82,324,435,67
373,349,1032,75,91,848,159,250,410,297,876
374,469,176,128,1316,735,549,75,683,467,422
375,749,318,82,13,241,398,271,21,268,706
376,177,263,514,39,21,168,484,1256,455,434
377,47,500,90,442,269,479,398,819,59,176
378,789,303,1362,177,284,346,1643,66,1585,500
379,689,514,309,526,484,630,749,1643,380,1367
380,1086,1247,932,500,12,516,320,924,1374,626
381,872,412,767,128,707,177,825,211,740,500
382,848,284,500,779,133,128,708,323,1519,761
383,247,168,177,21,514,172,602,82,518,317
384,1025,412,693,490,1132,851,819,405,918,1244
385,245,130,1435,628,606,1352,339,143,470,863
386,972,754,713,693,1435,1161,168,708,1258,128
387,782,605,355,38,162,312,270,469,528,1090
388,59,323,918,333,1645,500,67,693,407,707
389,650,743,484,789,14,749,125,912,1034,309
390,1417,505,398,678,187,522,584,628,1678,1362
391,918,13,830,206,176,1362,522,706,198,400
392,324,355,1163,605,537,650,543,1096,269,596
393,518,427,513,271,198,745,632,113,482,398
394,379,522,478,1008,381,514,247,484,315,427
395,712,548,197,605,669,381,537,650,38,484
396,662,316,176,661,407,653,443,263,126,602
397,484,628,206,398,1367,263,789,252,661,39
398,303,1625,761,151,211,284,51,177,912,878
399,303,47,1100,1625,761,197,527,176,162,1011
400,632,669,40,968,511,1352,420,447,504,326
401,407,457,282,72,176,1008,1040,495,47,508
402,628,159,291,1184,582,297,410,229,407,165
403,504,605,291,410,165,732,159,430,312,377
404,1037,685,735,1506,339,106,1139,821,819,1085
405,754,109,301,1594,98,1011,810,79,364,310
406,1435,113,282,537,245,528,123,1352,526,660
407,82,518,427,168,854,709,514,247,318,400
408,791,1078,291,628,391,1321,505,1643,457,8
409,745,67,241,706,689,312,504,520,732,1238
410,626,662,168,528,1550,398,1589,1008,282,176
411,518,504,427,176,39,863,318,1256,47,21
412,789,398,500,177,514,380,309,528,506,630
413,628,1362,398,8,339,271,819,170,63,658
414,1464,505,548,309,355,168,247,92,1235,428
415,628,165,407,661,222,377,47,504,484,229
416,286,130,398,305,1327,846,380,431,606,863
417,318,720,1073,850,1256,1653,518,866,229,476
418,206,496,13,339,968,314,130,241,426,522
419,177,484,514,689,139,495,653,1643,407,630
420,75,197,176,159,504,548,430,400,602,1031
421,398,12,848,761,271,170,55,518,284,1519
422,284,506,177,749,1010,1034,1100,706,241,791
423,435,745,4,427,67,447,72,632,326,594
424,170,183,316,431,46,540,1258,713,863,1362
425,72,282,442,191,457,113,511,243,630,362
426,528,605,270,298,273,307,660,324,293,689
427,165,548,484,491,197,177,1047,318,256,1464
428,241,67,330,427,82,272,518,745,176,602
429,282,245,1435,407,457,791,159,1143,63,113
430,277,21,745,263,204,240,172,312,968,650
431,176,688,469,1011,226,1003,21,232,632,627
432,318,1550,379,60,491,121,303,1047,749,661
433,512,277,745,673,822,732,240,1026,590,263
434,12,407,333,247,1256,1258,707,514,548,82
435,162,67,315,1210,125,675,214,245,427,4
436,1584,1589,932,235,789,90,1374,924,296,1272
437,504,377,548,197,430,100,189,484,409,605
438,303,1362,848,177,1100,500,1009,1585,481,47
439,588,284,245,791,1583,1643,1100,1352,353,333
440,1008,602,247,669,276,407,528,176,484,168
441,518,316,170,427,400,602,1435,345,12,936
442,39,735,475,21,894,1470,455,606,650,292
443,602,427,407,518,176,497,583,936,1008,647
444,584,897,316,789,936,443,692,1417,330,16
445,491,548,318,303,1464,247,658,379,51,527
446,245,197,712,918,75,754,38,301,315,430
447,60,1486,1381,303,1073,177,1585,1256,584,385
448,761,527,1125,12,24,381,1523,82,90,912
449,745,189,135,504,198,32,430,669,355,323
450,835,159,430,518,100,605,504,373,712,1307
451,38,745,430,219,526,355,1101,712,996,808
452,850,318,518,332,720,271,55,583,658,602
453,189,673,504,1179,968,669,1062,544,430,645
454,284,791,1100,528,683,974,317,222,500,749
455,333,32,353,100,284,311,918,968,241,695
456,222,63,548,284,431,309,398,1352,301,317
457,692,541,39,330,1383,263,177,1444,1585,630
458,1464,247,273,298,605,484,355,548,660,324
459,968,241,284,200,514,632,333,474,749,136
460,630,1100,606,1486,1073,303,1643,1010,98,1256
461,720,47,682,318,527,524,100,229,669,761
462,427,632,628,326,651,1649,379,377,548,504
463,47,189,177,323,504,176,284,750,128,59
464,177,707,165,689,247,484,60,273,168,1464
465,435,640,788,342,936,1280,1233,411,444,543
466,1362,1583,830,245,170,128,41,918,130,1519
467,398,500,316,177,514,339,1519,479,47,789
468,484,398,495,302,514,527,47,771,749,271
469,339,316,443,47,199,735,39,606,496,894
470,1551,1256,21,1654,390,765,1558,692,1528,720
471,324,303,197,527,605,125,170,762,513,249
472,67,630,520,477,72,316,130,330,339,473
473,789,398,505,1362,63,522,134,187,628,791
474,130,172,80,541,530,514,473,936,506,177
475,1645,317,126,95,128,191,284,469,479,735
476,47,669,528,1352,189,309,527,177,761,317
477,42,263,330,653,292,370,477,10,339,1098
478,407,245,282,222,1550,1281,1008,661,1258,662
479,177,333,284,708,189,779,490,1316,51,912
480,67,315,407,125,734,1008,303,520,72,71
481,745,172,53,1327,247,1062,518,1535,9,177
482,626,1444,365,789,1550,1008,924,398,1040,563
483,165,528,660,508,309,1464,276,407,484,177
484,333,9,1316,918,430,619,355,603,247,1532
485,693,47,189,1010,139,165,177,819,176,1100
486,282,243,245,219,1143,528,1618,407,386,1258
487,1470,309,282,484,219,528,407,1464,1008,526
488,47,572,650,676,469,606,881,735,1311,1594
489,165,693,1099,932,75,12,400,1362,646,476
490,749,411,21,379,301,661,1645,171,38,176
491,901,284,1643,1010,177,333,1100,779,791,584
492,602,528,548,669,197,176,467,647,660,288
493,39,735,1073,1256,21,650,10,122,606,863
494,854,330,518,298,931,762,995,1249,435,745
495,1258,183,1583,243,156,23,530,247,333,641
496,427,315,518,67,318,197,379,1008,214,407
497,872,177,708,490,707,165,1583,355,1532,333
498,1643,284,789,506,588,380,398,130,630,714
499,303,170,850,222,1362,323,848,284,125,922
500,176,936,518,519,602,1233,761,316,478,886
501,390,240,1210,62,745,1327,67,863,518,21
502,72,2,1585,113,1444,316,726,130,298,698
503,125,355,291,245,745,624,135,211,1352,303
504,277,469,240,968,21,745,1224,1194,881,735
505,484,548,650,38,226,1464,605,1194,948,21
506,324,605,355,1625,197,650,712,269,754,513
507,500,584,284,247,708,168,478,133,113,754
508,165,693,47,707,1256,197,754,226,504,782
509,219,745,38,689,240,469,1090,528,407,1618
510,872,355,177,291,10,385,1458,607,286,165
511,602,113,316,317,514,1435,519,398,936,168
512,745,315,518,67,214,21,176,669,605,734
513,39,819,1583,863,47,339,165,1256,850,720
514,324,355,291,1625,1163,735,872,543,269,650
515,318,527,100,379,125,548,398,771,303,257
516,429,1589,411,1584,222,1149,731,1352,346,163
517,100,407,669,315,427,197,518,420,262,1072
518,79,1625,303,364,1011,724,791,1100,1362,125
519,407,398,514,309,464,1643,267,169,526,695
520,407,245,1258,863,222,165,1550,1435,548,713
521,1362,505,168,247,431,658,208,1583,345,1464
522,303,211,1585,324,822,67,177,767,605,745
523,695,513,113,298,72,707,32,762,323,624
524,850,303,789,318,398,1256,1550,1073,866,286
525,177,330,514,82,584,263,42,455,495,897
526,412,693,67,754,762,291,483,128,750,304
527,373,504,377,583,318,407,602,165,548,518
528,170,245,1327,303,594,850,267,53,349,262
529,135,484,189,669,504,548,100,745,309,302
530,695,526,262,511,245,284,506,219,241,63
531,47,735,39,650,189,165,819,606,203,177
532,484,789,163,749,508,1008,1464,1034,506,1004
533,761,1625,82,318,151,518,1256,1073,21,931
534,303,324,2,125,1585,527,1444,90,500,72
535,484,1464,391,548,165,689,291,309,355,168
536,330,241,584,149,1131,292,791,514,457,316
537,113,457,292,525,314,505,316,968,282,974
538,125,391,302,135,484,745,624,59,291,1585
539,427,514,407,271,518,602,482,82,326,176
540,682,1352,92,269,746,154,135,548,208,100
541,500,412,113,177,848,708,316,608,830,47
542,177,284,303,1585,113,247,133,506,708,500
543,1316,165,1434,191,204,282,1464,245,974,163
544,21,122,324,692,247,318,276,62,168,650
545,1625,197,38,548,261,712,100,1003,105,831
546,548,658,491,197,193,379,527,100,1003,318
547,75,1316,9,481,409,645,1025,165,1032,848
548,484,177,165,47,189,650,309,548,192,190
549,1194,390,21,606,735,469,985,1155,232,245
550,85,219,606,791,724,245,128,1090,1143,98
551,284,315,277,240,528,745,317,323,67,506
552,100,504,326,632,1352,819,381,628,67,427
553,269,650,894,968,199,527,467,484,317,505
554,303,315,518,318,67,247,675,706,125,497
555,47,128,284,339,514,8,968,176,500,495
556,695,398,135,284,309,302,262,528,1643,250
557,67,749,125,315,379,284,675,241,918,268
558,1316,306,16,511,135,1621,497,442,113,18
559,303,407,1381,661,1585,791,1011,226,754,1486
560,67,427,245,435,918,483,632,326,72,268
561,1034,188,389,606,1516,881,749,411,817,1011
562,176,47,761,1256,512,226,24,177,504,189
563,247,497,197,176,528,198,135,548,508,484
564,333,504,323,632,176,67,745,918,430,198
565,1583,918,355,706,1316,745,832,1532,353,435
566,113,323,9,707,762,412,1062,918,832,333
567,139,1495,514,495,1667,1637,653,1138,47,813
568,749,484,1034,789,1584,478,628,522,309,508
569,630,754,8,791,426,85,301,72,130,1143
570,247,407,168,484,662,514,689,1550,660,309
571,484,1667,391,1107,707,60,1643,142,689,309
572,67,214,427,675,1362,518,125,520,379,435
573,333,1535,247,407,177,172,303,530,878,1464
574,1583,306,1062,1435,1352,496,460,102,538,746
575,548,100,430,504,745,594,526,271,427,189
576,315,669,407,323,528,71,67,420,613,240
577,744,373,1618,732,312,355,745,1327,469,204
578,514,484,495,47,709,455,271,398,1107,689
579,12,303,162,315,407,1380,197,251,491,971
580,1381,584,247,490,333,82,708,707,330,12
581,791,245,291,1643,8,1054,470,431,754,301
582,284,707,513,848,500,527,708,133,323,22
583,318,122,324,518,484,605,948,60,31,21
584,298,72,113,32,848,1062,513,673,605,666
585,170,321,666,342,368,349,850,670,41,501
586,447,606,200,72,435,130,624,897,483,47
587,606,1073,1528,389,67,817,1654,498,303,720
588,387,744,21,1209,638,533,318,1615,355,390
589,1010,284,1100,303,407,125,461,500,296,707
590,284,125,98,606,245,200,63,398,1352,301
591,1519,398,339,47,514,55,316,848,761,271
592,398,1028,747,514,789,309,695,678,305,63
593,514,177,284,189,317,240,398,271,130,195
594,761,333,82,318,646,678,177,518,1520,24
595,745,282,130,526,113,245,240,1062,602,355
596,496,291,735,846,355,39,339,130,475,650
597,548,1464,38,193,484,491,21,1316,187,162
598,605,469,745,968,673,277,735,240,669,314
599,791,1100,245,431,267,284,1362,1143,1011,407
600,247,51,1464,1381,333,707,490,406,12,611
601,706,745,518,21,936,355,497,427,172,199
602,391,60,324,291,762,247,518,505,656,318
603,1100,47,67,606,630,520,275,451,574,755
604,584,789,791,1486,924,431,695,1143,505,162
605,513,303,177,1625,505,355,211,527,605,170
606,177,330,82,333,584,514,241,10,271,126
607,1118,218,1138,826,47,813,1667,518,1247,1410
608,1078,67,1585,791,1486,1362,520,661,628,1100
609,1352,189,284,135,819,1100,442,353,526,306
610,38,548,658,100,505,355,1464,688,791,121
611,669,420,47,1352,1034,176,1589,469,528,504
612,749,1464,484,21,168,177,247,284,650,241
613,67,750,71,191,72,282,767,407,689,824
614,398,514,584,1092,428,789,500,284,168,662
615,789,277,21,506,398,195,177,749,263,514
616,245,713,900,1292,712,457,1143,33,560,1258
617,177,968,176,590,199,134,443,514,602,263
618,1032,165,1179,901,1645,349,1574,661,644,75
619,67,122,856,21,62,72,1528,1486,1585,315
620,303,245,1625,431,1362,301,408,549,16,1583
621,355,1583,496,1625,759,1187,339,128,1295,301
622,176,484,1034,411,21,469,749,140,478,1178
623,848,284,398,177,47,189,190,1100,514,495
624,754,301,320,317,197,500,98,269,1625,626
625,707,1667,1643,693,630,407,165,284,428,689
626,1258,713,219,1143,240,1435,477,282,514,326
627,712,355,605,745,38,548,277,1307,1458,312
628,1362,789,303,901,177,1100,1643,398,661,207
629,735,825,1473,767,67,469,504,409,47,601
630,427,100,271,518,602,241,176,632,333,514
631,39,689,168,282,484,276,528,309,21,514
632,47,605,735,650,122,894,269,324,31,469
633,277,21,240,477,10,1382,263,606,512,195
634,130,200,241,240,514,447,245,284,1062,1143
635,1625,355,245,38,100,1484,353,303,189,1583
636,1367,464,1507,1539,678,1470,241,302,1464,1271
637,496,746,575,269,543,1352,19,261,1015,1198
638,968,1092,709,1225,383,1495,484,381,200,771
639,518,318,199,82,427,247,168,478,706,13
640,82,330,516,483,67,559,427,412,1381,693
641,878,303,613,865,251,528,1535,369,561,378
642,500,128,177,693,707,750,754,113,1645,316
643,303,745,211,355,872,349,1585,9,312,1498
644,706,284,1583,330,241,1362,918,206,1316,412
645,355,605,312,745,291,430,548,872,1464,505
646,16,500,316,789,1444,269,98,479,606,228
647,276,660,528,669,407,508,1550,197,1072,1008
648,177,355,1256,312,21,10,605,716,82,199
649,168,247,754,708,269,527,484,208,276,603
650,649,301,948,8,606,47,475,294,496,650
651,1352,16,496,317,968,606,526,130,306,1028
652,219,599,1535,1090,717,1680,407,647,901,1643
653,894,455,992,31,283,948,537,269,496,575
654,113,500,608,513,85,307,754,762,2,298
655,168,318,692,1550,854,82,1444,365,674,518
656,42,271,745,72,1327,518,398,1107,866,241
657,316,126,177,284,789,134,514,653,398,292
658,848,47,500,481,90,513,495,75,605,218
659,247,641,62,1464,67,241,689,1585,706,749
660,484,735,168,650,754,496,177,314,171,500
661,323,72,511,243,240,506,442,528,666,284
662,1316,134,505,197,548,165,762,513,1625,605
663,749,177,1316,706,241,206,333,661,193,484
664,527,1073,303,1625,761,912,814,870,100,1100
665,284,1362,407,791,125,245,267,513,398,315
666,514,200,130,398,630,968,284,1051,1584,506
667,689,355,256,21,177,82,273,745,1178,348
668,1006,1464,187,241,584,484,506,974,1643,749
669,1047,303,491,1550,276,1584,256,490,222,661
670,912,324,1019,318,527,631,412,1047,492,743
671,527,1625,761,1073,870,100,814,1505,819,912
672,199,82,484,518,854,21,948,745,168,968
673,1484,745,297,53,312,349,945,513,267,100
674,288,381,892,361,83,1125,1153,514,1225,1649
675,1464,168,484,247,1367,660,428,309,362,855
676,113,744,469,9,355,1618,368,1062,936,128
677,128,735,47,339,189,1011,606,1519,750,1100
678,548,1464,712,38,247,355,168,505,1235,326
679,303,398,789,1550,39,1256,1519,168,66,1073
680,1004,987,506,263,204,541,277,1367,241,130
681,176,602,407,315,420,904,971,259,518,886
682,584,514,168,500,428,228,708,897,12,1143
683,122,948,39,484,906,318,60,1073,674,21
684,197,303,170,762,1625,412,527,324,490,58
685,67,245,1583,284,125,511,1362,130,301,435
686,245,170,435,1583,1362,67,745,355,511,518
687,745,355,312,1464,689,273,277,605,177,298
688,846,431,394,16,408,505,575,650,1444,1015
689,512,177,883,968,112,590,130,606,1110,172
690,484,176,177,514,199,398,495,662,1008,271
691,518,435,427,504,409,651,430,918,745,233
692,527,819,47,912,90,761,675,1100,606,1505
693,309,789,284,407,222,431,1643,791,63,528
694,1243,38,247,688,618,1625,1022,517,491,51
695,583,241,460,333,526,628,1435,918,1583,430
696,1649,427,72,247,288,1038,147,514,478,522
697,60,1096,39,165,177,385,428,1235,638,1256
698,125,624,72,315,513,59,1100,848,323,90
699,411,950,661,316,626,163,365,21,171,1550
700,484,176,47,628,379,749,407,377,504,97
701,661,749,494,411,484,1047,1034,491,163,1147
702,165,970,377,176,504,197,605,75,484,1179
703,689,514,310,177,333,660,484,707,500,273
704,669,31,605,543,537,373,122,518,71,1473
705,318,491,247,1323,122,62,379,1008,931,67
706,447,59,435,1583,624,305,67,125,141,130
707,605,165,484,391,162,303,1464,251,488,324
708,518,9,409,430,199,918,504,176,311,640
709,113,707,500,482,47,176,495,22,198,525
710,59,60,125,912,1228,391,675,527,1584,520
711,669,528,1230,537,309,572,582,613,1550,865
712,692,21,641,82,530,944,330,1383,241,411
713,197,992,1028,320,61,515,548,863,728,269
714,602,514,1618,183,583,177,1435,172,653,744
715,72,398,506,495,630,59,196,1034,484,302
716,706,67,745,32,918,198,72,241,40,749
717,100,435,651,504,543,518,53,355,682,427
718,484,38,1054,1194,628,292,948,1131,580,241
719,92,505,1321,1352,548,1464,208,526,658,245
720,24,761,548,177,484,678,318,176,247,491
721,245,427,63,594,100,505,326,407,518,548
722,318,1550,1464,1470,165,309,548,518,747,398
723,43,373,377,1473,67,520,39,504,720,743
724,695,100,505,210,170,548,594,513,286,38
725,848,32,1584,779,1419,830,135,895,1543,869
726,1464,660,247,177,1535,407,276,689,282,273
727,407,67,520,198,1008,377,661,245,176,745
728,170,303,695,1625,16,513,53,125,1141,1028
729,789,1034,1486,692,263,66,1256,39,1073,579
730,968,628,651,1182,1512,460,820,47,26,200
731,1464,247,309,739,548,53,925,682,355,1674
732,968,200,284,606,897,1051,1034,514,608,130
733,484,968,881,1437,650,1352,771,669,381,676
734,1486,286,789,10,514,398,21,475,1382,162
735,333,514,284,530,241,1062,584,962,1576,1535
736,345,407,12,662,1258,628,267,514,583,169
737,168,660,269,528,197,505,165,894,177,548
738,881,38,929,1101,1467,1470,819,1352,222,771
739,200,968,514,271,398,1062,897,100,433,761
740,199,82,854,484,948,518,206,330,314,716
741,514,1643,284,1010,1100,285,495,630,398,309
742,47,128,606,284,1100,1352,189,819,98,1011
743,323,653,136,130,514,602,1435,407,176,583
744,1352,100,355,1311,819,712,38,261,526,596
745,318,504,256,21,745,276,373,377,331,854
746,113,316,412,1417,500,830,130,1362,608,128
747,320,222,863,197,407,602,528,1258,245,548
748,484,38,650,526,689,21,754,469,168,749
749,602,514,21,407,282,477,241,126,1258,176
750,528,1258,514,317,542,283,1535,284,1256,320
751,863,1256,183,1096,1435,496,39,1036,355,276
752,464,72,514,725,892,506,398,709,241,40
753,1073,39,1256,21,606,735,14,912,1486,720
754,1643,749,526,241,1470,1535,1101,1367,689,745
755,504,430,409,669,400,651,47,82,518,427
756,548,518,505,398,168,863,948,100,628,269
757,177,707,638,708,168,490,412,82,165,276
758,1470,21,390,1444,122,39,735,528,14,309
759,1210,543,1163,572,568,427,4,537,675,381
760,651,31,948,373,548,854,36,355,430,518
761,992,626,1614,467,422,514,47,317,1435,1256
762,355,247,745,82,67,151,168,854,273,1625
763,968,317,650,894,269,16,1352,528,199,47
764,1100,398,125,32,59,630,624,1667,1523,284
765,1583,355,1625,1316,303,333,177,1645,9,353
766,819,754,222,708,484,528,510,47,168,269
767,628,1643,165,47,416,222,819,189,1352,309
768,67,749,630,520,706,1034,675,1486,745,72
769,398,848,1519,303,850,1459,606,1285,59,789
770,324,669,1228,493,129,751,391,1451,524,879
771,650,38,548,505,21,214,1194,197,204,100
772,1585,584,789,206,1160,330,1381,706,60,661
773,854,835,948,762,518,548,1133,603,523,427
774,477,628,292,301,606,1194,791,1054,38,649
775,932,548,197,754,12,162,415,422,320,791
776,269,527,324,100,543,355,58,279,318,669
777,9,430,355,965,854,619,744,603,602,1464
778,455,650,484,122,689,21,277,735,168,894
779,484,1034,443,789,1147,422,749,163,177,1047
780,316,400,168,75,345,1025,583,176,1330,603
781,197,377,159,835,548,970,75,1008,484,504
782,245,513,315,712,38,67,505,791,247,197
783,38,548,67,745,122,21,379,315,734,739
784,407,165,318,661,377,21,1464,1550,276,39
785,968,514,484,113,495,199,745,271,277,398
786,669,47,1034,528,484,743,673,495,968,420
787,284,506,789,398,1352,514,929,1034,968,130
788,1362,75,819,245,1011,1198,301,176,222,128
789,504,430,409,918,518,1484,75,176,644,100
790,1352,669,47,743,269,650,484,1589,968,317
791,176,21,950,602,168,140,379,171,478,82
792,172,177,518,80,303,886,66,398,761,12
793,1583,177,333,518,473,398,241,172,130,82
794,1072,247,170,58,400,168,303,222,527,1451
795,747,53,682,669,528,398,678,894,324,594
796,276,226,256,484,39,122,176,377,165,661
797,256,1096,765,528,617,276,669,1015,303,1012
798,189,176,628,333,271,749,284,47,177,1100
799,355,548,189,100,1352,168,317,504,526,177
800,518,427,594,863,240,326,602,1435,435,504
801,661,377,67,297,388,373,411,162,226,735
802,8,527,628,819,548,658,693,948,60,92
803,247,303,276,1464,528,197,9,245,170,168
804,407,59,245,323,922,442,1072,222,75,693
805,500,1034,176,626,284,608,789,514,657,477
806,324,761,527,605,177,518,524,199,303,672
807,1143,130,282,168,431,1464,514,113,172,316
808,628,496,846,408,286,583,121,241,1583,658
809,247,548,1464,464,398,21,210,691,168,594
810,537,528,85,240,607,1674,245,309,1352,624
811,518,324,31,594,427,537,669,53,1444,605
812,469,467,548,197,176,269,992,430,1025,504
813,303,162,791,1100,407,1362,901,1486,245,267
814,1367,689,789,580,263,484,630,380,514,506
815,745,312,355,605,62,1405,67,122,712,277
816,427,67,518,407,62,745,312,245,282,272
817,484,650,67,948,226,469,122,735,688,38
818,408,113,92,1583,130,496,1062,846,305,284
819,606,791,897,339,1519,8,649,98,301,200
820,484,47,495,177,894,527,455,142,398,912
821,1550,318,379,303,661,407,1008,39,122,1047
822,398,330,177,706,339,1362,241,789,130,271
823,745,918,9,32,832,323,333,767,67,624
824,528,660,1316,1464,135,309,219,717,113,965
825,315,316,886,21,197,518,232,2,214,519
826,21,67,407,1256,240,268,866,315,82,514
827,1320,113,1092,1062,709,273,247,956,854,1649
828,126,330,134,176,505,241,316,522,478,513
829,1367,526,484,749,241,1464,1470,1507,464,247
830,199,484,505,518,678,513,603,187,356,113
831,240,745,277,67,407,241,21,72,312,514
832,707,708,1039,113,128,500,1409,872,1143,693
833,21,38,176,469,333,189,504,602,548,256
834,32,125,1100,59,511,398,520,135,848,830
835,241,345,1464,177,1316,484,126,333,206,187
836,302,407,1008,415,1040,1367,398,169,1092,72
837,514,82,168,455,1256,247,495,12,527,516
838,1327,130,1143,282,240,477,1491,263,219,1249
839,113,1062,513,355,708,92,284,130,32,141
840,38,219,548,526,1464,355,712,309,1352,739
841,67,1625,315,412,483,304,761,333,323,675
842,548,197,712,245,222,1625,38,165,660,754
843,1507,398,514,318,678,271,309,1470,682,1451
844,1464,177,355,660,872,273,1535,1235,1096,165
845,9,177,333,306,183,1535,323,1645,1435,1583
846,407,1008,1619,1040,47,162,1086,415,315,1500
847,511,245,1008,407,1281,1550,1362,282,302,1072
848,240,669,528,606,47,594,650,312,100,317
849,689,282,484,528,735,291,1101,526,309,469
850,316,134,505,1003,519,1625,443,1316,269,61
851,355,1464,177,303,1585,247,273,1625,872,745
852,1316,409,189,735,75,469,9,128,177,549
853,897,128,200,708,284,604,8,340,142,693
854,168,13,247,1583,261,858,496,208,408,1464
855,735,292,484,130,21,650,630,317,606,495
856,749,379,176,514,21,268,407,315,256,82
857,1100,791,1010,284,659,125,606,584,98,789
858,1256,162,100,1073,407,1100,739,782,866,47
859,113,505,762,291,791,872,513,654,92,1362
860,484,689,1437,139,748,749,176,1126,488,898
861,315,67,407,245,739,125,745,267,791,38
862,1435,316,863,282,790,231,1258,602,1281,477
863,1256,309,39,863,21,222,303,284,407,317
864,345,318,379,491,12,333,646,247,1550,1286
865,125,1125,675,1523,315,1034,169,364,1239,1100
866,168,1435,400,548,514,247,383,660,1092,283
867,400,922,662,1452,12,1099,222,261,345,320
868,1258,1435,183,282,790,477,407,713,1281,316
869,177,779,848,761,189,284,1439,199,496,500
870,251,47,316,66,226,1519,500,107,577,218
871,605,355,154,669,650,100,324,673,682,53
872,214,605,291,53,312,745,324,1078,518,377
873,548,168,222,284,345,193,407,658,662,247
874,918,333,245,284,1625,100,632,430,513,427
875,514,630,398,130,482,284,426,506,473,63
876,514,323,24,12,333,407,962,247,398,169
877,1678,1153,1555,1584,858,749,968,584,812,1034
878,628,661,407,377,1008,214,297,1643,749,520
879,918,67,706,198,412,377,75,1645,9,520
880,38,749,469,881,423,504,1484,748,67,420
881,362,789,754,282,505,316,269,168,894,85
882,315,407,303,886,922,662,176,1550,713,107
883,584,626,789,924,514,1086,12,516,398,169
884,484,416,673,309,968,717,189,1062,135,628
885,1535,183,1435,542,407,222,1589,528,1352,1258
886,1043,543,170,518,936,1444,16,1163,511,144
887,407,791,271,514,548,267,12,513,63,707
888,100,761,594,261,1352,320,527,317,12,400
889,708,500,113,974,754,177,1316,1132,779,310
890,47,189,669,504,1100,848,135,1087,721,222
891,177,918,1645,333,189,198,706,1316,1583,67
892,177,165,204,1464,303,505,11,872,443,192
893,779,848,284,708,513,505,113,584,1625,527
894,407,398,247,1008,662,514,12,427,168,516
895,484,82,689,177,514,709,348,241,744,139
896,1100,791,782,615,128,245,754,831,67,125
897,427,518,82,435,67,543,483,726,854,400
898,484,67,749,1486,407,162,661,176,676,379
899,47,528,495,1040,500,1138,142,119,848,707
900,650,894,269,484,948,968,537,548,355,992
901,528,709,442,1162,1092,1352,309,1589,479,514
902,1362,789,848,1417,779,284,830,1316,1100,398
903,669,504,420,47,1072,71,1238,682,771,135
904,316,1362,791,505,457,126,245,431,134,46
905,176,632,315,67,407,197,304,627,47,1011
906,669,100,189,47,528,504,682,1352,594,848
907,47,240,72,606,495,483,381,326,176,98
908,650,1625,754,216,500,98,708,355,301,269
909,47,39,263,177,1519,477,495,653,1256,735
910,309,1464,528,660,428,1643,689,247,1674,380
911,442,1584,135,59,106,743,207,428,130,630
912,514,400,1360,1051,12,583,1589,1477,626,1668
913,968,200,262,1352,100,1338,125,659,135,447
914,789,506,1034,541,630,284,172,80,163,714
915,169,514,398,12,82,271,268,284,333,584
916,47,527,476,628,271,912,720,761,229,100
917,739,51,67,125,315,151,745,268,749,588
918,606,1100,767,128,447,47,67,630,389,735
919,1362,1100,606,1011,125,67,675,650,735,43
920,894,709,324,433,605,455,669,528,1444,777
921,168,247,147,709,1649,478,626,610,365,1550
922,303,67,170,245,745,407,315,518,513,312
923,500,113,72,307,528,608,698,80,1248,1143
924,47,75,100,504,409,197,170,245,669,518
925,268,21,514,82,379,749,948,241,318,1256
926,685,1444,269,324,2,320,894,1619,1210,575
927,125,315,303,67,675,513,1625,364,754,1585
928,484,292,548,704,791,446,47,165,134,510
929,125,745,675,968,1352,135,891,32,40,669
930,749,968,292,506,241,189,1034,284,522,628
931,241,749,706,484,247,67,330,584,522,187
932,968,1062,292,241,514,113,526,996,130,136
933,269,819,527,870,779,467,165,303,490,208
934,968,594,650,894,433,100,214,53,269,505
935,412,427,435,518,72,543,59,483,520,90
936,177,428,490,500,708,912,269,819,346,779
937,782,791,270,831,1090,162,85,901,1143,423
938,745,271,512,312,277,189,447,151,504,100
939,47,189,177,761,504,512,409,142,165,176
940,59,177,82,638,518,318,520,189,47,504
941,177,303,789,1034,528,309,398,749,500,506
942,1327,1583,1645,638,177,112,872,9,640,204
