0,1632,1358,1356,1491,1319,1456,1446,1532,1344,1626
1,1491,1319,1632,1446,1358,1344,1532,1456,1381,1624
2,1319,1358,1583,1534,1615,1520,1446,1456,1390,1675
3,1491,1319,1358,1583,1446,1632,1079,1626,1356,1431
4,1632,1319,1616,1446,1652,1547,1381,1358,1079,1356
5,1491,1358,1446,1632,1319,1079,1454,1532,1626,1381
6,1326,1388,1357,1195,1413,1578,1679,1629,1563,1625
7,1454,1358,1622,1428,1624,1319,1344,1356,1632,1667
8,1632,1678,1344,1428,1532,1491,1358,1626,1667,1446
9,1446,1626,1632,1358,1356,1678,1639,1431,1344,1491
10,1579,1547,1583,1319,1641,1617,1079,1349,1520,813
11,1632,1356,1358,1446,1652,1584,1381,436,1532,1563
12,293,244,272,474,747,545,275,1027,762,134
13,1632,1358,1491,1446,1456,1319,1356,1344,1532,1626
14,1624,1491,1495,798,1613,1342,1662,1545,1611,1617
15,1446,1356,1358,1344,1632,1532,1456,1639,1491,1319
16,1454,1491,1624,1639,1344,1356,1532,1431,1626,1569
17,1624,1568,1505,1466,1460,1569,986,956,1431,1648
18,1344,1358,1428,1491,1319,1532,1632,1356,1624,1667
19,1632,1667,1428,1356,1532,1319,1381,1570,1535,1344
20,747,293,272,244,474,275,545,762,134,1027
21,1564,1026,1532,1319,1358,1569,1571,1552,1459,1572
22,293,244,272,275,474,545,475,762,134,1027
23,1639,1356,1319,1358,1624,1428,1431,1600,1520,1626
24,1356,1639,1446,1431,1678,1626,1344,1532,1632,1358
25,1344,1356,1632,1456,1491,1532,1431,1667,1639,1626
26,1319,1491,906,1600,1356,1532,1358,1079,1639,1675
27,1632,1358,1381,1570,1652,1662,1446,1534,1356,1532
28,1491,1632,1358,1446,1319,1344,1456,1626,1583,1678
29,1344,1456,1446,1319,1356,1358,1431,1632,1454,1679
30,1319,1428,1358,1667,1491,1624,1344,1514,1507,1532
31,1491,1319,1632,1358,1344,1446,1626,1678,1532,1456
32,1344,1431,1456,1639,1675,1356,1532,1563,1624,1491
33,1632,1667,1626,1344,1491,1428,1358,1624,1456,1319
34,1319,1358,1532,1675,1520,1344,1491,1446,1456,1583
35,1358,1675,1344,1319,1632,1564,1532,1583,1456,1446
36,1454,1491,1358,1446,1319,1624,1356,1632,1456,1497
37,1319,1358,1632,1356,1532,1491,1344,1428,1456,1446
38,1491,1632,1626,1667,1358,1437,1319,1079,1624,1428
39,1456,1344,1454,1675,1532,1446,1632,1358,1356,1491
40,1491,1319,1632,1532,1446,1358,1079,1356,1344,1535
41,1613,1454,1622,1569,1605,1026,1621,1624,1436,1211
42,1358,1319,1491,1624,1632,1428,1344,1675,1532,1446
43,1319,1547,1347,1428,1437,1579,1079,1306,1358,1307
44,1641,1491,1632,1358,1356,1579,1465,1454,1631,1675
45,1358,1491,1319,1632,1583,1678,1446,1626,1547,1428
46,1358,1340,1532,1319,1639,1344,1675,1571,1491,1624
47,1491,1319,1079,1344,1639,1356,1532,1624,1431,1675
48,1491,1431,1344,1446,1319,1454,1358,1356,1639,1456
49,1358,1675,1641,1532,1632,1520,1356,956,436,1344
50,1319,1358,1667,1491,1632,1532,1381,1570,1446,1534
51,1491,1356,1319,1344,1632,1358,1532,1667,1431,1454
52,1356,1532,1632,1446,1381,1319,1652,1358,1428,1639
53,1639,1356,1532,1319,1428,1570,1626,1600,1624,1491
54,1319,1491,1079,1643,1534,1639,1532,1624,1358,1446
55,1491,1340,1358,1564,1079,1675,1593,1532,1344,1632
56,1491,1344,1079,1431,1675,1358,1234,1456,1446,1319
57,1344,1678,1446,1435,1319,1532,1431,1491,1564,1617
58,293,244,275,272,545,474,747,475,357,134
59,1358,1319,1632,1491,1344,1532,1675,1356,1428,1456
60,1632,1456,1491,1344,1358,1431,1675,1626,1446,1356
61,1344,1532,1319,1446,1564,1632,1491,1356,1431,1639
62,1344,1431,1564,1491,1585,1675,1459,295,1456,1129
63,134,293,244,272,275,474,545,1027,762,475
64,1356,1358,1319,1675,1532,1632,1456,1491,1428,1652
65,1358,1632,1446,1356,1319,1491,1381,1532,1583,1344
66,1532,1615,1675,1319,1358,1593,1344,1564,1446,1632
67,1358,1632,1491,1520,1454,1456,1356,1446,1626,1319
68,1319,1358,1632,1491,1532,1428,1356,1344,1626,1446
69,1632,1491,1358,1456,1446,1319,1626,1356,1344,1624
70,1456,1632,1491,1344,1358,1079,1667,1319,1675,1593
71,1454,1344,1624,1491,1497,1431,1572,1356,1234,1613
72,1356,1632,1626,1639,1428,1456,1570,1358,1600,1491
73,1358,1446,1319,1491,1617,1675,1431,1532,1639,1356
74,1491,1639,1079,1319,1532,1626,1534,1624,1617,1344
75,1356,1625,1542,857,1548,883,1621,1639,1632,1431
76,1358,1319,1356,1344,1454,1632,1532,1491,1446,1428
77,1491,1344,1319,1667,1624,1079,1626,1456,1428,1195
78,1491,1358,1454,1319,1497,1195,1643,1624,1626,1632
79,1491,1632,1358,1319,1446,1583,1626,1344,1667,1356
80,1319,1358,1491,1446,1356,1583,1456,1520,1079,1632
81,293,244,272,474,275,545,762,1027,475,134
82,293,244,272,275,474,747,545,134,762,1027
83,1319,1344,1456,1491,1428,1632,1667,1675,1358,1532
84,1501,1611,1145,1365,1463,1259,1435,1643,1430,1455
85,1356,1358,1632,1456,1571,1675,1319,1532,1446,1428
86,1319,1358,1632,1491,1446,1356,1344,1626,1532,1456
87,1356,1358,1652,1632,1446,1234,1381,1319,1491,1558
88,1491,1454,1358,1446,1456,1319,1564,1632,1593,1675
89,293,474,244,272,275,545,1027,762,258,475
90,1358,1532,1344,1564,1319,1491,1624,1667,1675,1428
91,293,272,244,474,275,545,747,1027,762,134
92,1632,1358,1662,1446,1381,1584,1573,1570,1652,1532
93,1319,1356,1537,1632,1404,1363,1079,1535,1532,1446
94,1491,1632,1358,1454,1319,1626,1079,1456,1446,1356
95,1632,1491,1319,1667,1446,1454,1358,1344,1532,1626
96,1358,1454,1491,1234,1568,1624,1446,1639,1573,1372
97,1491,1319,1079,1570,1667,1626,1624,1437,1195,1456
98,1471,1451,1356,1494,1658,1431,1626,1662,1428,1520
99,1639,906,1532,1195,1578,1662,1534,1643,1535,1357
100,1632,1358,1491,1667,1570,1579,1319,1356,1428,1652
101,1632,1446,1358,1356,1234,1344,1381,1626,1491,1679
102,1446,1356,1491,1639,1632,1532,1454,1358,1626,1319
103,1547,1583,1615,1358,1534,1571,1570,1428,1520,1319
104,1344,1446,1456,1632,1532,1358,1454,1356,1491,1615
105,1344,1456,1319,1624,1491,1079,1431,1454,1358,1675
106,1358,1446,1491,1632,1344,1319,1454,1456,1626,1356
107,1344,1456,1675,1532,1632,1319,1356,1358,1381,1340
108,1639,1652,1388,1534,1520,1356,1662,1570,1358,1568
109,1446,1639,1625,1358,1319,1632,1356,1532,1534,1381
110,1358,1652,1624,1626,1534,1491,1639,1632,1356,1625
111,1667,1319,1632,1344,1491,1532,1358,1428,1356,1675
112,1456,1446,1454,1632,1188,1558,1381,1344,1356,1319
113,1491,1667,1624,1344,1319,1456,1632,1428,1454,1675
114,1632,1358,1446,1532,1356,1381,1319,1675,1491,1662
115,293,474,272,244,747,545,256,762,1027,357
116,1446,1617,1319,1491,1344,1456,1079,1358,1583,1431
117,1319,1344,1532,1611,1564,1446,1456,1624,1026,1507
118,1491,1632,1358,1667,1319,1626,1344,1079,1593,1583
119,1652,1446,1358,1456,1675,1679,1381,1356,1632,1534
120,1358,1583,1491,1319,1446,1456,1632,1079,1344,1593
121,1358,1319,1446,1632,1583,1491,1532,1534,1678,1626
122,1344,1356,1431,1632,1491,1319,1446,1456,1358,1322
123,1632,1356,1534,1358,1532,1639,1662,1625,1570,1626
124,1677,829,1550,1611,1308,1540,1532,1454,1605,798
125,1358,1564,1319,1583,1491,1632,1446,1534,1675,1593
126,1456,1344,1358,1632,1593,1497,1446,1454,1491,1583
127,1568,1491,1524,1342,1643,1426,1188,1452,1564,1364
128,1358,1583,1319,1534,1675,1446,1520,1652,1615,1593
129,474,293,244,272,275,545,1027,134,762,747
130,1446,1456,1358,1319,1356,1632,1344,1491,1431,1532
131,1344,1532,1632,1675,1456,1356,1431,1446,1459,1358
132,1358,1632,1319,1446,1344,1491,1456,1356,1431,1583
133,1356,1632,1626,1639,1446,1358,436,1532,1662,1570
134,1491,1319,1358,1356,1632,1626,1625,1428,1639,1520
135,1356,1491,1319,1639,1652,1358,1624,1195,1079,1626
136,1358,1632,1583,1446,1319,1491,1428,1667,1626,1564
137,1491,1358,1632,1667,1319,1454,1344,1641,1583,1675
138,1446,1491,1358,1344,1454,1188,1624,1319,1632,1423
139,1491,1454,1446,1319,1456,1344,1632,1576,1308,1668
140,1456,1464,1356,1431,1573,1341,1344,1520,857,1446
141,1632,1626,1491,1358,1342,1344,1667,1624,1662,1381
142,1456,1319,1532,1344,1446,1611,1435,1675,1570,1632
143,1491,1456,1319,1344,1632,1358,1624,1454,1079,1675
144,1356,1632,1319,1491,1428,1344,1358,1532,1667,1446
145,1356,1431,1319,1639,1456,1344,1600,1446,1491,1532
146,1344,1358,1456,1319,1446,1632,1532,1431,1583,1491
147,1344,1319,1456,1358,1431,1491,1446,1356,1532,1632
148,1491,1454,1632,1626,1667,1446,1514,1678,1358,1319
149,1319,1639,1491,1356,1532,1079,1570,1195,1600,1626
150,1519,1652,1625,1600,1570,1579,1195,1356,1454,1491
151,1356,1358,1632,1446,1319,1491,1532,1456,1344,1431
152,1356,1358,1675,1532,1319,1446,1456,1454,1459,1344
153,1491,1632,1356,1446,1319,1358,1626,1532,1456,1570
154,1358,1632,1491,1446,1344,1234,1356,1583,1431,1626
155,1358,1319,1632,1446,1381,1456,1428,1356,1622,1344
156,1454,1358,1491,1632,1497,1667,1624,1446,1572,1195
157,293,545,244,272,474,275,1027,747,475,762
158,1358,1446,1532,1356,1632,1319,1381,1344,1428,1491
159,1632,1358,1491,1319,1675,1340,1626,1593,1667,1356
160,1491,1358,1632,1344,1319,1446,1593,1564,1583,1079
161,1344,1532,1319,1431,1356,1675,1428,1129,1600,1456
162,1319,1358,1491,1632,1195,1356,1639,1456,1446,1626
163,1319,1456,1491,1358,1356,1454,1195,1446,1675,1532
164,1456,1344,1564,1675,1319,1491,1446,1358,1532,1454
165,1626,1624,1358,1344,1491,1431,1520,1319,1456,1568
166,1632,1358,1456,1356,1344,1428,1675,1532,1446,1319
167,1456,1344,1617,1632,1491,1626,1563,1431,1446,1079
168,1624,1431,1491,1626,1639,1344,1356,1456,1428,1600
169,1319,1491,1532,1356,1435,1667,1507,1428,1454,1344
170,1344,1632,1456,1626,1491,1678,1358,1446,1537,1431
171,1639,1532,906,1079,1491,1234,1340,1497,1363,1356
172,1667,1632,1532,1358,1675,1381,1491,1593,1641,1571
173,1446,1353,1564,1319,1456,1026,1308,1532,1381,1459
174,1667,1491,1319,1358,1564,1532,1632,1615,1593,1583
175,1491,1319,1639,1446,1356,1431,1195,1532,1626,1358
176,1632,1358,1491,1319,1667,1570,1428,1356,1626,1532
177,272,293,244,474,275,545,1027,762,134,475
178,1344,1632,1491,1456,1319,1428,1535,1583,1358,1563
179,1358,1632,1446,1532,1356,1491,436,1381,1626,1573
180,1446,1344,1564,1319,1532,1583,1632,1358,1356,1026
181,1491,1626,1456,1632,1344,1079,1319,1431,1358,1678
182,1632,1358,1626,1491,1456,1667,1454,1593,1624,1344
183,293,275,244,272,474,545,747,1027,762,134
184,1431,1446,1344,1356,1456,1639,1358,1678,1626,1632
185,1356,1319,1431,1456,1446,1439,1679,1358,1639,1344
186,1456,1454,1675,1344,1446,1356,1431,1464,1497,1459
187,1344,1356,1632,1358,1491,1431,1319,1446,1532,1626
188,1319,1358,1446,1456,1632,1491,1356,1344,1583,1454
189,1632,1358,1491,1319,1456,1583,1446,1667,1626,1344
190,1491,1454,1319,1358,1624,1667,1570,1632,1428,1195
191,1358,1632,1446,1675,1641,1163,1670,436,1491,1356
192,1319,1456,1344,1491,1446,1358,1356,1632,1675,1431
193,293,244,272,275,474,545,258,747,762,99
194,1491,1344,1632,1446,1319,1532,1358,1456,1356,1454
195,1491,1446,1632,1358,1356,1319,1532,1344,1459,1583
196,1358,1491,1319,1593,1632,1675,1456,1624,1571,1344
197,1632,1358,1356,1446,1491,1319,1626,1570,1381,1428
198,1632,1356,1626,1344,1358,1428,1573,1446,1491,1431
199,1532,1358,1319,1564,1583,1632,1675,1615,1662,1520
200,1632,1358,1675,1234,1679,1641,1583,1305,1645,1491
201,1454,1446,1491,1358,1624,1319,1678,1356,1344,1435
202,1534,1593,1358,1570,1615,1456,1611,1624,1319,1491
203,1358,1532,1446,1639,1626,1662,1388,1356,1678,1534
204,1344,1319,1532,1358,1428,1667,1456,1491,1624,1632
205,1491,1319,1456,1632,1454,1356,1195,1446,1626,1476
206,1344,1456,1491,1454,1319,1446,1576,1431,1583,1675
207,1632,1358,1381,1491,1446,1667,1356,1652,1319,1625
208,1344,1532,1356,1639,1431,1319,1632,1446,1491,1456
209,1319,1532,1507,1344,1572,1456,1613,1493,1356,1446
210,1319,1491,1358,1344,1667,1624,1428,1532,1571,1456
211,1358,1446,1356,1319,1520,1583,1491,857,1431,1632
212,1491,1319,1358,1632,1446,1344,1624,1626,1454,1667
213,1358,1319,1583,1652,1446,1534,1520,1547,1641,1579
214,1632,1535,1667,1358,1571,1319,1428,1456,1491,1570
215,1344,1456,1319,1532,1491,1675,1632,1446,1079,1356
216,1358,1632,1356,1532,1652,1381,1534,1446,1626,1662
217,1358,1675,1079,1491,1319,906,1356,1340,1600,1579
218,1358,1356,1632,1456,1532,1428,1675,1571,436,1573
219,1358,1319,1446,1491,1456,1632,1356,1652,1532,1570
220,474,293,244,272,275,545,1027,762,134,475
221,293,474,244,272,545,275,762,475,1027,69
222,1632,1358,1446,1456,1381,1583,1626,1547,1491,1535
223,1610,1439,909,1485,1512,1650,906,1651,1402,1497
224,1356,1570,1652,1639,1428,1319,1534,1632,1195,1600
225,1491,1454,1532,1632,1358,1356,1626,1639,1446,1344
226,1356,1491,1358,1632,1428,1626,1319,1624,1667,1454
227,1319,1532,1344,1356,1639,1363,1678,1491,1435,1431
228,1356,1358,1319,1632,1532,1344,1456,1675,1428,1446
229,1587,1667,1656,1635,916,1457,1333,1600,1315,1605
230,1456,1344,1675,1358,1446,1632,1679,1356,1431,1532
231,1632,1491,1626,1358,1667,1570,1195,1428,1456,1356
232,1358,1632,1319,1532,1356,1446,1491,1456,1675,1344
233,1344,1431,1456,1356,1532,1435,1464,1639,1675,1581
234,1454,1497,1356,1456,1675,1572,1491,906,1646,1558
235,1456,1344,1388,1639,1624,1532,1431,1446,1600,1319
236,1632,1358,1491,1454,1446,1456,1344,1356,1626,1583
237,1446,1358,1491,1632,1319,1356,1625,1652,1381,1626
238,293,244,272,474,134,275,1027,545,747,475
239,1356,1491,1319,1431,1624,1344,1639,1428,1520,1454
240,1491,1626,1639,1195,1570,1667,1319,1624,1678,1428
241,1626,1491,1632,1358,1636,1662,1446,1625,1639,1573
242,1632,1358,1356,1626,1428,1446,1520,1532,1662,1381
243,1356,1319,1358,1532,1632,1428,1344,1675,1446,1456
244,1319,1491,1358,1356,1454,1532,1675,1572,1564,1079
245,1542,1543,1616,1528,1291,597,1625,1591,1526,1260
246,1358,1632,1652,1446,1319,1381,1356,1534,1428,1570
247,1675,1564,1459,1319,1456,1344,1491,1358,1356,1532
248,1491,1358,1319,1632,1532,1667,1356,1428,1624,1446
249,1456,1344,1632,1491,1356,1358,1319,1428,1624,1626
250,1358,1446,1319,1454,1632,1532,1572,1381,1583,1571
251,1624,1358,1454,1639,1356,1613,1568,1431,1491,1520
252,1358,1356,1491,1319,1632,1532,1446,1454,1344,1675
253,1519,1652,1454,1625,857,1613,1358,1241,1235,1507
254,1368,1129,851,1563,1431,917,1553,1291,1548,813
255,1446,1319,1678,1344,1632,1491,1583,1456,1358,1626
256,1358,1319,1491,1356,1428,1624,1632,1079,1532,1639
257,1632,1319,1667,1491,1428,1344,1358,1532,1381,1626
258,1358,1675,1632,1593,1564,1652,1583,1459,1446,1534
259,1344,1617,1446,1632,1491,1319,1583,1079,1358,1456
260,1491,1632,1667,1624,1319,1626,1428,1356,1358,1570
261,293,272,244,474,1027,275,747,134,545,762
262,244,293,258,275,272,475,270,545,474,134
263,1491,1632,1358,1356,1344,1431,1319,1428,1626,1624
264,1456,1344,1428,1356,1319,1632,1563,1675,1431,1571
265,1358,1319,1491,1446,1454,1583,1632,1532,1624,1356
266,293,244,272,474,275,545,762,747,475,134
267,293,244,272,275,474,545,762,134,475,747
268,1454,1456,1344,1129,986,1340,1622,1600,1155,1573
269,1491,1358,1446,1632,1319,1626,1344,1454,1456,1079
270,1344,1632,1319,1491,1532,1456,1356,1535,1625,1428
271,1491,1564,1319,1358,1446,1643,1639,1344,1454,1195
272,1532,1446,1632,1459,1356,1358,1564,1435,1163,1344
273,1491,1639,1431,1319,1079,1356,1600,1344,1532,906
274,1454,1491,1446,1358,1234,1431,1573,1356,1344,1572
275,293,244,272,275,474,545,747,258,1027,762
276,1632,1456,1446,1319,1358,1532,1491,1675,1381,1356
277,1358,1571,1593,1583,1632,1675,1491,436,1356,1578
278,912,1623,837,917,1320,1429,1348,916,864,1313
279,1454,1678,1307,1570,1547,1491,1540,1624,1200,1456
280,1358,1344,1532,1446,1675,1624,1454,1340,1234,1381
281,1446,1632,1358,1356,1456,1454,1344,1678,857,1319
282,1632,1358,1491,1626,1446,1456,1652,1319,1356,1624
283,1491,1571,1319,1632,1456,1358,1344,1195,1593,1079
284,1319,1358,1579,1079,1532,1507,1446,1520,1675,1465
285,1632,1358,1344,1491,1319,1356,1456,1446,1532,1626
286,1358,1632,1446,1356,1491,1454,1626,1428,1319,1652
287,1639,1532,1356,1446,1319,1344,1491,1431,1678,1626
288,1491,1358,1632,1446,1456,1344,1319,1356,1626,1431
289,1491,1358,1632,1446,1626,1319,1356,1456,1454,1344
290,1639,1291,1625,1678,1129,1503,1368,1626,1581,912
291,272,293,474,300,275,244,762,134,115,545
292,1344,1456,1491,1624,1675,1358,1454,1632,1667,1340
293,1632,1509,1234,1626,1491,1460,1631,1454,1456,1356
294,1356,1428,1456,1563,1632,1509,1537,1540,436,1600
295,1358,1491,1624,1319,1344,1446,1456,1632,1626,1675
296,1319,1491,1446,1358,1456,1344,1079,1632,1639,1626
297,1509,1492,1631,1593,1578,436,1632,1372,1456,1485
298,293,244,272,474,275,545,1027,762,475,747
299,1491,1319,1079,1626,1358,1632,1344,1456,1431,1667
300,1319,1079,1491,1358,1356,1632,906,1534,1583,1675
301,1652,1358,1446,1632,1626,1491,1454,1534,1624,1381
302,293,272,244,474,275,545,747,762,475,1027
303,1356,1600,1639,1532,1358,1491,1319,1079,906,1363
304,293,244,272,474,275,545,1027,475,134,747
305,1344,1532,1446,1678,1356,1632,1456,1319,1617,1358
306,1344,1491,1456,1626,1079,1675,1431,1667,1545,1632
307,1358,1632,1344,1446,1491,1356,1319,1532,1456,1626
308,1356,1319,1358,1532,1675,1579,1507,1652,1520,1381
309,1358,1319,1446,1356,1491,1454,1632,1583,1532,1652
310,1632,1537,1584,598,1356,1535,1563,1509,1381,1404
311,1319,1624,1358,1456,1491,1520,1507,1639,1195,1534
312,1358,1491,1356,1632,1428,1532,1319,1626,1639,1624
313,1122,1350,1583,1601,438,1641,1383,816,1633,1615
314,1491,1319,1625,1626,1632,1356,1358,1639,1428,1446
315,1358,1319,1583,1491,1675,1632,1652,1356,1593,1446
316,1456,1344,1532,1632,1446,1358,1615,1571,1675,1593
317,1356,1632,1358,1446,1652,1626,1570,1456,1532,1520
318,1356,1675,1431,1632,1358,1456,1344,1491,1319,1679
319,1602,1521,813,1481,437,1351,1579,1319,1353,917
320,1358,1491,1319,1446,1632,1532,1381,1583,1615,1356
321,1358,1632,1456,1446,1593,1583,1615,1675,1532,1571
322,1593,1340,1485,1460,1600,1509,1675,1563,1129,1680
323,1356,1358,1626,1491,1600,1639,436,1431,1632,1624
324,837,917,744,914,796,365,244,293,275,474
325,293,244,272,275,474,545,475,1027,134,762
326,1358,1344,1632,1491,1319,1532,1356,1446,1428,1456
327,1491,1356,1632,1358,1446,1319,1639,1431,1344,1456
328,1319,1456,1344,1624,1491,1428,1358,1571,1195,1532
329,998,1671,293,244,272,275,474,475,545,1525
330,1319,1491,1678,1356,1532,1446,1639,1344,1358,1632
331,1358,1446,1632,1456,1356,1319,1583,1491,1520,1652
332,1491,1624,1358,1319,1626,1568,1520,1643,1446,1188
333,1632,1491,1319,1626,1358,1667,1532,1344,1428,1356
334,1632,1358,1428,1662,1356,1532,1626,1570,1534,1381
335,1491,1454,1446,1358,1632,1678,1344,1626,1624,1617
336,1319,1356,1456,1675,1358,1344,1532,1520,1428,1431
337,1491,1454,1643,1195,1639,1624,1319,1497,1358,1446
338,1356,1319,1446,1632,1358,1491,1344,1456,1532,1431
339,1358,1652,1632,1534,1319,1381,1446,1570,1491,1675
340,1491,1358,1632,1319,1626,1356,1428,1625,1667,1446
341,293,272,244,275,747,474,545,1027,762,134
342,1632,1358,1356,1626,1446,1491,1431,1662,857,1639
343,1353,1548,1188,1525,1026,1627,1439,1308,1588,1356
344,293,272,244,474,275,545,747,342,134,475
345,293,244,272,474,1027,301,762,545,275,69
346,1551,1595,244,275,272,258,293,474,321,545
347,1632,1344,1446,1456,1491,1431,1356,1626,1358,1537
348,1491,1356,1319,1431,1358,1632,1520,1639,1446,1079
349,1632,1491,1428,1319,1358,1356,1625,1667,1626,1446
350,1358,1319,1583,1641,1491,1446,1632,1675,956,1079
351,1626,1491,1632,1344,1340,1358,1667,1428,1624,1563
352,1632,1356,1381,1428,1358,1319,1456,1532,1667,1652
353,1446,1632,1358,1532,1573,1662,1615,1381,1679,1356
354,1491,1446,1358,1319,1564,1079,1583,1632,1675,1532
355,1454,1491,1319,1358,1446,1356,1624,1632,1507,1188
356,1632,1626,1358,1667,1491,1624,1344,1428,1456,1622
357,1632,1358,1356,1446,1491,1532,1626,1319,1381,1652
358,1319,1358,1491,1632,1456,1675,1446,1583,1564,1520
359,1456,1344,1356,1319,1431,1358,1446,1428,1520,1622
360,1358,1491,1319,1356,1532,1632,1446,1428,1626,1639
361,1456,1446,1435,1319,1344,1678,1358,1532,1520,1491
362,1491,1632,1358,1344,1626,1319,1456,1446,1454,1356
363,1632,1358,1356,1626,1428,1491,1570,1456,1319,1520
364,1632,1491,1358,1626,1356,1319,1446,1454,1428,1667
365,1456,1358,1624,1632,1428,1319,1626,1356,1344,1491
366,1491,1358,1632,1626,1532,1446,1639,1344,1319,1340
367,1532,1356,1344,1428,1319,1639,1520,1675,1459,1431
368,1319,1456,1491,1446,1358,1356,1079,1632,1576,1583
369,1358,1319,1615,1583,1491,1446,1456,1344,1593,1079
370,1344,1358,1632,1491,1626,1331,1583,1446,1593,1340
371,1358,1319,1491,1356,1632,1195,1570,1428,1497,1626
372,1532,1344,1356,1456,1675,1431,1639,1428,1632,1563
373,1234,1645,1613,1621,103,1347,1522,1358,1319,1356
374,1491,1446,1454,1319,1344,1431,1356,1632,1576,1435
375,1632,1358,1547,1428,1356,1456,1537,1540,1570,1532
376,1626,1491,1344,1639,1632,1340,1431,1456,1624,1342
377,1454,1634,906,1646,1446,1578,1435,1491,1639,1358
378,1446,1639,1356,1358,1319,1431,1491,1363,1532,1520
379,1388,1487,1505,1215,1573,1578,857,1395,1554,1423
380,1613,1373,1493,1540,1324,1670,1454,1457,1660,856
381,1358,1632,1319,1446,1583,1572,1356,1571,1532,1344
382,1632,1446,1358,1344,1319,1532,1356,1456,1381,1491
383,1454,1532,1624,1639,1319,1507,1344,1195,1435,1611
384,1344,1491,1632,1358,1626,1340,1532,1639,1624,1234
385,1491,1626,1319,1632,1639,1570,1667,1532,1356,1624
386,1632,1491,1358,1456,1319,1356,1428,1344,1675,1667
387,1679,1358,1344,1456,1356,1431,1632,1583,1675,1319
388,1446,1358,1319,1491,1583,1520,1356,1632,1188,1652
389,1356,1632,1446,1491,1626,1431,1358,1639,1344,1319
390,1491,1319,1358,1344,1532,1632,1446,1356,1456,1624
391,1491,1358,1456,1632,1446,1344,1319,1624,1454,1626
392,1491,1632,1356,1358,1319,1626,1624,1639,1532,1446
393,1669,1656,1667,1428,829,1457,1495,1571,1569,1509
394,1652,1446,1358,1632,1319,1188,1491,1356,1381,1643
395,1319,1532,1667,1632,1358,1491,1344,1381,1428,1615
396,1456,1454,1435,1347,1675,1491,1497,1432,1576,1173
397,293,244,272,474,275,545,747,1027,762,134
398,1319,1358,1632,1446,1356,1491,1532,1456,1428,1344
399,1319,1570,1491,1639,1626,1356,1428,1632,1667,1079
400,293,244,272,474,275,747,1027,762,545,134
401,1491,1632,1626,1446,1356,1358,1639,1319,1625,1431
402,1454,1356,1446,1532,1456,1540,1632,1381,1652,1558
403,1491,1454,1358,1319,1234,1624,1613,1356,1497,1431
404,1639,1388,1625,1431,1678,1626,1356,1446,1423,1494
405,1491,1319,1358,1356,1632,1344,1431,1446,1626,1428
406,1632,1456,1356,1675,1344,1563,1319,1431,1079,1491
407,1491,1632,1319,1358,1079,1535,1667,1446,1456,1570
408,1454,1319,1572,1446,1381,1476,1518,1491,821,1643
409,1491,1625,1459,1569,1532,1454,1340,986,1639,1667
410,1491,1358,1626,1632,1319,1675,1079,1428,1356,1667
411,1491,1626,1632,1319,1446,1344,1358,1454,1624,1431
412,1344,1632,1532,1356,1431,1626,1428,1639,1446,1319
413,1358,1428,1319,1491,1356,1532,1624,1632,1667,1344
414,1344,1456,1431,1675,1319,1446,1491,1532,1564,1358
415,1358,1319,1446,1456,1632,1356,1491,1675,1344,1583
416,1446,1358,1632,1491,1319,1356,1652,1456,1626,1625
417,1356,1456,1319,1632,1446,1358,1188,1652,1491,1344
418,1632,1675,1358,1456,1344,1564,1319,1491,1356,1532
419,1491,1319,1454,1358,1446,1624,1435,1356,1507,1344
420,1356,1491,1431,1632,1446,1344,1319,1454,1456,1358
421,1319,1570,1428,1356,1491,1195,1667,1520,1358,1532
422,1319,1358,1491,1583,1446,1615,1532,1079,1632,1344
423,1632,1626,1340,1491,1358,1667,1675,1344,1563,1456
424,1344,1356,1632,1532,1358,1446,1431,1428,1319,1626
425,1632,1358,1491,1626,1446,1319,1652,1381,1583,1356
426,1356,1632,1344,1532,1428,1431,1319,1358,1491,1459
427,1491,1319,1632,1625,1358,1356,1570,1678,1446,1667
428,1446,1358,1534,1381,1652,1532,1632,1662,1615,1319
429,1632,1446,1319,1358,1356,1491,1532,1381,1652,1662
430,1356,1632,1358,1428,1652,1639,1626,1319,1570,1600
431,1491,1454,1319,1624,1446,1358,1456,1344,1356,1600
432,1632,1358,1532,1446,1381,1356,1491,1319,1615,1652
433,1358,1454,1491,1319,1572,1446,1344,1532,1667,1632
434,1356,1358,1319,1491,1639,1446,1632,1625,1431,1652
435,1632,1358,1456,1593,1491,1571,1446,1492,1579,1675
436,1639,1358,1356,1446,1532,1319,1491,1431,1388,1652
437,1491,1632,1319,1356,1626,1625,1446,1639,1358,1667
438,1632,1667,1344,1358,1428,1537,1532,1571,1356,1381
439,1632,1358,1344,1446,1675,1319,1491,1356,1456,1532
440,1639,1319,1356,1446,1678,1358,1532,1520,1494,1431
441,1664,1157,1306,1565,1263,1524,1065,1662,1515,1279
442,1234,1358,1632,1491,1626,1356,1431,1344,1446,1340
443,1632,1358,1446,1456,1319,1491,1583,1535,1626,1356
444,1358,1319,1491,1356,1446,1583,1456,1520,1675,1632
445,1626,1358,1632,1520,1446,1678,1356,1532,1494,1639
446,293,244,272,474,275,545,1027,747,475,762
447,1570,1454,1520,1358,1652,1319,1435,1195,1507,1624
448,1446,1491,1358,1319,1344,1456,1632,1454,1356,1532
449,1556,1537,1632,1580,1603,1124,1547,1263,917,1456
450,1358,1388,1446,1534,1583,1678,1319,1615,1520,1625
451,1358,1632,1446,1675,1491,1319,1532,1564,1344,1456
452,1344,1358,1319,1456,1632,1446,1532,1356,1675,1491
453,1143,912,1318,1183,1309,1106,837,1654,1030,1623
454,1358,1520,1571,1641,1319,1507,1519,1356,1583,1428
455,1632,1344,1626,1358,1491,1532,1356,1428,1675,1667
456,1358,1356,1632,1446,1532,1319,1381,1454,1428,1491
457,1319,1532,1615,1446,1358,1632,1491,1571,1356,1381
458,293,244,272,474,275,545,747,134,69,301
459,1652,1662,1625,1356,1570,857,1626,1639,1446,1494
460,1491,1626,1344,1624,1431,1632,1319,1358,1456,1667
461,1358,1319,1356,1632,1583,1571,1446,1532,1679,1381
462,293,244,272,474,1027,545,275,747,475,762
463,1358,1446,1583,1456,1632,1319,1344,1491,1641,956
464,1626,1639,1632,1356,1358,1491,1678,1662,1652,1446
465,1570,1356,1639,1662,1632,1491,1532,1163,1195,1626
466,1456,1344,1675,1532,1632,1356,1431,1446,1564,1459
467,1632,1344,1491,1446,1358,1456,1454,1573,1626,1356
468,1356,1358,1632,1572,1571,1532,1319,1446,1381,1454
469,1491,1632,1356,1358,1319,1428,1454,1571,1667,1079
470,1344,1454,1491,1632,1356,1668,1667,1456,1572,1431
471,1356,1624,1344,1613,1358,1319,1532,1520,1507,1454
472,1632,1356,1358,1446,1381,1456,1532,1652,1626,1428
473,293,272,244,275,474,1027,545,762,134,747
474,1532,1356,1639,1570,1428,1625,1667,1632,1662,1626
475,1678,1491,1626,1617,1624,1358,1344,956,1547,1435
476,1632,1356,1344,1532,1428,1626,1456,1358,1431,1675
477,1446,1358,1583,1319,1632,1491,1678,1520,1456,1626
478,1491,1632,1344,1356,1456,1319,1532,1358,1667,1626
479,1667,1344,1491,1428,1356,1624,1431,1639,1195,1532
480,1456,1344,1675,1431,1563,1459,1564,1356,1632,1319
481,1358,1632,1491,1446,1454,1626,1583,1344,1593,1456
482,1491,1356,1454,1431,1319,1639,1626,1358,1446,1632
483,1358,1491,1319,1632,1446,1626,1583,1652,1356,1454
484,1358,1319,1446,1652,1534,1188,1624,1564,1491,1675
485,1626,1632,1356,1639,1491,1678,1358,1319,1535,1446
486,1428,1358,1356,1319,1632,1520,1639,1626,1532,1570
487,1641,1648,1427,1385,1592,1486,1613,1122,437,544
488,1580,1677,1432,1640,1542,1226,1605,1308,1435,756
489,1319,1532,1446,1356,1358,1491,1632,1079,1572,1381
490,1532,1632,1356,1662,1428,1358,1667,1570,1626,1573
491,1491,1358,1626,1632,1446,1234,1356,1639,1624,1344
492,1446,1564,1026,1572,1532,1353,1582,1381,1671,1601
493,1456,1319,1344,1446,1632,1356,1532,1358,1491,1675
494,1356,1446,1632,1431,1344,1456,1491,1358,1532,1454
495,1632,1358,1491,1446,1356,1319,1626,1652,1624,1456
496,1626,1358,1624,1344,1667,1632,1532,1491,1428,1342
497,1678,1639,1494,1291,1532,1363,1444,1356,1581,1396
498,1356,1632,1532,1572,1344,1571,1667,1459,1573,1491
499,1456,1319,1358,1583,1491,1446,1632,1675,1356,1079
500,1491,1319,1356,1532,1639,1446,1632,1358,1626,1344
501,1358,1446,1319,1675,1356,1456,1583,1532,1491,1520
502,1316,1121,276,293,1027,1106,272,747,474,275
503,1358,1491,1356,1632,1639,1532,1626,1446,1319,1662
504,1632,1358,1356,1446,1532,1491,1456,1344,1626,1381
505,1358,1319,1583,1534,1645,1388,1564,1593,1679,1675
506,1319,1491,1344,1667,1632,1456,1428,1675,1358,1564
507,1456,1344,1624,1454,1491,1675,1667,1632,1532,1358
508,1491,1344,1626,1319,1358,1624,1632,1532,1331,1667
509,1491,1667,1532,1344,1319,1632,1358,1079,1675,1564
510,1344,1456,1340,1491,1675,1532,1431,1358,1632,1593
511,1358,1344,1532,1356,1446,1632,1428,1319,1431,1381
512,1632,1358,1344,1446,1319,1491,1456,1532,1675,1381
513,1543,1559,991,1616,1366,1263,1489,1642,1545,1588
514,1319,1491,1456,1358,1079,1675,1632,1344,1583,1428
515,1632,1358,1491,1641,1446,1319,1583,1454,1356,1675
516,1626,1491,1639,1446,1652,1356,1319,1632,1358,1566
517,1356,1358,1446,1319,1639,1632,1491,1626,1625,1431
518,1632,1319,1535,1667,1491,1532,1428,1358,1356,1571
519,1632,1358,1446,1319,1547,1583,1456,1678,1520,1534
520,1491,1358,1624,1626,1319,1639,1356,1632,1428,1570
521,1456,1358,1344,1632,1431,1491,1446,1356,1626,1563
522,806,1606,1584,1531,896,1543,1618,1671,1662,1450
523,1632,1491,1358,1446,1356,1319,1583,1079,436,1626
524,1446,1632,1456,1319,1491,1381,1358,1564,1532,1344
525,1639,1491,1534,1195,1570,1358,1643,1578,1626,1446
526,1344,1632,1446,1456,1358,1626,1491,1431,1319,1622
527,1358,1356,1632,1652,1319,1428,1446,1520,1381,1491
528,1632,1358,1446,1534,1381,1583,1456,1491,1319,1626
529,1456,1356,1446,1632,1679,1358,1497,1558,1431,1344
530,1632,1358,1446,1534,1652,1319,1491,1381,1626,1625
531,1456,1344,1446,1615,1632,1358,1593,1491,1319,1583
532,1145,1623,1002,1192,145,1379,1025,700,393,710
533,1617,1639,1444,1624,1431,1465,1600,1079,1568,1542
534,293,244,272,474,275,545,1027,747,475,762
535,1356,1632,1358,1491,1626,1446,1319,1532,1428,1639
536,1446,1632,1491,1344,1456,1358,1431,1079,1319,1617
537,1358,1491,1319,1632,1454,1356,1446,1625,1428,1652
538,1675,1319,1358,1520,1564,1534,1456,1532,1388,1446
539,1632,1491,1344,1667,1454,1446,1626,1435,1678,1532
540,1368,1546,1002,1625,1411,1584,1403,1423,1604,700
541,1506,1633,589,1354,1051,1492,593,1273,1252,1502
542,1625,1415,1353,1643,821,1026,1454,1613,1188,1419
543,1491,1358,1534,1579,1632,1593,1652,1570,1625,1662
544,1356,1632,1446,1358,1491,1456,1319,1344,1532,1431
545,1358,1356,1446,1632,1573,1454,857,1532,1491,1583
546,1632,1319,1491,1446,1356,311,1667,1358,1625,1344
547,1532,1319,1491,1662,1446,1639,1163,1356,1564,1358
548,1632,1319,1456,1358,1428,1571,1534,1356,1381,1446
549,1632,1532,1356,1491,1459,1446,1344,1675,1572,1535
550,293,272,244,474,275,1027,545,747,762,134
551,1632,1358,1626,1456,1356,1540,1491,1446,1570,1344
552,1632,1344,1456,1356,1358,1491,1675,1446,1626,1532
553,1632,1356,1358,1319,1532,1491,1446,1381,1639,1344
554,1491,1358,1319,1632,1446,1356,1624,1583,1454,1626
555,1319,1358,1632,1446,1532,1583,1491,1344,1428,1356
556,1358,1446,1520,1456,1356,956,1622,1344,1624,1675
557,1319,1491,1507,1456,1356,1358,1344,1675,1532,1641
558,1491,1319,1570,1356,1358,1626,1625,1639,1624,1632
559,1307,1347,1661,1143,1344,1456,1437,1669,1319,1675
560,1428,1667,1632,1356,1344,1532,1570,1537,1626,1381
561,1319,1079,1356,1532,1652,1639,1363,1456,1497,1446
562,1491,1319,1454,1624,1667,1358,1626,1678,1079,1514
563,1491,1454,1358,1319,1446,1356,1624,1632,1532,1639
564,1319,1344,1632,1358,1356,1446,1491,1456,1431,1428
565,1349,1556,1192,1499,1376,1547,995,1294,1306,1320
566,1632,1358,1532,1356,1491,1344,1615,1446,1456,1593
567,1456,1632,1319,1358,1356,1446,1344,1491,1532,1428
568,1632,1356,1491,1344,1431,1358,1459,1675,1446,1456
569,1632,1491,1626,1456,436,1344,1358,1675,1667,1431
570,1532,1344,1356,1572,1446,1456,1363,1632,1540,1381
571,1626,1491,1319,1358,1632,1678,1428,1079,1344,1356
572,1319,1491,1532,1356,1632,1358,1344,1667,1446,1381
573,1358,1491,1454,1319,1632,1571,1446,1593,1583,1456
574,1491,1319,1632,1358,1446,1643,1626,1079,1564,1625
575,1356,1344,1428,1431,1639,1358,1632,1319,1532,1624
576,856,1493,1363,1142,1628,1373,1652,1300,1137,1509
577,1358,1319,1639,1356,1613,1624,1520,1446,1568,1652
578,1319,1356,1358,1632,1446,1491,1583,1652,1381,1079
579,1358,1446,1356,1532,1573,1578,436,1632,1652,1615
580,1632,1319,1358,1356,1428,1667,1446,1491,1456,1570
581,1319,1358,1356,1428,1583,1520,1632,1625,1548,1439
582,1234,1358,1632,1679,1356,1626,1573,1340,1584,1662
583,1626,1632,1491,1678,1358,1446,1639,1344,1356,1570
584,1319,1491,1518,1079,1570,1643,1532,1667,1416,1195
585,293,244,272,474,275,545,134,1027,747,762
586,1446,1632,1356,1532,1344,1358,1491,1431,1639,1573
587,1579,1319,1613,1079,1427,1652,1548,1507,1659,1465
588,1491,1358,1652,1632,1662,1616,1356,1079,1579,1234
589,1358,1446,1632,1319,1356,1520,1456,1678,1491,1583
590,1662,1358,1446,1363,1584,1471,1652,1163,1381,1583
591,1626,1358,1632,1356,1428,1639,1532,1446,1624,1534
592,1632,1358,1356,1446,1491,1532,1381,1652,1454,1319
593,1632,1358,1356,1491,1428,1532,1626,1344,1667,1675
594,1435,1446,1491,1319,1678,1456,1454,1520,1643,1344
595,1626,1632,1534,1491,1358,1570,1662,1639,1547,1678
596,1431,1356,1344,1632,1319,1491,1428,1456,1322,1639
597,1532,1639,1358,1356,1662,1570,1319,1491,1446,1428
598,1446,1358,1583,1632,1319,1534,1564,1615,1388,1678
599,1318,1456,1490,1493,1678,1188,1540,1570,1602,1423
600,1645,1564,1583,1632,1503,1593,1492,1358,1644,313
601,1319,1532,1446,1491,1435,1632,1356,1344,1678,1358
602,1358,1583,1456,1675,1319,1446,1579,1632,1641,1593
603,1456,1344,1319,1675,1532,1431,1356,1491,1446,1459
604,1446,1632,1358,1356,1532,1456,1319,1491,1615,1583
605,1639,1079,1491,906,1319,1356,1600,1431,1626,1532
606,1358,1491,1319,1446,1456,1344,1632,1675,1583,1079
607,1026,1613,1564,1622,1397,1358,1582,1679,1446,821
608,1356,1632,1563,1340,1639,1344,1358,1431,1532,1456
609,1344,1632,1431,1675,1491,1456,1356,1358,1532,1446
610,1491,1319,1431,1356,1456,1344,1358,1639,1454,1520
611,1446,1319,1356,1532,1358,1456,1639,1344,1431,1632
612,1358,1319,1579,1491,1446,1507,1641,1356,1454,1652
613,1532,1344,1639,1491,1319,1356,1358,1632,1675,1340
614,1356,1428,1632,1456,1358,1344,1626,1639,1532,1431
615,1356,1344,1428,1431,1572,1532,1454,1632,1667,1358
616,1456,1344,1491,1446,1319,1358,1624,1454,1632,1188
617,1491,1456,1626,1358,1675,1624,1079,1632,1340,1344
618,1446,1358,1356,1632,1491,1319,1532,1344,1678,1639
619,1435,1668,1678,1532,1319,1496,1344,1291,813,1572
620,293,272,244,474,275,1027,545,747,762,475
621,1356,1532,1358,1344,1319,1428,1632,1491,1675,1639
622,1446,1632,1564,1319,1358,1344,1583,1456,1491,1381
623,293,244,272,474,275,747,1027,545,134,762
624,1319,1446,1358,1456,1678,1520,1344,1583,1491,1624
625,1626,1632,1491,1358,1344,1431,1583,1563,1456,1319
626,293,244,272,474,275,545,1027,475,134,762
627,1632,1456,1344,1356,1319,1358,1428,1675,1446,1532
628,1358,1319,1446,1632,1491,1356,1532,1456,1344,1626
629,1491,1358,1319,1632,1356,1456,1675,1079,1344,1532
630,1632,1446,1381,1319,1358,1356,1532,821,1564,1652
631,1319,1358,1583,1679,1390,1520,1675,1439,1362,1388
632,1675,1358,1319,1428,1632,1520,1456,1356,1532,956
633,1358,1632,1491,1626,1446,1319,1356,1344,1428,1667
634,1583,1358,1632,1319,1491,1446,1456,1593,1675,1344
635,1446,1319,1583,1358,1456,1344,1632,1564,1491,1615
636,1358,1641,1662,1163,1617,956,1319,1465,1532,1675
637,1632,1491,1456,1344,1358,1626,1454,1667,1675,1446
638,1491,1643,1454,1624,1155,1195,1103,1497,1188,1340
639,1632,1344,1358,1456,1356,1446,1532,1319,1381,1675
640,1491,1344,1358,1319,1079,1632,1456,1356,1626,1532
641,1358,1446,1583,1632,1491,1454,1646,1456,1319,1652
642,293,244,272,474,545,1027,747,275,69,762
643,1632,1358,1532,1319,1428,1446,1381,1667,1570,1356
644,1632,1381,1358,1667,1584,1570,1662,1537,1535,1547
645,1456,1319,1632,1446,1079,1358,1356,1532,1344,1491
646,1632,1446,1358,1381,1626,1678,1622,1344,1356,1456
647,1632,1358,1356,1456,1652,1446,1571,1535,1675,1381
648,1632,1456,1615,1358,1675,1534,1319,1563,1446,1583
649,293,244,272,474,275,545,747,762,1027,69
650,1358,1632,1626,1446,1573,1372,1491,436,1381,1578
651,1319,1428,1358,1571,1356,1344,1564,1548,1583,1593
652,1491,1454,1626,1435,1624,1195,906,1667,1568,986
653,1573,1578,1341,1241,1356,1464,1639,857,1372,1195
654,1358,1632,1319,1491,1356,1446,1532,1456,1344,1639
655,1358,1491,1446,1583,1319,1632,1675,1456,1079,1564
656,1356,1319,1446,1358,1195,1532,1639,1491,1632,1456
657,1358,1632,1675,1593,1446,1340,1459,1491,1532,1652
658,293,244,272,474,275,545,1027,475,134,762
659,293,244,272,474,275,1027,545,134,475,762
660,1358,1491,1446,1319,1632,1454,1344,1456,1624,1626
661,1356,1632,1358,1532,1319,1491,1626,1446,1520,1428
662,293,244,272,474,1027,275,545,747,475,762
663,1446,1632,1358,1491,1678,1626,1319,1356,1344,1456
664,1675,1319,906,1456,1667,1437,1428,1491,1390,1439
665,1319,1532,1446,1639,1344,1358,1356,1431,1678,1491
666,1319,1624,1491,1358,1534,1456,1195,1570,1643,1532
667,1639,1532,1356,1319,1446,1431,1491,1344,1662,1358
668,1491,1358,1632,1319,1446,1344,1456,1356,1431,1583
669,1340,1491,1344,1624,1639,1593,1342,1459,1626,1675
670,1613,1397,1454,1554,1234,1622,1372,1594,1026,1436
671,1356,1532,1632,1358,1428,1344,1667,1319,1571,1491
672,1632,1446,1491,1358,1454,1456,1356,1652,1381,1319
673,1532,1662,1358,1639,1491,1381,1632,1356,1446,1340
674,1491,1626,1639,1632,1625,1356,1431,1446,1358,1344
675,1344,1667,1532,1564,1319,1571,1428,1358,1675,1593
676,1319,1358,1491,1446,1570,1454,1532,1678,1632,1624
677,1624,1454,1613,1358,1319,1532,1356,1639,1507,1344
678,1491,1319,1079,1454,1643,1358,1446,1532,1195,1497
679,1356,1319,1491,1431,1079,1639,1358,1632,1344,1675
680,1632,1319,1456,1491,1358,1344,1356,1446,1667,1381
681,1626,1632,1491,1358,1534,1547,1624,1667,1678,1570
682,1358,1319,1446,1593,1632,1571,1381,1454,1652,1564
683,1632,1667,1491,1344,1626,1319,1678,1446,1358,1532
684,1626,1358,1632,1678,1534,1446,1624,1491,1547,1570
685,1667,1632,1428,1456,1491,1570,1626,1356,1675,1437
686,1667,1491,1344,1624,1632,1626,1428,1358,1319,1514
687,1456,1632,1344,1675,1491,1319,1358,1564,1446,1626
688,1358,1632,1446,1491,1583,1456,1381,1344,1626,1319
689,1446,1524,1435,1678,1363,1494,1476,1576,1344,1632
690,1632,1626,1358,1344,1456,1491,1534,1667,1342,1381
691,1456,1624,1491,1358,1626,1632,1344,1454,1675,1431
692,1373,1155,1578,1307,1456,1540,1256,1571,1195,1573
693,1431,1632,1344,1322,1234,1356,1444,1626,1446,295
694,1491,1626,1454,1632,1356,1358,1639,1079,1624,1570
695,1319,1358,1356,1520,1446,1632,1675,1641,1652,857
696,1491,1358,1626,1632,1454,1234,1356,1446,1583,436
697,1358,1491,1319,1675,1446,1356,1593,1454,1632,1583
698,1456,1344,1129,1537,1563,1615,1679,1675,1617,1532
699,1532,1319,1571,1358,1632,1356,1491,1615,1381,1446
700,1344,1491,1435,1456,1532,1624,1358,1446,1632,1678
701,1532,1667,1358,1571,1356,1428,1491,1632,1593,1570
702,1456,1632,1344,1532,1446,1356,436,1358,1497,1491
703,1358,1632,1583,1446,1428,1319,1491,1547,1626,1593
704,1344,1431,1291,1667,1428,1658,1542,1661,1581,1451
705,1632,1319,1667,1491,1428,1570,1358,1626,1356,1456
706,1319,1491,1358,1456,1344,1583,1632,1079,1356,1446
707,1491,1358,1319,1456,1632,1446,1624,1344,1356,1454
708,1358,1491,1319,1356,1632,1446,1532,1344,1626,1639
709,1632,1344,1626,1428,1358,1456,1667,1491,1319,1624
710,1667,1632,1428,1571,1491,1358,1454,1319,1624,1356
711,1340,1624,1675,1344,1495,1460,441,1563,1667,1626
712,1344,1454,1491,1624,1456,1446,1564,1026,1319,1532
713,1358,1491,1319,1446,1652,1456,1579,1079,1632,1583
714,293,272,244,474,747,275,1027,545,762,134
715,1319,1491,1358,1632,1446,1454,1456,1344,1624,1532
716,1626,1344,1431,1632,1456,1428,1356,1639,1358,1491
717,1358,1491,1632,1626,1667,1624,1342,1564,1446,1344
718,1632,1626,1667,1491,1344,1356,1428,1639,1431,1624
719,1564,1446,1026,1358,1532,1344,1675,1459,1319,1582
720,1632,1358,1356,1652,1428,1319,1624,1534,1491,1456
721,1491,1344,1358,1632,1319,1446,1626,1532,1340,1624
722,1446,1491,1678,1358,1632,1319,1356,1583,1626,1344
723,1632,1491,1456,1358,1667,1626,1675,1344,1195,1497
724,1319,1639,1534,1356,1358,1652,1532,1520,1388,1446
725,1356,1456,1358,1632,1652,1446,1319,1675,1491,1532
726,1358,1356,1632,1532,1319,1428,1491,1446,1344,1624
727,1319,1491,1446,1624,1358,1534,1188,1626,1678,1643
728,1491,1639,1344,1532,1626,1340,1617,1079,1615,1534
729,1491,1454,1344,1319,1456,1446,1624,1188,1079,1308
730,1675,1456,1491,1344,1454,1319,1497,906,1079,1435
731,1446,1358,1632,1532,1381,1344,1564,1319,1615,1583
732,1358,1632,1491,1356,1319,1446,1344,1428,1626,1532
733,1491,1319,1624,1079,1195,1626,1639,1358,1643,1667
734,1624,1454,1491,1358,1319,1613,1356,1507,1579,1456
735,1532,1344,1624,1454,1491,1639,1550,1358,1507,1324
736,1358,1356,1639,1428,1520,1624,1532,1388,1600,1319
737,1358,1319,1491,1456,1675,1356,1446,1632,1520,1344
738,1319,1491,1678,1632,1358,1079,1446,1428,1570,1456
739,1358,1446,1532,1319,1491,1344,1632,1456,1675,1356
740,1446,1358,1491,1532,1344,1564,1632,1583,1617,1615
741,1632,1358,1428,1667,1570,1626,1356,1547,1491,1678
742,1456,1344,1675,1358,1319,1491,1593,956,1583,1307
743,1675,1390,1583,1358,1615,1456,1571,1632,1532,1319
744,1632,1319,1446,1358,1491,1356,1532,1456,1652,1381
745,1491,1358,1632,1319,1454,1446,1624,1626,1583,1344
746,1679,1340,1600,1234,1675,1593,1358,1571,1322,1317
747,1344,1431,1356,1456,1632,1563,1675,1428,1319,1532
748,1491,1632,1356,1358,1446,1319,1344,1454,1431,1456
749,1356,1456,1632,1344,1431,1563,1675,1428,1358,1626
750,919,1629,1667,1321,1648,1571,1569,667,1457,1622
751,1344,1456,1632,1358,1626,1593,1583,1622,956,1446
752,1662,1532,1358,1570,1632,1491,1356,1639,1428,1319
753,1319,1358,1356,1520,1624,1532,1446,1639,1507,1454
754,1358,1356,1632,1446,1532,1344,1319,1428,1456,1520
755,293,263,1290,342,474,272,1027,244,545,95
756,1344,1319,1632,1456,1358,1446,1491,1675,1532,1356
757,1522,916,1290,598,1329,313,1672,896,999,393
758,1632,1446,1491,1456,1344,1356,1626,1532,1358,1454
759,1454,1497,1456,1491,1446,1358,1356,1431,1344,1639
760,1358,1615,1456,1532,1344,1632,1324,1593,1446,1571
761,1456,1356,1446,1632,1358,1431,1652,436,1626,1509
762,1541,1345,1131,1329,1577,293,244,474,1267,357
763,1632,1358,1491,1667,1626,1625,1319,1428,1662,1356
764,1491,1358,1624,1667,1625,1632,1428,1569,1454,1626
765,1358,1632,1356,1446,1532,1491,1456,1319,1652,1381
766,1491,1624,1639,906,1319,1079,1195,1626,1431,1344
767,1491,1632,1358,1446,1319,1583,1456,1356,1564,1344
768,1319,1356,1428,1344,1358,1491,1632,1624,1431,1639
769,1491,1358,1446,1626,1670,1632,1617,1532,436,1639
770,1667,1319,1632,1344,1428,1491,1532,1675,1358,1079
771,1667,1428,1571,1632,1570,1535,1319,1356,1491,1195
772,1328,1129,1345,1421,1673,1200,911,1286,591,1475
773,1451,1079,1122,1140,1129,1444,1591,1322,1506,813
774,1632,1456,1358,1344,1446,1593,1491,1319,1381,1583
775,1319,1356,1358,1446,1639,1491,1625,1532,1652,1624
776,1356,1446,1639,1491,1632,1431,1626,1344,1319,1358
777,1632,1456,1356,1358,1678,1344,1446,1626,1491,1431
778,1491,1319,1667,1079,1456,1344,1632,1675,1532,1624
779,1344,1456,1632,1431,1491,1532,1675,1667,1626,1428
780,1491,1626,1632,1079,1358,1456,1616,436,1639,1624
781,1344,1456,1491,1431,1446,1319,1624,1632,1454,1626
782,1446,1358,1491,1356,1532,1319,1639,1454,1431,1520
783,1491,1624,1667,1428,1626,1358,1319,1569,1600,1465
784,1319,1491,1358,1356,1079,1532,1675,1456,1632,1446
785,1358,1534,1319,1446,1652,1381,1632,1624,1428,1520
786,1625,1632,1358,1491,1356,1319,1446,1428,1626,1624
787,1632,1626,1456,1678,1446,1344,1491,1303,1358,436
788,1456,1632,1344,1356,1319,1491,1428,1431,1358,1675
789,1129,1634,1600,1639,1356,1572,1431,1573,1322,1532
790,1632,1358,1491,1319,1583,1446,1626,1356,1547,1428
791,1532,1356,1632,1667,1358,1428,1675,1344,1571,1459
792,1358,1632,1356,1491,1319,1532,1428,1446,1570,1571
793,1358,1446,1632,1340,1491,1356,1532,1675,1344,1456
794,1319,1079,1518,1307,1416,1446,1476,1490,1456,1617
795,293,272,244,474,275,1027,545,475,762,134
796,1319,1571,1532,1615,1358,1632,1535,1428,1456,1667
797,1358,1319,1632,1583,1446,1428,1547,1534,1678,1520
798,1319,1344,1456,1632,1491,1358,1446,1675,1532,1564
799,1356,1632,1532,1358,1446,1381,1344,1319,1491,1459
800,1632,1356,1626,1446,1358,1639,1532,1381,1428,1573
801,1569,1534,1625,1644,1564,1662,1570,1552,1501,1459
802,1491,1626,1625,1358,1624,1319,1639,1632,1356,1431
803,293,244,272,275,474,1027,545,762,475,134
804,1344,1358,1456,956,1446,1564,1632,1675,1520,1431
805,1446,1344,1632,1532,1358,1456,1319,1491,1356,1626
806,1234,1454,1497,1652,1558,1305,1491,1356,1431,1188
807,1358,1632,1593,1319,1571,1381,1532,1446,1615,1534
808,1446,1356,1358,1632,1652,1381,857,1456,1532,1646
809,1632,1356,1358,1532,1344,1675,1319,1431,1381,1537
810,1319,1344,1491,1667,1632,1428,1532,1356,1358,1446
811,1491,1358,1446,1454,1319,1632,1532,1497,1381,1643
812,1632,1319,1358,1344,1491,1456,1356,1446,1454,1645
813,1319,1491,1344,1632,1532,1446,1358,1356,1079,1667
814,1358,1632,1446,1491,1456,1356,1319,1344,1626,1428
815,1632,1356,1358,1625,1381,1446,1319,1428,1652,1535
816,1456,1356,1632,1509,1532,1540,1571,1600,1344,1675
817,1358,1446,1632,1583,1319,1626,1520,1652,1547,1491
818,1356,1639,1446,1319,1632,1491,1652,1358,1454,1381
819,1358,1356,1381,1652,1532,1446,1632,1662,1534,1319
820,1632,1358,1344,1234,1626,1491,1356,1431,1667,1679
821,1319,1356,1491,1632,1079,1456,1428,1520,1358,1570
822,1358,1356,1632,1532,1381,1319,1446,1428,1662,1652
823,1624,1491,1344,1454,1456,1532,1358,1356,1319,1632
824,1454,1613,1572,1668,1588,1641,1235,1576,756,1271
825,1358,1319,1491,1428,1532,1356,1639,1632,1626,1624
826,1344,1491,1632,1340,1456,1358,1667,1626,1675,1593
827,293,272,244,474,275,545,747,1027,134,762
828,1491,1358,1454,1446,1431,1456,1344,1497,1583,1340
829,1358,1491,1632,1446,1319,1356,1626,1344,1456,1454
830,1632,1358,1446,1356,1454,1652,1319,1491,1570,1381
831,1358,1632,1356,1428,1571,1319,1456,1532,1675,1381
832,1532,1319,1675,1456,1356,1639,1600,1344,1534,1520
833,1454,1491,1632,1358,1667,1572,1532,1356,1446,1497
834,1626,1358,1491,1446,1632,1624,1568,1454,1639,1456
835,1624,1319,1356,1678,1626,1456,1491,1358,1632,1428
836,1456,1358,1632,1446,1344,1356,1534,1626,1532,1428
837,1358,1491,1319,1356,1632,1675,1624,1532,1446,1639
838,1491,1358,1626,1624,1454,1667,1319,1514,1632,1643
839,293,272,244,474,275,1027,545,134,475,762
840,1446,1491,1456,1632,1344,1358,1319,1583,1431,1356
841,1632,1456,1344,1446,1356,1675,1532,1381,1459,1358
842,1491,1358,1344,1454,1456,1319,1632,1079,1446,1624
843,1356,1428,1667,1195,1639,1319,1491,1532,1431,1344
844,1491,1632,1454,1667,1358,1344,1319,1456,1356,1571
845,1632,1344,1446,1491,1358,1532,1356,1456,1626,1381
846,1344,1632,1491,1319,1667,1456,1358,1626,1446,1624
847,293,272,474,244,1027,275,545,747,134,475
848,1456,1344,1358,1632,1675,1319,1532,1079,1356,1340
849,1356,1319,1639,1632,1532,1491,1626,1344,1446,1358
850,1319,1358,1675,1534,1579,1593,1428,1624,1079,1571
851,1632,1358,1356,1491,1428,1667,1626,436,1571,1570
852,1632,1446,1456,1381,1535,1358,1626,1454,1356,1570
853,1501,1534,1643,1607,1586,1551,1375,1145,1448,441
854,1358,1319,1491,1195,1643,1639,1624,1571,1497,1534
855,1491,1667,1632,1456,1344,1319,1428,1358,1593,1571
856,1491,1570,1319,1195,1532,1639,1626,1446,1356,1643
857,1491,1319,1358,1079,1583,1344,1659,1632,1675,1564
858,1532,1632,1358,1344,1356,1446,1319,1428,1381,1615
859,1446,1491,1358,1344,1456,1632,1454,1532,1319,1356
860,1356,1456,1358,1632,1626,1520,1639,1431,1428,1195
861,1571,1593,1358,1319,1550,1534,1615,1200,1428,1532
862,1319,1358,1632,1491,1446,1356,1626,1639,1678,1428
863,1372,1550,1578,1454,1593,1417,1373,1573,1340,1324
864,1356,1428,1662,1532,1534,1652,1570,1639,1381,1358
865,1358,1652,1534,1446,1662,1388,1578,1372,1632,1340
866,1632,1532,1358,1675,1319,1344,1356,1428,1381,1446
867,1358,1632,1356,1491,1428,1626,1446,1319,1456,1652
868,1446,1632,1456,1358,1454,1652,1381,1491,1342,1344
869,1563,1431,1344,1537,1632,1616,295,1542,1356,1581
870,1503,1644,1678,993,1560,313,1002,1440,1546,1632
871,1358,1632,1428,1344,1532,1583,1626,1678,1446,1520
872,1319,1356,1532,1428,1344,1491,1358,1667,1632,1431
873,1356,1319,1632,1344,1456,1446,1431,1491,1358,1675
874,1632,1344,1356,1456,1446,1537,1358,1626,1431,1381
875,1632,1358,1356,1446,1537,1381,1532,1456,1344,1319
876,1344,1632,1491,1358,1456,1446,1454,1667,1319,1532
877,1580,1667,912,1456,917,1437,1501,1605,1155,1389
878,1491,1344,1319,1079,1456,1675,1431,1624,1358,1632
879,293,272,244,474,275,545,1027,134,475,762
880,1671,1353,1525,1364,909,1426,1601,1564,1650,1471
881,1358,1319,1491,1632,1446,1344,1532,1583,1428,1624
882,1446,1632,1358,1652,1583,1456,1534,1491,1626,1625
883,1632,1667,1358,1491,1626,1428,1570,1675,1532,1319
884,1678,1639,1431,1617,1626,1356,1520,1446,1344,1456
885,1475,1349,1466,1660,1442,1286,1320,1583,1190,1527
886,293,244,272,474,275,545,1027,747,475,134
887,1632,1667,1626,1428,1356,1358,1456,1344,1570,1491
888,293,272,275,474,244,1027,134,762,896,69
889,1446,1491,1319,1358,1456,1632,1583,1344,1564,1678
890,1491,1319,1667,1632,1356,1358,1079,1532,1624,1428
891,1491,1632,1454,1358,1446,1344,1319,1456,1626,1667
892,1491,1358,1632,1626,1319,1667,1428,1356,1624,1639
893,1294,1499,1470,1443,893,1247,1427,1177,1071,293
894,1446,1356,1632,1456,1358,1532,1381,857,1652,1319
895,1632,1319,1358,1491,1446,1344,1532,1356,1456,1675
896,1358,1344,1456,1319,1356,1428,1632,1626,1532,1446
897,1358,1446,1491,1652,1579,1532,1534,1454,1570,1632
898,1344,1456,1446,1532,1431,1319,1675,1617,1079,1632
899,1632,1358,1626,1491,1428,1356,1547,1456,1667,1675
900,1632,1356,1491,1358,1446,1626,1667,1428,1532,1319
901,1358,1534,1625,1446,1662,1632,1652,1388,1626,1319
902,1632,1446,1358,1625,857,1356,1514,1626,1583,851
903,1639,1319,1532,1358,1624,1570,1534,1678,1356,1446
904,1491,1446,1344,1632,1564,1342,1358,1456,1459,1617
905,1344,1456,1491,1617,1626,1358,1678,1319,1624,1632
906,1319,1358,1356,1632,1446,1491,1532,1428,1520,1344
907,1446,1358,1632,1583,1319,1356,1652,1456,1646,1615
908,1358,1491,1454,1626,1632,1624,1456,1446,1319,1497
909,1632,1358,1446,1456,1491,1356,1535,1626,1570,1381
910,1358,1675,1356,1319,1456,1520,1632,1428,1652,1583
911,1491,1632,1358,1626,1454,1446,1319,1624,1570,1356
912,1632,1491,1358,1356,1626,1428,1667,1319,1344,1532
913,1491,1358,1319,1356,1632,1454,1497,1446,1626,1639
914,1344,1532,1356,1667,1491,1639,1358,1431,1675,1626
915,1351,975,17,1109,293,300,474,475,244,545
916,1319,1344,1356,1456,1532,1431,1446,1358,1675,1491
917,1340,1600,1234,1079,1563,1451,1322,1593,1317,436
918,1319,1625,1570,1547,1579,1428,1079,1667,1518,1534
919,1491,1344,1456,1358,1632,1564,1675,1319,1446,1593
920,1491,1358,1319,1639,1356,1079,1456,1431,1195,1626
921,1319,1491,1195,1570,1428,1358,1356,1639,1626,1632
922,1632,1593,1615,1535,1459,1491,1534,1675,1570,1532
923,1356,1358,1456,1632,1431,1491,1626,1675,1344,1624
924,1667,1632,1491,1532,1381,1319,1344,1626,1358,1428
925,1344,1491,1632,1456,1358,1319,1446,1675,1583,1431
926,293,272,275,244,474,1027,545,134,747,762
927,1632,1356,1319,1491,1446,1358,1626,1456,1652,1079
928,1319,1344,1532,1446,1491,1356,1632,1358,1456,1564
929,1358,1632,1491,1626,1662,1534,1319,1446,1583,1356
930,1632,1358,1428,1456,1675,1344,1356,1319,1667,1626
931,293,244,272,747,275,134,95,762,258,99
932,293,272,244,474,275,1027,747,134,545,762
933,1446,1625,1388,1532,1615,1639,1564,1026,1534,1662
934,1491,1319,1344,1632,1667,1532,1079,1564,1675,1593
935,293,244,272,474,275,747,545,1027,762,475
936,1652,1632,1446,1358,1234,436,1357,1305,1356,1626
937,1344,1431,1617,1624,1444,1563,956,1456,1675,1669
938,1319,1491,1344,1632,1358,1356,1456,1532,1446,1428
939,1491,1356,1632,1358,1532,1344,1319,1079,1446,1454
940,1319,1358,1428,1344,1491,1632,1356,1532,1583,1667
941,1358,1319,1491,1624,1356,1446,1532,1639,1465,1579
942,1446,1493,1381,1584,1249,1670,1601,1609,1324,1572
