0,787,1460,1561,1155,1636,1674,1319,1584,1598,1671
1,787,1674,1575,1457,1598,1460,1289,1624,1348,856
2,991,1610,1624,1519,1289,1373,1421,1435,1633,1340
3,1348,1610,1624,1460,1575,1457,1289,1649,787,1421
4,288,267,426,339,306,321,327,275,738,254
5,1150,363,267,137,566,426,306,288,327,346
6,787,1674,1598,1289,1605,1519,1575,1580,1660,1155
7,991,856,1421,1575,1624,787,1610,1660,1580,1674
8,1605,1624,1575,787,1460,1676,1421,1255,1155,1649
9,288,267,426,339,321,306,327,275,254,738
10,1575,1674,1644,991,1618,787,783,1476,1457,1421
11,991,787,1155,1674,1618,1660,1460,1421,1624,856
12,1624,856,1457,1460,991,1421,838,1676,1605,1575
13,1460,991,1624,1618,1421,1549,1626,856,1235,1457
14,991,856,1674,787,1580,1350,1457,1421,1618,1460
15,787,1575,1457,1660,1421,1580,991,1255,1460,1429
16,856,991,1497,1319,787,1306,1660,1350,1580,1618
17,1319,1645,1551,1565,1545,1360,851,1627,1616,1416
18,991,1548,1575,1421,787,1460,1636,1624,1613,1618
19,991,1155,856,1674,838,787,1607,1255,1421,1624
20,267,288,426,339,321,306,327,275,738,292
21,1616,851,1526,1351,1494,1588,1637,1435,1026,1500
22,1667,1381,1143,856,1653,1665,1635,1674,896,1491
23,1605,1575,1598,1580,1457,1348,787,1610,1674,1289
24,1624,856,991,1653,1143,1556,1610,1421,1607,1460
25,991,787,1421,838,1605,856,1556,1624,1607,1457
26,1674,787,1575,1605,1598,856,1667,1639,1653,1466
27,1674,1598,991,1350,1348,1636,1457,1541,1344,1666
28,991,1610,1289,1674,1457,1350,787,1580,1653,1613
29,991,787,1580,1618,1421,1575,1519,1457,1610,850
30,787,1509,1666,783,1350,1660,1674,1585,1289,991
31,856,1624,1460,1580,1575,1143,896,1421,1660,787
32,1624,856,1575,1580,1598,1674,787,1421,1660,896
33,1610,1457,1460,1575,1605,1676,1635,1659,783,787
34,1575,1624,1674,1457,787,1460,1421,991,1618,856
35,1460,1575,991,787,1457,856,1421,1429,1610,1660
36,1457,991,1671,1610,1561,1235,1289,1421,1636,1541
37,1676,856,1471,896,1457,1635,1610,1361,1567,1618
38,1674,1624,1155,1460,991,856,787,1618,1143,896
39,991,787,1575,1548,1460,1421,1624,1613,783,1610
40,991,1421,787,1674,1155,1580,1624,1255,1660,838
41,267,288,426,327,339,306,321,275,254,292
42,288,267,426,339,306,321,327,275,254,738
43,1674,1255,1155,787,991,1580,1519,1457,1518,1421
44,1653,856,1674,1610,1580,1671,1289,1457,1255,1460
45,1674,1610,1653,1635,991,856,1667,1466,896,1289
46,1624,1460,1573,991,838,1575,1676,1421,856,1483
47,1460,856,1674,1143,1653,896,1155,1635,787,1671
48,288,267,339,426,327,306,321,275,292,738
49,991,1580,1457,1674,1348,1610,856,1653,1350,1421
50,1674,1457,1575,1624,1460,856,1580,991,1605,1598
51,1460,1319,787,991,1561,1421,1575,1624,1476,1234
52,991,1421,1624,1457,1155,1618,1255,1652,838,1610
53,991,856,1457,1350,1610,1421,1460,1624,1155,1674
54,1580,1350,787,856,1457,991,1660,1575,1610,1666
55,1624,1674,991,787,1460,1575,856,1421,1618,1457
56,1457,856,991,1421,1460,1624,1350,1610,1618,1674
57,288,267,426,339,321,327,306,738,292,275
58,267,288,426,339,327,306,321,292,738,254
59,267,288,426,306,321,339,275,738,327,292
60,1624,1575,1460,787,856,1457,1660,991,1421,1610
61,1681,1600,1509,1350,1548,991,1612,1154,1622,1373
62,1319,1575,1476,787,1421,1644,438,1599,1545,1234
63,288,267,426,339,321,306,747,275,738,327
64,1674,1575,787,1348,1624,783,1460,1618,991,1605
65,1289,1350,1618,856,991,1653,1674,1306,1624,1598
66,1575,838,1624,787,856,1421,991,1483,1674,1660
67,1624,1348,1674,1610,1636,1340,1289,1435,1584,1235
68,1580,1421,1640,1457,1575,1598,1255,1605,1624,1258
69,1457,1610,991,1289,1580,1348,787,1350,1421,1674
70,1575,1255,1457,1421,991,1674,1605,1636,1476,1483
71,991,1674,856,1624,1618,1289,1421,1610,787,1580
72,1674,856,991,1624,1155,1580,1618,1348,1653,1460
73,1624,787,991,1660,856,1674,1580,1350,1421,1306
74,1624,991,856,1421,1460,1575,1618,1580,1610,896
75,1624,991,1421,1580,1575,1605,787,1460,1610,1660
76,1460,787,1624,991,1674,1143,1155,856,896,1613
77,991,1575,787,1421,783,1618,1545,1476,1512,1457
78,787,1255,1636,1155,1519,1660,1457,991,1610,1580
79,991,1457,856,1674,1610,1255,1155,1580,1653,1289
80,1610,1676,1471,1289,991,1624,1497,1649,856,1426
81,991,1457,1460,1610,1421,787,1429,856,1575,1676
82,327,267,288,339,426,321,23,275,422,738
83,1636,1255,1421,787,1598,1575,991,1624,1457,1289
84,267,288,426,327,339,306,321,275,254,292
85,1289,1350,991,1580,856,1674,787,1348,1610,1501
86,288,267,426,327,339,321,254,306,275,180
87,1674,787,856,991,1580,1605,783,1650,1155,1607
88,1460,787,1674,991,1457,1666,1613,1556,1561,856
89,969,1608,993,1630,1645,1359,1656,1664,1551,1383
90,787,1660,1460,1649,1600,1666,676,1585,1509,1317
91,288,267,426,339,321,306,327,275,738,292
92,991,787,1155,1660,1457,1561,1319,1460,1421,1610
93,1649,1292,1674,1471,1547,1530,860,1348,1099,1451
94,1640,1541,787,1548,1612,1613,1344,1660,1289,1652
95,1610,1457,1575,1605,1676,787,991,1476,783,1289
96,787,1457,1674,1460,1289,1561,991,1610,1636,1584
97,1674,1580,856,787,1457,1575,991,1460,1155,896
98,787,991,1457,1674,856,1460,1289,1618,1421,1598
99,787,1660,1460,1674,1155,1255,1575,856,1580,991
100,991,1624,1421,787,1610,1460,1660,1519,1289,856
101,1643,991,838,1350,1674,1421,1580,856,1666,1437
102,1624,1575,787,1573,1348,1421,1660,1460,991,1548
103,1460,1457,1575,1624,787,991,1421,856,1660,1605
104,991,1421,1610,1575,856,1457,1676,1624,783,1618
105,1575,1421,787,1624,1548,991,1497,1319,1660,1234
106,1674,787,1598,1605,1575,1518,991,1457,1255,1155
107,991,1457,856,1575,1460,1580,896,1421,1618,1674
108,288,267,426,339,306,327,321,275,738,254
109,991,856,1624,787,1350,1460,1618,1421,1143,1607
110,1575,991,787,856,1421,896,1580,1618,1457,1610
111,1580,1598,1674,787,856,1155,1575,1306,896,1255
112,1674,1457,1460,1624,1575,787,1348,1618,1676,991
113,1649,1624,1660,787,1674,1501,1605,1607,856,860
114,991,1460,1624,787,1618,1674,1155,856,1421,1143
115,288,267,426,339,306,321,327,254,275,292
116,991,856,1421,1457,787,1575,1624,1580,1618,1610
117,1624,1460,1575,787,856,1598,1421,1234,1289,1457
118,856,1674,1457,991,1653,1255,1624,1598,1155,1421
119,1575,1348,1636,1457,787,1476,1289,1598,1421,1610
120,1610,1289,856,1580,991,1519,1255,1497,787,896
121,1575,787,1460,1624,991,1457,1421,1674,856,1580
122,856,991,1610,1653,1421,787,1460,1580,1674,1624
123,991,1421,838,1636,1575,787,1624,1429,1457,1476
124,1635,1610,1613,1460,1548,1638,436,1447,1633,625
125,1624,991,838,1636,1643,1421,1660,787,1429,1674
126,856,787,1674,1155,1660,1575,1624,991,896,1421
127,991,1421,1624,1610,856,787,1289,1575,1457,1618
128,1580,991,856,1674,1155,1457,1653,1508,1350,1610
129,267,288,426,327,339,321,306,254,275,738
130,787,1598,1674,1457,1255,1289,1580,856,1460,1575
131,1674,991,1618,856,1653,896,1624,1610,1575,783
132,1624,991,856,1676,1610,1457,1421,1575,1460,896
133,1575,1457,1476,1348,1636,1421,1624,1674,991,851
134,991,1421,1624,1548,838,787,1255,856,1633,1575
135,991,1624,856,1421,1580,1660,787,838,1605,1255
136,991,1624,856,1580,1421,1460,1653,1348,1155,1610
137,991,1624,1460,1457,1676,1421,1155,1431,838,1674
138,1674,1624,991,1618,856,787,1421,1373,1610,1519
139,787,1674,1644,1155,1319,896,1460,1618,1575,1667
140,856,1669,1671,1289,1143,1497,1610,1429,1101,1457
141,787,991,1613,1460,1289,1674,1344,856,1421,1556
142,991,1610,1457,1575,1613,1618,1636,1421,787,1350
143,1580,991,1618,1674,1457,1421,787,1348,856,1575
144,288,267,426,339,321,327,306,738,275,254
145,1674,1460,1155,787,856,783,1348,1457,1659,1607
146,1289,1350,1613,1598,1344,1624,1674,991,787,856
147,1674,1624,1348,991,838,1666,1421,787,1289,1607
148,787,1575,856,991,1421,1660,1289,1624,1350,1605
149,1580,856,1255,1653,1460,1457,1610,991,1487,787
150,288,267,426,306,738,339,320,327,357,747
151,856,1624,1556,838,1607,991,1421,1460,1676,1457
152,1624,1674,1421,991,1605,1575,1348,856,1610,783
153,1674,1636,787,1643,1598,1457,856,1575,1671,1435
154,787,1575,1476,1421,991,1618,1598,1674,1636,1660
155,1575,1421,1624,787,1636,991,1580,1618,1429,1476
156,1674,1155,1519,1598,1624,1348,1626,1289,1618,991
157,288,267,426,339,306,321,327,275,738,254
158,1457,1575,783,1348,991,1476,1610,1676,1421,1605
159,267,288,426,339,327,306,321,275,738,254
160,991,1457,856,1610,1350,1580,1289,1561,1421,1460
161,1460,1624,991,1457,787,1610,1575,1348,1421,1666
162,1460,1457,1348,991,1610,1561,787,1429,676,1155
163,1457,1580,856,991,787,1460,1421,1575,1598,1659
164,1575,1624,787,1605,1421,1660,1580,1573,856,991
165,1460,1457,1575,991,1348,1429,1421,896,1476,1561
166,1669,1460,776,1344,1155,1674,1235,1671,813,1624
167,991,787,856,1659,1460,1421,1618,1457,1580,1255
168,1460,1155,787,1143,1608,1624,829,1319,1416,1235
169,1674,856,787,991,1457,1618,1289,1598,1350,1155
170,1624,1575,856,1674,1348,896,1598,1610,1653,1421
171,1460,787,991,1660,1255,1610,1659,1575,1676,1457
172,1613,1635,991,856,787,1289,1641,1548,1654,1610
173,1610,1289,991,1580,1457,856,1653,1350,787,1519
174,787,1575,991,1548,1319,1421,1476,783,1610,1348
175,1610,1457,991,1460,1613,787,1289,1676,1421,1575
176,991,1575,1421,787,1610,1457,856,1476,1624,783
177,1635,1460,1143,1671,1471,1639,597,1447,896,1631
178,1674,1155,856,1598,1653,896,1348,991,1457,1255
179,1460,1674,787,1575,1584,1610,1598,1671,1561,1348
180,288,267,426,339,321,306,327,275,738,254
181,787,991,1674,1460,1624,1666,1613,1457,1518,1421
182,787,1575,1460,1666,1674,1598,1350,1348,991,783
183,1624,1421,991,1457,1575,1610,1348,787,1636,1580
184,787,1575,1580,1460,1255,856,991,1660,1598,1429
185,991,787,1460,1613,856,1556,1624,1487,1610,1660
186,1255,1624,991,1605,1457,1421,1610,1676,1674,856
187,267,288,426,306,321,339,275,747,738,292
188,991,1610,1460,787,1373,1676,1421,1519,1255,1435
189,787,1674,1580,1255,1519,1598,1289,1650,1605,1660
190,1460,787,991,856,1674,1155,1561,1457,1575,1143
191,1674,1155,991,856,1421,1457,1618,1319,1653,1624
192,991,1580,856,1457,1610,1421,1624,1618,1348,1674
193,288,267,426,339,327,321,306,275,254,738
194,1674,1661,1289,1598,1348,1649,1671,1487,676,1501
195,1460,1624,1575,1143,1674,856,787,1556,1573,991
196,288,267,306,426,321,339,747,275,292,357
197,1350,1306,1497,1319,1292,1580,856,1471,1342,1501
198,787,1460,1373,1613,991,1548,1674,1575,1666,1573
199,267,288,339,426,321,306,327,275,747,738
200,339,288,1005,267,321,327,426,268,747,275
201,1460,991,1659,1618,1575,787,1457,1674,1549,1561
202,991,1676,1610,1460,1421,1624,1618,1457,1575,787
203,1348,1674,1457,991,1624,1580,787,1618,1598,1610
204,856,896,1674,991,1508,1624,1618,1460,1143,1457
205,991,1457,1610,1674,787,1460,1580,1255,1421,856
206,288,267,426,306,339,327,292,738,747,357
207,787,1460,1674,1255,1624,1636,991,1155,1660,1457
208,1289,991,1674,1598,787,1580,856,1519,1653,1421
209,1155,1460,1255,1674,787,1580,896,1519,1659,1618
210,1674,991,856,1575,1618,1460,896,1624,787,783
211,787,1460,991,856,1674,1575,1660,1580,1155,1624
212,1324,1605,1042,966,710,1297,1648,1167,1442,1380
213,991,1457,856,1610,1421,1575,1460,787,1580,1624
214,1636,1457,1155,1674,1255,1580,851,1483,787,1575
215,1649,1547,1532,1338,1669,1348,1155,860,1501,1592
216,991,787,1350,1421,1457,1674,1666,856,1580,1575
217,1624,991,1674,1421,1618,787,1289,1575,856,1457
218,991,1421,1636,1674,1624,1155,1435,1610,1519,838
219,991,1155,1676,856,1674,1610,1580,1649,1421,1457
220,267,288,426,327,321,306,738,254,275,292
221,288,267,426,339,321,306,738,292,327,275
222,1348,991,1610,1618,1394,1534,1580,1271,1626,1350
223,288,267,306,426,321,275,327,339,357,738
224,991,1575,1421,838,1580,1605,787,1457,1624,1476
225,991,787,1674,1610,1457,1350,1618,1460,1289,856
226,1610,991,1676,1255,1155,1457,1460,896,1580,1421
227,991,1618,1638,1155,1460,896,1421,1624,1676,1674
228,1610,991,1289,856,1350,1674,1618,1624,1471,1613
229,991,1610,1421,1457,787,856,1624,1460,1575,1660
230,1460,1457,1671,1575,856,787,1561,1624,676,1610
231,1674,1618,991,1624,1155,1460,856,787,896,1421
232,991,1155,1674,787,1457,856,1460,1289,1618,1580
233,288,267,426,339,306,321,327,738,275,292
234,896,1580,1671,1674,856,1457,1348,1649,1530,1610
235,1638,1593,1365,1291,1349,1506,1401,1354,1554,1103
236,1289,1348,1598,1674,1610,787,783,1580,1457,1649
237,1575,1476,787,1636,1457,1674,851,991,1460,838
238,1127,288,339,426,306,267,254,357,738,327
239,1460,787,1674,1613,1143,1624,1605,1635,1255,856
240,1289,1580,1255,1519,1610,856,1669,1653,1671,896
241,1460,1575,991,1624,1548,1457,856,787,1421,1235
242,856,1653,1610,1580,1624,896,1348,1575,1306,1605
243,1628,1616,1416,1644,1369,1648,1547,1380,1621,1494
244,787,1674,1460,1575,1457,1598,1255,856,1636,1605
245,288,267,426,339,306,321,327,275,738,254
246,1460,1457,991,1674,1659,856,896,1618,1671,1575
247,991,787,1624,1421,1613,1636,1618,1548,1289,1575
248,1457,991,787,1610,1460,1421,1636,1255,1674,856
249,1610,1350,991,1580,856,1457,787,1306,1649,1348
250,1674,1457,1598,1348,1580,856,1575,783,1289,1353
251,787,1289,1636,1610,991,1457,1575,1519,1107,1255
252,1457,1575,991,1476,1421,1618,783,787,1350,1674
253,267,288,426,339,327,306,321,254,275,738
254,1349,856,1460,1573,1143,1329,906,1508,676,1608
255,1674,1618,1610,1653,1575,1624,991,1635,1613,1598
256,991,1457,1289,1580,1421,1350,856,787,1610,1598
257,1674,787,1618,1580,991,1457,1575,783,856,1519
258,787,1674,1460,1457,991,1575,1624,856,1598,1660
259,1674,1457,991,783,1580,1348,1610,787,1605,1350
260,856,991,1575,1350,1457,1674,1580,1618,1421,1624
261,991,1624,1421,1457,787,1460,856,1575,1610,1660
262,267,288,306,426,327,339,292,357,321,346
263,288,426,267,339,327,254,292,321,738,275
264,1460,1598,1624,1575,856,1674,787,1671,1653,1605
265,1460,1348,1649,1573,787,1155,1338,1372,1584,1355
266,288,267,426,339,321,738,268,254,275,306
267,288,267,306,426,321,339,747,275,738,292
268,288,267,426,306,339,321,275,327,747,738
269,1674,787,1598,1575,1460,991,1155,1636,1653,896
270,856,1580,1674,991,1610,1289,1653,1457,896,1350
271,1580,1674,1289,1598,1348,1457,856,1605,787,1610
272,1636,787,1460,991,1457,1348,1613,1610,1435,1429
273,991,1674,1348,1624,1421,1155,1618,1460,787,1610
274,787,1575,991,1457,1421,1429,1666,1580,838,1348
275,1646,267,288,306,321,426,327,275,254,339
276,1457,1610,1674,991,1676,856,1460,1289,1671,1636
277,1575,1421,856,1624,991,1605,787,1460,1580,1476
278,1460,1457,991,1610,787,856,1575,1289,1421,1653
279,288,267,426,321,306,339,275,268,747,254
280,991,787,1460,1613,1674,1666,1635,856,1556,1350
281,991,1624,1457,1541,1674,1348,1421,1350,838,1666
282,1674,991,1666,1289,1457,1350,1598,1348,787,1421
283,856,787,1580,1457,1674,1624,1605,1575,1460,1660
284,1624,856,991,1421,1660,1580,838,1350,1575,787
285,991,787,1289,1357,1556,1610,1624,1421,1344,1519
286,1460,1674,1155,1671,1635,1638,1613,1653,856,1255
287,1649,1610,1348,991,1580,787,1457,856,1429,1575
288,1460,787,1575,991,1457,1429,1610,1636,1573,1548
289,267,339,288,321,426,306,738,327,292,747
290,288,267,426,339,321,306,327,738,292,254
291,1674,856,1598,787,1580,1643,991,1575,1289,1636
292,267,426,327,288,321,23,306,221,254,738
293,267,288,426,339,306,327,321,275,254,738
294,288,267,426,339,306,327,275,254,357,747
295,1580,1255,1457,1289,1598,787,1155,1640,856,625
296,288,267,339,426,321,306,275,327,268,747
297,787,1674,991,1575,1618,1460,856,1457,1421,1660
298,991,856,1674,1624,1580,1421,787,1289,1255,1653
299,991,787,1575,1618,1460,1421,1457,896,1610,1580
300,1575,1457,1624,1476,1605,1674,1580,1348,1421,1460
301,1624,1575,1460,787,1421,856,1674,1457,991,1476
302,676,1534,1452,1271,1626,1172,1545,1507,1155,1543
303,991,1610,1421,1624,1348,1457,787,1618,1636,1350
304,1678,1095,917,1103,1005,1492,1378,1578,1627,799
305,991,1350,1421,1618,1580,856,1457,787,838,1674
306,991,1548,1633,1319,1421,1610,1681,1373,1429,1638
307,288,267,426,339,306,321,327,275,292,738
308,991,856,1350,1421,1575,1457,1610,787,838,1643
309,1460,1457,1348,1624,991,1676,1610,896,1674,856
310,288,267,426,321,339,292,738,268,346,357
311,288,267,339,426,327,321,306,254,275,738
312,1640,1458,1580,1661,1129,1259,1506,1174,1326,1525
313,856,991,1674,1610,787,1460,1457,1649,1580,1624
314,1155,1624,1460,1255,856,1653,1674,1421,1598,991
315,787,991,1460,1575,896,1348,1610,1624,1421,1618
316,1618,1457,991,1674,787,1289,1350,1561,1421,1636
317,1624,991,856,1421,1674,1575,787,1460,1580,1457
318,1674,1457,1460,1618,991,787,1671,1659,1613,1598
319,1577,1305,1459,1548,1308,295,1413,1628,1377,436
320,991,787,1660,856,1350,1457,1421,1580,1460,1610
321,1674,1666,787,991,856,1289,1607,1624,1556,1357
322,1575,991,1421,1548,787,1624,896,1573,1676,1460
323,1460,1624,856,1575,1674,1155,1421,1255,991,787
324,288,267,426,306,339,321,327,254,275,738
325,267,288,426,327,339,321,306,275,738,254
326,267,288,426,321,339,306,327,275,738,747
327,288,267,426,306,339,321,357,738,747,275
328,1674,991,1519,1155,787,1618,1348,1518,1636,1653
329,1674,991,787,1457,1155,1618,856,1460,1421,1624
330,1674,1610,991,856,1618,1466,1457,1653,1289,1676
331,267,288,426,339,327,321,275,254,738,292
332,1575,856,787,991,1421,1580,1624,1457,1598,1460
333,1311,1504,1605,1522,909,1616,1299,883,1348,1649
334,1674,787,1598,1580,1575,1289,1519,1650,1636,1618
335,267,288,426,339,321,327,306,275,738,292
336,991,1610,1519,1289,1580,1674,856,787,1255,1421
337,1460,856,1679,1624,1508,1585,676,1143,1676,1163
338,991,1580,1618,1421,1674,787,856,1519,1255,1624
339,1624,1674,991,856,1607,838,1460,1421,1556,1653
340,1421,991,787,1289,1624,1575,838,1598,1605,1666
341,288,267,426,339,327,321,306,275,738,254
342,1460,1618,991,1394,896,1624,1143,1235,1676,1610
343,288,267,426,339,306,321,327,275,738,254
344,991,856,1624,1460,1421,1575,1457,1610,1580,896
345,288,267,426,339,321,327,306,275,738,254
346,1666,1373,787,991,1613,1289,1657,1501,1656,1660
347,1624,991,856,1421,1575,1674,1457,1460,787,1598
348,991,1624,1575,1421,1618,856,787,1660,1460,1548
349,1674,787,991,1613,1598,1666,1618,1518,1575,1624
350,1350,1618,991,1624,1674,1421,787,1613,1666,1289
351,1610,1676,1457,991,1460,1649,1421,1561,1348,787
352,1580,1605,1575,1306,1350,1610,856,1289,1421,787
353,1646,900,452,288,306,267,426,339,321,285
354,1610,1575,1676,991,856,1457,1624,1421,896,1653
355,1674,1155,1143,1460,991,1624,1373,856,896,787
356,1460,1671,1674,1457,896,1598,1653,856,991,1636
357,1624,991,1618,1421,1674,1575,1610,850,787,1519
358,1457,856,1460,1575,991,1674,1580,1659,1421,787
359,1624,991,787,1460,1674,1421,1618,1575,1613,1610
360,856,1556,1460,1607,1580,1598,787,1624,1289,1653
361,856,1575,1460,1624,991,1457,1421,1143,1573,1556
362,267,288,426,306,339,254,738,321,275,327
363,991,856,1457,1674,1460,1155,1610,1561,1508,1653
364,1624,1674,991,1460,856,1348,1421,1618,1457,787
365,787,1373,1674,1460,1660,991,1613,1155,856,1143
366,1624,1421,1575,1460,991,1348,1573,838,1234,1235
367,1674,991,1155,1618,1575,1624,1421,1644,856,896
368,991,1674,1610,1350,165,1289,1653,1421,1580,856
369,991,1421,787,856,1610,1350,1580,1457,1654,1660
370,1674,856,1575,896,1624,1618,991,1598,787,1460
371,856,1649,1610,1460,1669,1556,1676,1457,1289,1501
372,1674,1457,1618,991,787,1575,856,896,1460,1598
373,856,991,1460,896,1457,1561,1429,1155,1660,1350
374,1674,1667,1644,1519,787,1618,1435,1466,896,1636
375,1610,1457,1460,787,991,1289,1659,1613,1421,1624
376,1457,1580,1348,1653,991,1289,1598,1671,1610,1674
377,1421,1575,1348,1580,991,783,1350,1306,1415,838
378,1575,991,1548,787,1644,783,1618,1681,1573,1600
379,288,267,426,339,306,321,275,327,747,738
380,288,267,426,339,327,321,306,285,738,747
381,991,1421,838,1518,1624,1674,787,912,1652,1599
382,991,1624,1421,787,1618,1575,1674,1460,1519,1610
383,991,1624,1457,1421,1348,1674,1460,1653,1580,1541
384,288,267,426,339,327,306,321,738,275,268
385,1155,1624,1674,1460,856,1143,991,1626,787,896
386,288,267,426,339,306,321,327,254,738,275
387,787,1674,1575,783,1605,1618,856,1580,991,1660
388,1674,1457,1289,1610,1255,991,1519,1155,1580,787
389,856,991,1674,1610,787,1457,1350,1460,1289,1556
390,991,1624,1674,856,1421,1618,1155,1460,1575,1580
391,991,1575,1457,1610,787,1421,1618,1674,783,856
392,991,787,1674,1255,1610,1460,856,1613,1457,1653
393,267,288,426,339,306,321,327,738,254,292
394,991,1580,1674,1618,856,1350,1421,1155,783,1519
395,1155,1460,1674,991,787,1255,1457,1637,1649,1580
396,1129,1456,1661,1674,1564,1444,599,1675,1322,1467
397,288,267,426,339,306,321,327,275,254,738
398,1349,1652,1365,1549,1638,1559,1228,1499,1401,737
399,1289,1580,305,1610,991,787,856,1457,1598,1487
400,267,288,426,321,339,275,327,306,738,254
401,1457,787,1580,1660,991,856,1255,1460,1155,1421
402,1348,856,1674,1624,1607,1598,1580,991,1653,1556
403,991,1457,1674,1460,1624,1676,856,1348,1610,838
404,1460,1624,1605,1575,1610,1457,991,1421,1676,1573
405,1490,1174,644,757,1316,1526,1145,980,1443,458
406,1674,1610,1289,1667,1344,1471,991,1584,1618,1592
407,787,1674,1460,1605,1255,1289,1660,1155,1357,1624
408,1489,1582,1444,1611,1536,1362,1363,1467,829,1369
409,1598,1575,1457,1674,1671,1624,288,1460,1541,1587
410,787,991,1674,1460,856,1373,1650,1155,1660,1618
411,991,1624,1421,1674,1618,1575,1580,1155,856,838
412,856,1460,991,1457,1624,1421,1674,1508,598,1676
413,991,1421,1674,1350,1618,787,1580,856,1255,1519
414,1575,991,1421,856,1624,787,1605,1476,838,1457
415,787,1580,991,1348,1421,1457,1575,1660,1429,1624
416,787,991,1610,1519,1618,1480,1580,1659,1660,1457
417,1618,991,1350,1674,856,787,896,1580,1306,1610
418,1661,1460,1487,1580,1624,787,1289,1598,856,1556
419,1674,787,856,1580,1155,1255,1598,991,896,1618
420,1610,991,1676,1421,856,1624,838,1605,1457,1653
421,267,288,327,426,321,306,275,346,738,422
422,991,1421,1640,1289,787,1610,1255,1457,1519,1613
423,1348,783,1575,1460,787,1457,1674,1476,1649,991
424,787,783,1666,1670,1545,1585,1656,1460,593,1575
425,991,1575,1421,1624,1457,856,1610,1676,1460,1605
426,1457,1575,787,1421,1598,856,1580,991,1476,1289
427,1610,991,1348,787,783,1350,850,1289,1618,1421
428,1540,1155,1606,1626,1668,991,1235,1617,1571,1618
429,1624,1155,1674,1618,838,991,1626,1421,1652,1549
430,991,1421,1155,1676,1624,1457,838,860,1580,1610
431,1350,991,1575,1618,1580,1421,1306,1624,1509,856
432,856,787,1580,1350,991,1660,1674,1624,1289,1348
433,1460,1676,1457,1624,1610,1575,1573,991,1659,1635
434,288,267,426,339,321,306,268,738,275,747
435,1573,1646,437,1251,1673,1600,1668,1293,1413,1154
436,991,787,1674,1457,1598,1421,1618,1575,856,1350
437,787,1624,1575,1674,1618,1421,991,856,1476,1660
438,991,1605,1421,1575,1674,787,783,838,1624,1518
439,1610,991,1457,1289,1348,1580,1460,1561,1653,1519
440,856,1624,1580,1255,1653,896,1421,1519,991,1652
441,1460,787,856,1255,1605,1610,1289,1598,1457,1556
442,1457,991,1460,1610,1575,1421,1659,1653,1613,1348
443,787,991,1660,1421,1319,1618,856,1155,1575,1580
444,288,426,306,339,357,267,327,321,254,747
445,1610,991,1289,856,1653,1598,1457,1580,1350,1421
446,1575,1457,856,1476,1460,787,991,1598,1421,838
447,991,787,856,1580,1605,1674,1421,1624,1660,1575
448,1348,1289,1624,1610,1674,1649,1460,1598,856,1653
449,1575,991,1421,1624,787,1605,856,1457,1610,1476
450,991,1618,856,1575,896,1674,1624,1421,787,1644
451,288,267,426,339,321,306,275,738,747,254
452,288,267,426,339,327,321,306,275,738,292
453,991,1421,1610,856,1624,1575,1457,1350,1460,1348
454,267,288,327,426,339,306,254,275,357,738
455,288,267,426,339,321,327,275,306,292,254
456,1580,1155,1306,1674,856,1348,1607,1271,1501,1172
457,288,267,426,339,321,306,275,747,327,738
458,787,1660,1575,1107,1457,850,1636,1476,1585,1350
459,856,1674,1155,1624,896,991,1649,1460,1653,1348
460,1659,1457,1575,991,1674,1605,1518,851,1421,1567
461,1289,1580,1348,1598,787,1605,1661,1624,1674,1487
462,1666,1350,1352,1339,1348,1415,1317,1300,1386,1437
463,991,1624,1421,787,1660,856,1633,838,1610,1605
464,1460,1457,1674,856,1610,1613,787,991,1635,1556
465,1674,787,1610,1289,1624,1605,1460,1348,1575,1519
466,1457,1610,783,991,1350,1348,1575,1618,787,1580
467,1575,1460,1624,1421,1548,1610,991,1457,1573,1605
468,787,991,1457,1674,1350,1618,1561,856,1460,1660
469,991,1350,1580,787,856,1666,1660,1457,838,1421
470,1289,1610,991,1348,1618,1457,1519,1580,787,1640
471,267,288,426,339,306,321,327,275,738,254
472,1575,1674,787,1598,1255,1155,1483,1587,1643,856
473,1543,829,1489,1674,1618,1659,1639,787,1598,1544
474,991,1610,1575,1635,856,1460,1457,1421,1653,1613
475,1610,991,1580,1519,1255,1457,856,1421,1653,1676
476,856,1350,1580,1457,991,1618,1575,783,1421,1306
477,1421,991,1575,1610,1624,1580,1348,1605,1476,1519
478,288,267,426,339,306,321,747,275,738,292
479,787,991,1518,1674,1155,1421,1255,1457,1605,1575
480,1460,1457,856,787,1575,1674,1598,1561,991,1671
481,1674,787,1460,1624,856,991,1618,1575,1457,1660
482,787,991,1660,856,1580,1373,1107,1610,1350,1575
483,1460,1624,1457,1234,1575,856,1432,1421,1659,598
484,991,1289,1421,1350,787,1598,1618,1636,1610,1519
485,288,267,426,339,321,306,327,275,738,747
486,288,267,426,339,321,306,327,275,738,747
487,856,1255,1605,787,1580,991,1660,1575,1421,1457
488,1618,991,1610,1512,1421,1659,1457,1394,783,1350
489,991,856,1653,1460,1674,1457,1613,1344,1610,1350
490,1674,1457,1598,1460,1671,787,1605,1649,1466,851
491,991,787,1610,1348,1674,1575,1624,1421,1457,1580
492,288,306,267,747,321,426,339,275,320,738
493,1575,1348,991,1460,1476,1457,1421,783,1618,787
494,1541,702,1632,1129,1459,710,798,1661,912,1481
495,991,1676,1610,1457,856,1421,1556,1460,1624,838
496,787,991,1457,1575,1610,1636,1255,1421,1660,1580
497,1624,991,1155,787,1674,1575,1348,1618,1421,1580
498,991,1155,787,1460,1660,1429,1255,1373,1457,1498
499,288,267,426,339,321,306,738,327,254,275
500,1545,783,1460,1659,1649,1575,1605,787,1676,1348
501,856,1580,1674,991,1660,1350,787,1457,1624,1421
502,1605,991,787,1575,1421,856,1319,1292,1660,838
503,834,137,267,288,426,285,327,339,275,738
504,991,1421,1624,1575,1457,856,1580,787,838,1610
505,856,991,1674,1624,787,1580,1421,1460,1289,1607
506,1674,991,1460,787,896,1155,1575,1618,1653,1598
507,1155,1255,787,1674,1460,991,1519,1660,1624,1357
508,1674,1460,787,1575,896,1644,1155,1435,1636,1373
509,1255,1460,991,1457,1155,856,1421,1660,1676,1580
510,787,991,1660,856,1618,1421,1674,1460,1624,1155
511,787,1460,1613,1575,1674,1618,1636,991,1624,1548
512,1457,856,991,1350,1561,1460,787,1598,1289,1674
513,288,267,426,339,306,254,275,327,738,268
514,1649,1348,1671,1610,1598,1605,1674,1289,1636,1519
515,991,1457,787,1460,1659,1618,1421,1610,1575,1613
516,1674,1457,1460,787,1635,1289,856,1610,783,1659
517,1674,856,1624,787,1580,1598,991,1460,1348,1575
518,991,1610,1421,1674,1519,1255,1676,1624,856,1457
519,1674,991,1624,1618,1421,1575,787,856,1155,1348
520,787,1460,1575,991,1624,1605,1610,1421,1457,1674
521,1624,838,1575,1421,1605,991,1460,1573,1483,1155
522,1457,1460,1348,1561,1610,1659,1671,676,1649,787
523,288,426,267,339,321,327,292,254,738,275
524,1674,991,1289,1624,1580,1421,1350,1666,838,856
525,991,1610,1457,1348,1421,1676,1339,1649,1350,856
526,1413,1304,1601,1433,1459,1376,1546,1561,993,842
527,1624,1580,1660,1674,1457,856,1155,991,838,1498
528,1674,1624,856,1143,896,1460,1575,1653,1667,1643
529,991,1610,1457,787,1289,1674,856,1421,1676,1653
530,1624,1575,1674,1348,838,1421,1636,1598,1587,1457
531,1289,1350,1348,1673,1501,1607,856,676,1666,1649
532,288,267,426,339,306,327,357,321,254,292
533,1624,1674,1460,991,856,1653,1667,1289,1421,787
534,288,267,426,339,321,306,738,327,275,292
535,856,1649,1637,1624,1674,1676,1460,1607,1457,1580
536,288,267,426,327,306,321,275,357,738,254
537,991,1580,1624,1421,1348,1155,1674,856,1618,1306
538,991,1676,1610,1674,1618,1421,1155,856,896,1624
539,787,1460,991,1575,1660,856,1457,1624,1421,1610
540,288,267,426,327,339,321,306,357,292,738
541,1460,1457,1575,1636,1676,1483,1476,851,1561,1435
542,1616,1190,1466,1369,1628,1003,1420,1453,1526,1376
543,1610,1348,1289,1598,1460,1580,787,1653,1674,856
544,838,991,1235,1421,1624,441,1514,1572,813,1348
545,856,991,1457,1580,1610,1350,1421,1653,1289,1607
546,991,1575,1548,787,1421,1610,1660,856,1457,1460
547,288,267,426,306,321,339,275,747,738,268
548,1460,1613,856,1635,1671,1457,787,991,1674,1561
549,787,1674,1289,991,1598,1580,1666,1660,1350,1613
550,288,426,267,268,738,339,327,306,275,321
551,1289,1598,1674,1610,1348,1457,1605,1636,783,1519
552,991,1457,787,1421,1460,1580,1255,1624,1610,856
553,1460,787,991,1575,1457,1610,1676,1613,1624,1421
554,991,1674,787,1457,1610,1155,1435,1636,1518,1421
555,1624,991,1575,1618,1457,1421,1674,1348,856,1610
556,856,1610,991,1575,1421,1643,1624,1676,787,1605
557,1580,1457,1674,1155,856,991,1255,1671,787,896
558,1460,1575,1624,1457,1671,856,1674,787,1613,1143
559,1294,1345,1488,1518,1492,1629,1322,1124,1005,1095
560,991,787,856,1155,1457,1660,1674,1460,1421,1580
561,991,1421,856,1350,1580,1674,1618,838,1457,1624
562,856,1580,787,1598,1660,1575,1460,1306,1457,896
563,1580,1457,991,1610,1674,787,856,1653,1605,1460
564,1460,1457,787,1575,1348,991,1413,1561,1476,1429
565,288,267,426,339,321,306,327,275,738,292
566,288,267,426,339,306,321,327,275,747,738
567,991,787,1575,1421,1660,1624,856,1350,1610,1605
568,787,1155,1598,1674,1561,1460,1671,1289,1348,1584
569,1580,856,787,1660,1460,1255,896,1610,1671,1598
570,991,1350,1319,856,1457,1497,1561,787,1421,1289
571,991,787,1457,1421,1580,1610,1660,1429,1618,1636
572,991,1350,1457,1580,1421,1674,856,1618,1289,1598
573,1575,1348,856,991,1421,1624,1610,783,1350,1457
574,1460,1457,991,856,1671,787,1561,1674,1653,1610
575,856,1674,1460,1289,1143,787,1613,1598,1653,1255
576,288,267,426,339,321,306,327,275,738,254
577,1674,991,1636,1155,787,1457,1618,1421,1598,1348
578,1674,991,1457,1580,1421,1348,1155,787,1636,1519
579,1624,1660,787,1421,1649,856,860,991,1575,1676
580,1575,991,787,1460,1457,1548,1421,1635,1610,1255
581,856,991,1457,1580,1421,1350,1674,1624,1508,1155
582,1636,991,1674,1435,850,1624,1421,1566,1618,1431
583,1460,1624,991,1457,1659,1618,1421,787,1674,1155
584,1556,1471,1501,1350,1426,1669,1666,1649,1289,1639
585,288,267,426,339,306,321,275,747,327,254
586,288,267,339,426,306,268,254,321,275,738
587,1348,1457,1610,1460,1624,991,1649,676,1289,1421
588,991,1610,787,856,1460,1660,1421,1497,1624,1618
589,1460,1624,1575,856,1457,1421,991,1234,1626,598
590,1681,1600,1333,1447,1330,1446,1350,437,1179,1509
591,1457,991,1674,856,1610,1624,1421,1618,1676,1348
592,1519,1610,1649,1580,1289,1497,1292,1674,860,1155
593,1580,856,1306,1637,1575,1457,1649,1573,1600,1610
594,1457,1575,856,1598,1674,991,1421,1580,1624,1653
595,1575,991,1618,1624,787,1460,1421,1659,1610,1519
596,991,787,1618,1421,1580,1624,1660,1650,856,1460
597,1624,1674,1610,1653,991,1289,1613,1598,856,1519
598,1457,991,1255,1460,598,856,1580,1421,1640,787
599,856,991,1460,1508,1653,1674,1457,1580,1155,896
600,1457,1460,856,991,1508,1155,598,1653,896,1676
601,991,1624,1421,1457,838,1676,1431,1460,1610,1155
602,991,1674,1460,1653,1618,1613,1626,787,1155,856
603,856,991,1624,1457,1289,1421,1580,1350,1660,1610
604,1460,896,1638,1155,991,856,1255,1580,1610,1660
605,856,991,1460,1624,896,1421,1155,1143,1674,1618
606,856,991,1457,1580,1421,1653,1674,1255,1610,838
607,1674,787,1575,1460,1457,856,991,1598,1155,1580
608,787,856,1460,991,1575,1580,1674,1660,1457,1605
609,1457,991,1460,856,1676,1674,1421,1618,1624,787
610,787,1610,1605,1580,1460,1650,1519,991,1653,856
611,991,1674,1610,856,1618,1653,1457,896,1460,1580
612,1575,1624,856,1460,1348,1573,1143,1598,1421,787
613,991,1421,1624,838,1350,1541,1652,1548,1633,1661
614,856,991,1610,1457,1580,1674,1350,787,1429,1460
615,1350,856,1289,1348,1653,991,1306,1580,1598,1610
616,1610,1350,1289,1594,1580,991,1457,1480,1306,1653
617,1575,991,1421,1624,787,856,1457,1460,1610,1580
618,1674,1575,1598,787,1624,856,1605,1580,1421,1155
619,1573,1381,1592,1338,1591,1649,1547,1667,1190,1466
620,991,1674,1289,1624,1598,1613,1610,787,1421,1653
621,991,1460,1674,787,1618,1155,856,1421,1457,1624
622,1610,1676,991,1457,1421,1460,1575,1624,856,1659
623,1457,1575,856,787,1580,991,1598,1421,1674,1605
624,1618,991,1421,856,1497,1350,787,1660,1319,1575
625,991,1350,856,1421,787,1660,1580,1306,1457,1575
626,426,288,267,327,309,1260,275,254,321,306
627,1460,991,787,1613,1659,1457,856,1610,1676,1575
628,1289,1350,1641,991,1613,787,1666,1344,1681,1548
629,991,1457,1460,1610,1289,856,787,1618,1674,1580
630,1624,1674,856,991,1460,787,1421,1155,1457,1660
631,991,1624,1575,1421,1457,1674,787,1460,1155,856
632,1457,1460,991,1163,851,787,1585,1514,850,1636
633,1649,1348,1624,860,1426,1547,1674,1610,856,1676
634,1605,856,991,1556,1607,787,1575,1460,1421,1653
635,1610,991,1676,1605,1575,1421,787,1636,1649,1457
636,1575,1289,1610,1605,1421,1640,1624,1457,1598,1374
637,1674,991,1618,1155,1519,1460,787,1659,1255,1653
638,267,288,426,339,321,327,275,254,738,306
639,1648,1671,1575,1636,1628,1476,851,1256,1577,1371
640,991,1605,1610,787,1421,1519,1457,1575,1255,1636
641,906,452,837,1458,1349,616,1572,1299,1330,982
642,288,267,426,339,321,306,327,275,738,254
643,856,1460,991,1635,896,1457,1143,1653,1610,1674
644,991,787,1460,856,1674,1155,1457,1421,1618,1660
645,787,1289,1660,1640,991,1519,1429,1255,1487,1460
646,991,787,1421,1624,856,1575,1674,1660,1618,838
647,288,267,426,339,306,321,327,275,738,747
648,1457,1460,1624,1659,991,1610,1676,1348,1421,1575
649,1674,991,856,1460,1457,1624,1618,787,1155,1421
650,1624,991,1421,1660,787,1548,838,1429,856,1575
651,1624,1674,991,1666,1421,1350,787,856,1618,1289
652,1664,1344,1640,665,1174,1661,1001,1363,1449,1101
653,1674,1644,1483,1628,1625,1143,1305,1643,1155,1540
654,991,1457,1610,1421,856,1674,1580,1575,1605,787
655,1460,1575,1319,787,1155,1476,991,1624,1618,1674
656,856,991,1350,1653,787,1289,1639,1654,1598,1635
657,1575,787,1598,856,1476,1460,1348,1457,896,1421
658,1319,1575,1460,1497,1361,1676,1624,1548,1421,856
659,288,267,426,339,327,321,306,357,275,738
660,991,1610,1624,856,1460,1421,1676,1457,1348,1580
661,1580,1575,1457,856,787,1610,991,1660,1605,896
662,1648,980,288,327,426,267,23,321,275,312
663,1671,1582,1509,1487,1289,1598,1143,1661,1613,1640
664,1617,1616,1585,1545,851,1621,1460,1637,1351,1390
665,288,267,426,339,321,306,327,738,275,292
666,1580,1289,1610,856,991,1350,1457,1598,1519,1653
667,787,1636,1674,991,1289,1348,1666,1155,1598,1457
668,1143,1624,1349,1655,1575,1573,896,1471,1381,1426
669,1348,1457,1610,991,1575,787,1289,783,1598,1460
670,860,837,1508,1674,1599,1155,1540,1258,1565,1259
671,1624,1674,991,1575,1618,1421,856,838,1626,787
672,1350,991,1457,787,1666,856,1421,1613,1618,1289
673,1674,1624,1598,1671,1348,1457,1460,1575,856,1289
674,1457,991,856,787,1580,1350,1607,1460,1556,1674
675,856,1653,1580,991,1598,1575,1421,1610,896,1460
676,1624,1674,856,1155,1607,1660,787,1460,1556,1649
677,787,1460,1674,856,991,1660,1575,1613,1457,1624
678,1460,787,1289,1561,1348,991,1598,1457,1584,1636
679,991,1575,856,1421,1350,1457,787,1676,1610,783
680,1674,787,1624,1155,1660,1575,856,1605,991,1476
681,1624,1460,1575,896,1155,1235,1421,1636,1348,1476
682,1674,1580,787,856,991,1457,1155,1598,1350,1660
683,1255,787,856,1660,1674,1155,1605,829,1624,991
684,1580,1255,856,787,1155,991,1421,1660,1605,1457
685,991,1457,856,1421,1610,1618,1580,1624,1460,1155
686,856,1306,991,1350,1580,1624,1556,1575,1573,1460
687,1575,1457,1605,856,1476,1421,787,1598,991,1624
688,1610,991,1676,856,1421,1350,1457,1497,1471,1289
689,1575,1476,1674,851,1348,1460,1624,1457,783,1512
690,1460,1624,1674,1573,991,1348,856,787,1556,1575
691,787,1660,1580,856,1107,1350,1289,1306,1605,1255
692,1509,1234,1465,1673,1441,1641,783,1140,1620,1357
693,288,267,426,321,339,327,306,275,738,254
694,787,991,1575,1674,1660,1421,856,1155,1624,1255
695,991,1421,1575,1548,1624,1460,1429,1457,856,838
696,1674,1457,991,1618,1289,1350,1610,1678,1348,860
697,1575,1624,1598,1636,1674,1476,787,1643,1421,1348
698,1580,856,991,1508,1155,1653,896,1350,1457,1255
699,991,1624,1421,1548,838,787,1575,1633,1373,1319
700,1643,1674,1483,838,856,1155,1637,1255,1624,991
701,991,856,1575,1676,1457,1460,1421,1624,1350,838
702,1624,856,1674,1289,1610,1460,991,1457,860,1421
703,1674,991,1610,1457,1676,1460,856,787,1636,1255
704,1605,1466,1575,599,1674,1552,1616,1589,1558,1587
705,1624,991,1610,1421,1618,1348,1575,838,1350,1676
706,838,851,1616,1432,1483,1599,1621,1514,1476,860
707,787,1674,991,1575,1660,856,1457,1421,1618,1659
708,1605,1639,1466,1674,787,1575,1598,1289,1659,1552
709,1671,1598,1460,856,1636,1674,787,896,1575,1457
710,1465,1306,1612,919,1681,1654,1543,1357,1463,856
711,1509,1657,1656,1373,1030,1570,797,1555,1532,1153
712,991,787,1421,1518,1457,1624,1659,1674,1255,1618
713,1674,1348,1460,1457,1155,787,1649,1561,851,1584
714,1457,1289,1350,1580,1659,1565,1674,1630,1551,787
715,991,1618,1674,1457,1421,856,1580,1624,1610,1653
716,1674,1155,991,787,1636,1624,1289,1255,1457,856
717,991,1350,1610,787,1509,1613,783,1460,1289,856
718,1674,787,991,856,1155,1580,1666,1660,1350,1575
719,991,1421,1624,1457,856,1575,1610,1580,1653,1598
720,837,1676,1572,1618,991,783,1394,1074,1606,1402
721,1348,1610,1289,1598,991,1674,1421,1667,1636,783
722,1624,991,1421,838,1457,1610,1618,1575,1580,1350
723,1674,787,1649,1155,1610,991,1519,1605,1457,1624
724,1674,991,787,1457,1580,1585,1666,1618,1567,850
725,991,1457,1610,1580,787,1255,1421,1519,1605,1289
726,1648,1656,1664,787,1570,1249,1324,1666,1639,1670
727,1457,856,787,991,1674,1460,1598,1575,1610,1289
728,1460,787,1636,1613,991,1548,1610,1624,1575,1421
729,991,1610,1421,1624,856,1674,1653,1519,1618,1633
730,1460,991,1457,1674,1618,787,1659,1624,1155,1421
731,1610,1421,991,1457,1575,1624,1580,1674,1519,1636
732,1639,787,1289,1669,1648,1636,1598,1649,1471,1671
733,1610,991,1519,787,1580,1421,1605,850,1457,1255
734,1575,1421,1580,1476,1348,1624,1457,1605,1258,1507
735,1348,1624,991,1421,787,1519,1610,1618,1660,1580
736,1460,1674,1605,1155,856,1649,787,1556,1607,1624
737,288,267,426,339,327,321,306,275,292,738
738,1674,787,1636,1460,1457,1613,1561,1598,991,851
739,1624,1460,1575,1671,1610,1613,1348,1234,1598,1421
740,991,1575,1421,787,838,1548,1618,1644,1624,850
741,787,1674,1618,856,1575,991,1660,1155,1421,1319
742,1460,1457,991,856,787,1561,1350,1613,1610,1618
743,991,1421,1618,1575,850,1674,787,1610,1624,1457
744,1674,1457,856,1460,1575,1580,1653,1598,991,1671
745,1624,1421,1605,1610,991,1289,1348,1575,838,1598
746,288,267,426,339,321,306,327,275,738,254
747,991,1624,1421,787,1255,1155,1618,1519,1674,1660
748,1441,837,1361,1171,1667,1103,1291,1593,847,1401
749,991,1373,1666,787,1610,1624,1460,1348,1501,1613
750,288,267,426,339,321,306,327,275,292,738
751,1460,1457,1561,1671,991,1235,787,1348,1636,1289
752,991,856,1350,787,1556,1460,1654,1457,1610,1421
753,1610,1575,1580,1421,1548,991,1598,856,1289,1457
754,991,1421,1457,1575,1618,1610,856,1653,1460,1548
755,1674,991,787,1653,1644,1373,1435,856,1598,1643
756,1460,1143,896,1575,1671,856,1624,1674,1635,1598
757,267,288,426,327,321,275,339,254,306,738
758,991,787,1457,856,1421,1155,1580,1255,1610,1660
759,856,1580,1674,991,1155,1255,1653,1457,896,1605
760,1575,838,1605,1421,787,1476,1548,1483,441,1624
761,1674,991,856,1624,1618,787,1421,1460,1155,896
762,1624,1460,1575,991,1421,1457,856,1618,896,1429
763,1565,438,1602,1630,1407,1665,1294,1454,1569,857
764,856,991,1618,1350,1610,1348,1580,1653,1624,1674
765,1575,991,1460,1421,1610,1548,787,1624,1457,856
766,856,787,991,1575,1421,1624,1674,1598,1653,1613
767,991,1674,1610,856,1457,1350,787,1618,1676,1660
768,1580,1598,856,1457,1674,1289,1671,1653,1661,787
769,1575,787,1476,1636,1348,783,1319,1421,1674,1598
770,1457,991,1610,1618,1421,1674,1580,1659,1460,1348
771,1457,1421,991,1610,1624,1605,838,1676,1575,441
772,1569,1680,288,267,426,339,275,747,291,23
773,288,267,426,339,306,321,327,275,738,292
774,1674,1624,991,1636,1421,838,1618,1541,1666,787
775,1580,1348,1605,1306,856,1575,1457,1610,1649,783
776,1674,991,1613,1610,787,1624,1289,1618,1653,1666
777,991,1421,1457,1624,787,1618,1350,1575,856,1460
778,856,1618,1674,991,896,1580,1575,787,1421,1659
779,1598,787,1580,1289,1636,856,1255,1429,991,1457
780,856,991,1610,1674,1653,1460,1556,1624,1676,1635
781,288,267,321,426,339,306,327,275,254,292
782,991,1624,1421,856,1618,787,1660,1289,1674,1610
783,1674,1460,1618,991,1457,787,1659,1575,1155,1624
784,991,1674,1624,856,1421,1618,1155,1626,838,1460
785,1674,856,787,1580,991,1457,1598,1618,1421,1575
786,1580,1457,1575,1598,856,1421,787,1289,1605,1255
787,1508,1349,625,837,598,856,1668,1381,1626,1606
788,1348,787,1674,1624,1666,991,783,1460,1575,1618
789,1460,1624,1457,991,1674,1575,856,787,1421,1255
790,1624,991,1610,1421,1566,1618,1674,1519,1575,1676
791,1460,991,787,1660,1155,1624,1457,1255,1421,1638
792,1575,856,1610,1605,1421,1457,1598,991,787,1476
793,1674,1457,1636,1643,1580,1598,1353,1348,1350,787
794,1575,856,1624,1460,991,1421,1457,1676,1476,787
795,288,267,339,426,327,321,292,738,275,306
796,991,1610,1580,787,1457,1429,1373,1636,1519,896
797,267,288,426,339,327,321,306,275,292,738
798,1610,856,1289,1580,1598,991,787,1613,1457,1350
799,787,1575,856,1460,1674,991,1319,1476,1457,1636
800,1460,1674,1584,1234,1348,1575,787,783,1624,1357
801,991,856,1575,787,1610,1580,896,1421,1674,1460
802,991,1457,1676,1610,1421,1460,838,1575,1624,856
803,1143,1575,1496,1460,1305,1608,856,1333,829,1308
804,1589,1644,1121,1576,1575,1573,1628,1434,1548,1351
805,1548,1647,1449,1303,1573,1575,1317,1324,1633,1600
806,1155,1580,1255,787,1660,991,856,1650,1674,1649
807,856,991,1460,1457,1607,1580,1556,1610,1350,1676
808,991,787,1350,856,1289,1421,1429,1344,1598,1548
809,991,787,1674,1618,1421,1580,1660,1350,1666,1457
810,1575,787,1660,856,1457,1585,1107,1460,1350,1580
811,787,991,1373,1660,1289,1636,1155,1674,1255,1598
812,1580,991,1421,856,1624,1674,1457,1653,1618,1610
813,1457,991,1421,1624,1636,1348,787,1476,1575,1674
814,267,288,426,339,321,327,306,275,254,738
815,787,1660,1457,856,1460,991,1350,1421,1624,1580
816,1624,1610,1649,1348,1676,1460,1421,991,1575,1289
817,991,1674,1618,1580,1624,1421,1457,1519,1155,1575
818,787,1605,1674,783,1650,1575,1598,1589,1660,1649
819,991,1618,1624,1674,1421,1610,1519,787,896,1460
820,1457,991,1636,1421,1575,1483,1255,1476,1155,856
821,991,1618,1624,1421,787,1660,1575,1549,850,1636
822,991,856,1421,1624,1457,1674,1575,838,1350,1618
823,1610,1605,1575,991,1676,1421,856,1573,1457,783
824,1234,1589,1332,1573,1647,1157,437,1515,1624,1605
825,1674,787,991,1624,1348,1610,1580,1575,1421,856
826,991,1624,1421,1618,1457,838,856,1575,1674,1549
827,856,1460,1598,1580,991,1457,787,1674,1653,896
828,1460,787,1255,1610,1671,1580,1355,1429,1613,1457
829,1674,991,1618,1421,1519,1155,1624,1610,1580,1457
830,1460,856,991,1457,1508,1624,1674,896,1143,1610
831,1610,991,1580,787,1519,1289,856,1674,1457,1421
832,1648,1666,1649,860,1369,1259,1632,1628,910,1643
833,991,1460,787,1255,1457,856,1155,1660,1674,1421
834,1289,787,1255,1660,1610,991,1580,1457,1640,1519
835,856,1580,787,1457,1460,1674,1350,991,1598,1289
836,991,1580,856,1457,1421,1610,1155,1255,1460,1653
837,1457,991,1624,1674,1421,1289,1610,1348,1541,1618
838,787,1660,991,1373,1613,1674,1666,1350,850,1107
839,1457,787,1575,1348,856,1460,1598,991,1674,1476
840,1624,856,1674,1457,1541,676,991,1421,1350,1618
841,1624,1660,1643,856,1421,787,838,1666,1580,1350
842,1460,1624,1575,991,1457,856,1674,838,1573,1421
843,991,1618,1575,1421,787,856,1624,896,1674,1460
844,991,856,1624,787,1421,1660,1460,1548,1143,1575
845,288,339,267,426,321,254,306,327,738,268
846,991,1457,1460,787,441,1518,1514,1255,1421,1580
847,856,1674,1460,991,1624,1610,1575,1457,787,1421
848,1460,1457,787,1598,991,1653,1674,856,1561,1357
849,856,991,1610,1350,787,1289,1457,1660,1421,1497
850,856,1580,1660,1610,991,896,1255,1649,1155,1676
851,787,1674,1155,1255,1519,1460,896,991,1636,1575
852,1580,856,1660,787,1674,1575,896,1649,1624,1460
853,288,267,426,306,321,339,275,747,327,292
854,991,1350,1344,1674,856,1289,787,1421,1457,1541
855,1457,856,991,1460,1610,1556,1350,1676,1607,1580
856,991,1624,1674,1618,1460,1421,787,1575,1155,1373
857,991,787,1580,856,1457,1674,1575,1255,1421,1460
858,1460,991,1636,1155,787,1674,1676,1624,1431,1457
859,1624,1460,1610,1348,1519,1674,1636,991,787,1671
860,991,1421,856,1653,1457,1610,1350,1674,1289,1344
861,267,288,339,426,747,321,306,327,275,738
862,267,288,426,306,339,321,327,275,738,292
863,288,267,426,306,339,275,254,321,738,357
864,1460,1636,1624,1457,1348,1610,991,1155,1674,1421
865,991,856,1575,838,1421,1457,1624,1580,1350,1605
866,787,1519,1580,1640,1660,1289,1324,850,1650,1480
867,267,288,426,327,339,321,306,275,738,292
868,787,1660,991,856,1460,1580,1457,1421,1255,1610
869,288,275,267,339,426,306,321,327,254,292
870,275,288,267,426,327,339,321,306,254,738
871,1674,991,1624,1421,1598,1618,1289,856,787,1653
872,787,1460,1605,1580,1457,856,1255,1660,1575,1624
873,787,1580,1660,1155,991,1429,856,1255,1598,1350
874,991,1421,1350,1580,856,1575,1457,1660,1624,1618
875,1580,787,1457,991,1348,1660,1421,1605,1519,1575
876,1624,991,1618,1421,1610,1674,1348,1457,1575,1676
877,787,1636,1575,1674,1476,1605,850,1580,1519,1348
878,991,1610,1421,838,1624,1548,1676,1348,1235,1339
879,986,1646,1071,267,288,426,321,306,254,738
880,991,1575,1457,1624,1421,856,1674,787,1618,838
881,1459,17,1648,1632,1541,1308,1475,387,1673,295
882,991,1636,1561,1429,787,1350,1344,1289,1457,1548
883,991,1457,1580,1421,838,856,1350,1624,1660,787
884,1580,856,1610,1457,991,1350,1421,1306,1575,1624
885,1575,856,1624,1605,1676,1421,991,783,838,1292
886,267,288,327,426,346,531,306,292,321,738
887,1624,991,1674,1575,1348,1421,1666,838,787,856
888,1618,1659,1457,1610,991,1480,850,1567,1676,1421
889,856,1624,1575,991,1460,1674,787,1580,1610,1457
890,1674,1624,1255,1519,1605,991,787,1421,856,829
891,991,1421,1580,1618,1610,1519,1457,1348,1624,1350
892,1580,991,1674,856,787,1653,1457,1155,896,1598
893,1605,1289,1610,1674,1357,1457,856,1460,1653,1676
894,991,856,1624,1674,1613,1610,1421,1653,1618,1457
895,288,267,426,339,306,321,275,747,268,738
896,267,426,327,288,339,321,275,254,306,292
897,787,991,850,1660,1585,1610,1421,1519,1605,1324
898,1674,1624,787,1580,1289,991,1519,856,1598,1155
899,1460,1457,991,1676,1600,1624,1610,1431,1421,1235
900,991,787,1610,1674,1460,1457,1421,1618,1575,1519
901,1457,1580,991,1155,856,1255,1460,1610,1421,1676
902,1460,1575,993,896,1548,1573,1608,1561,1618,1394
903,991,856,787,1580,1660,1575,1624,1421,1605,838
904,991,1350,1421,856,1457,1618,1580,1610,787,1674
905,787,856,1575,1624,1666,1598,991,1556,1421,1457
906,321,288,267,426,339,306,327,357,738,254
907,1674,676,1155,1348,1624,1460,1580,1457,1498,1649
908,1457,991,1575,1421,1610,787,1659,1618,783,1476
909,1575,1674,1624,787,1598,783,856,1618,1476,1234
910,1348,1421,838,1624,991,1575,1415,1457,1618,1476
911,991,787,1660,1610,1421,1350,1457,1580,1600,1676
912,1674,1348,991,1610,1457,1460,1618,856,1624,783
913,1460,991,1618,1624,1575,787,1421,1457,1659,1234
914,1575,856,1605,1580,1643,787,1624,1674,1660,1628
915,991,1610,787,1638,1373,1613,1519,1659,850,1618
916,856,991,1653,1624,1421,1460,1255,1548,787,1556
917,1674,991,1624,1460,1155,1348,1421,1610,1575,787
918,1674,1155,1457,1598,1466,787,1348,856,1649,1580
919,991,787,1457,1548,1636,1421,1575,1613,1289,1350
920,1376,1103,1190,1305,1459,1460,1492,1616,1662,1381
921,991,1674,1518,1457,787,1618,1289,1659,1421,1598
922,1580,1610,1255,1457,1653,991,1598,1519,1289,1674
923,991,1624,1460,1674,787,1457,1421,1636,1618,1676
924,991,787,1350,1580,856,1421,1457,1598,1255,1666
925,1674,1457,991,1575,1421,856,1598,1624,787,1348
926,1369,1656,1360,1098,1616,1585,1380,1433,1347,1628
927,991,1618,787,1624,1460,1155,1674,1421,1659,838
928,1674,1598,1350,1580,787,856,1289,1457,991,1636
929,1610,991,1649,1457,1348,1636,1155,1429,1421,787
930,856,1457,1580,991,1255,1674,1421,1598,1624,1289
931,1575,1421,991,1476,1624,838,1457,1348,787,1234
932,991,1674,1624,1618,1610,856,1421,1348,896,1457
933,787,1674,991,1624,1255,1636,1289,1421,1598,1519
934,991,787,1624,1460,856,1676,1660,1610,1421,1575
935,1398,1153,1509,1497,1424,1278,993,374,1632,1495
936,991,787,1660,1676,1460,1155,1431,1649,1624,850
937,856,1624,1660,1674,1575,1580,787,1421,1255,991
938,1460,856,1676,1624,1610,1573,991,1635,1575,1605
939,991,1457,1289,1610,1421,1624,1613,787,1640,856
940,787,1575,1674,1460,991,1676,856,1483,1457,1660
941,991,856,1618,1674,1421,1350,1676,1624,1457,1610
942,1324,1318,816,1619,1627,1259,1669,1645,1378,625
