0,478,1668,167,149,88,1659,1137,8,549,1048
1,1431,1519,173,1551,1661,859,214,78,97,918
2,1064,617,1559,36,251,1667,1002,1516,491,1327
3,46,689,268,1661,284,282,322,723,738,1570
4,689,514,426,482,284,964,907,731,1115,1625
5,495,1299,414,1431,181,1667,1398,741,229,1295
6,12,250,495,501,1635,687,516,689,741,148
7,201,1570,318,877,1633,1668,301,267,152,378
8,1217,181,837,1661,1633,184,1393,339,1254,775
9,1317,1661,1570,78,267,120,68,1545,282,627
10,1463,495,99,1661,461,741,11,1551,615,86
11,209,285,1023,261,78,116,1519,1421,545,859
12,590,1352,1111,1116,573,988,543,99,1538,411
13,49,110,1508,37,270,13,1326,300,1347,479
14,404,450,236,654,403,1541,730,868,1132,494
15,173,185,680,1061,1304,193,1317,1284,81,858
16,1633,167,514,1397,185,52,656,637,960,131
17,181,495,287,1516,97,96,741,775,1545,446
18,1347,49,120,1668,181,131,143,97,495,287
19,116,11,1609,99,244,248,654,325,1158,1117
20,1668,126,402,181,97,348,173,143,167,1317
21,309,1602,531,1048,479,270,8,1416,110,496
22,49,741,110,495,209,8,697,1530,1238,217
23,287,495,1668,97,741,437,300,181,88,692
24,99,8,97,495,299,236,96,741,143,71
25,1570,152,173,185,495,99,741,287,49,184
26,1626,312,478,1064,674,1002,1570,745,185,99
27,1668,143,167,299,1659,120,221,497,78,1503
28,49,1570,123,185,301,193,1661,99,88,249
29,495,96,97,1522,14,1198,1421,99,132,1661
30,237,1570,689,1347,1661,1659,503,131,1398,179
31,1668,54,126,149,497,3,97,402,267,654
32,78,116,497,49,1421,68,1570,143,3,1117
33,287,55,1046,549,602,1177,689,741,1519,88
34,1519,78,366,1262,173,46,1661,193,322,866
35,1421,1463,1285,1561,312,1477,250,1354,481,185
36,1570,193,675,745,185,123,647,357,3,460
37,488,278,526,1348,733,1317,301,1078,240,223
38,407,309,249,301,275,1327,14,193,12,167
39,1317,1661,424,97,181,755,526,1482,1538,1578
40,1347,143,167,49,150,1137,120,110,1326,221
41,627,301,185,369,14,99,495,236,49,193
42,1661,71,97,240,236,268,322,454,131,99
43,185,99,1570,193,1343,49,1327,46,482,123
44,1661,99,301,495,741,193,627,1570,287,8
45,97,1668,287,495,1286,8,520,741,124,236
46,181,474,1668,692,300,1625,762,549,478,304
47,301,1661,627,99,1317,772,522,96,495,802
48,179,1507,287,461,692,254,1406,215,1633,32
49,131,1633,653,548,52,49,1507,95,179,583
50,167,221,185,143,173,301,236,120,49,234
51,97,495,209,287,285,268,257,1286,366,96
52,1463,99,236,185,116,404,1421,437,741,261
53,675,399,139,54,424,275,806,151,3,249
54,78,497,332,1519,368,408,549,704,572,492
55,49,497,1570,3,249,1343,505,267,193,120
56,46,322,196,1046,602,78,738,268,1327,689
57,48,857,285,1625,713,229,1668,689,145,506
58,1668,120,1667,201,267,1362,1570,953,167,339
59,120,741,194,1570,1347,549,57,254,495,256
60,99,1503,544,299,631,1070,234,1228,1628,185
61,181,464,120,99,543,49,1293,596,185,1667
62,229,1661,1317,527,301,68,1558,1633,96,1573
63,120,1633,49,267,229,173,167,1570,301,11
64,495,1046,14,287,1463,236,99,741,193,404
65,49,497,1570,126,505,267,120,3,1317,185
66,513,116,1421,120,303,209,404,53,1217,1425
67,107,1478,173,208,656,99,96,236,185,437
68,1317,229,1570,301,1625,469,267,789,1398,275
69,173,49,214,143,167,1551,1463,180,495,1317
70,55,1668,285,97,247,366,180,142,270,1241
71,431,1373,461,97,6,979,320,1545,406,1395
72,167,55,1668,904,131,620,1633,954,45,1418
73,1668,68,654,173,116,303,497,1628,78,180
74,249,1343,309,1521,99,1327,49,1244,659,185
75,249,181,49,470,414,173,1317,1573,197,495
76,120,178,1508,1347,49,176,525,194,221,239
77,269,1317,1078,229,324,627,1248,214,527,471
78,209,110,815,131,49,13,1101,446,1633,1627
79,495,173,97,21,14,1317,6,131,1421,240
80,120,221,178,1347,646,167,1668,194,239,143
81,495,97,321,1061,345,134,858,236,508,154
82,1421,1463,627,116,236,185,972,319,14,1023
83,99,495,173,236,185,1150,107,1661,131,257
84,495,1661,99,741,301,49,287,184,185,193
85,149,110,131,209,8,1156,13,761,54,368
86,185,99,1463,1421,236,1661,627,495,49,193
87,1150,131,814,258,471,815,526,1043,454,463
88,193,170,185,753,1661,503,1681,517,1397,107
89,70,0,1551,446,668,287,180,1463,247,948
90,152,236,78,1519,299,322,552,1570,173,146
91,120,1668,181,143,1027,1667,1347,267,97,167
92,68,1317,229,214,173,1661,402,11,1558,1551
93,1551,1633,55,287,1668,131,173,495,70,620
94,209,221,173,49,1286,495,257,1627,236,143
95,282,294,1156,532,214,97,1051,689,184,47
96,1137,368,3,1094,1343,245,63,1269,532,1570
97,495,1015,99,1132,730,1516,96,602,69,1614
98,1522,491,167,1421,1052,250,1463,321,1362,178
99,185,1421,1463,49,99,1002,190,260,631,1522
100,310,1635,545,416,143,1522,243,1152,1421,492
101,1661,99,131,209,287,49,54,193,88,236
102,173,167,202,1668,260,1421,68,181,1522,495
103,49,173,236,99,317,497,659,426,731,152
104,268,152,953,1668,139,480,275,738,8,3
105,495,49,602,1463,99,741,627,14,6,918
106,181,300,474,8,675,1668,1658,437,1488,470
107,181,495,131,1633,1518,99,351,107,442,1357
108,267,269,301,1570,185,3,120,191,99,779
109,222,944,906,194,968,1023,417,325,490,461
110,167,1668,1522,545,1191,309,268,281,251,182
111,1488,0,78,1463,173,914,306,734,948,293
112,171,1100,517,46,482,1276,53,602,284,322
113,194,163,120,209,257,49,88,267,306,1570
114,105,1027,1137,1667,353,1186,1286,981,1347,120
115,49,126,173,497,1073,470,1343,249,214,267
116,446,120,404,366,209,1362,246,167,1421,202
117,1570,120,167,1633,267,1347,143,1668,230,3
118,474,503,124,1659,242,97,1668,8,1405,71
119,97,268,495,96,8,236,285,71,287,1661
120,268,938,1478,495,1046,770,132,957,74,721
121,229,181,11,654,99,820,1661,1609,775,248
122,1516,6,689,1115,495,1527,55,1046,602,693
123,1659,704,646,1347,143,1508,1210,55,1519,1668
124,49,627,31,1117,972,1249,1152,173,1023,1463
125,1347,143,1027,102,270,1304,97,746,10,1326
126,3,191,1570,1171,267,647,123,220,310,1055
127,229,315,345,1173,1317,81,627,1661,495,820
128,6,69,814,1213,96,1336,437,520,474,696
129,526,78,322,1661,193,1241,312,237,201,12
130,96,495,1551,1661,99,426,602,1015,8,268
131,1668,287,97,692,1573,181,55,300,495,54
132,120,99,267,1570,306,53,171,404,49,1667
133,173,1488,1463,866,1661,366,180,303,1363,95
134,1668,173,97,654,268,236,69,495,99,1488
135,495,99,741,287,96,97,236,1668,8,1661
136,1570,193,185,315,1661,627,312,68,3,1347
137,78,741,1519,97,495,437,1668,309,1559,1463
138,185,284,1397,656,107,1681,512,99,685,753
139,86,1661,741,495,6,99,320,689,21,291
140,244,209,382,979,1425,116,200,1596,1158,895
141,275,522,731,1464,1115,506,738,1573,689,245
142,78,126,1415,54,41,1570,914,267,1240,424
143,495,97,741,287,1463,236,134,14,1661,328
144,1362,178,167,1002,49,120,239,221,1426,881
145,54,549,1224,97,1027,244,287,1131,1269,741
146,495,320,410,268,848,64,404,1421,461,1159
147,191,147,1312,1570,88,514,559,123,624,120
148,495,1551,1431,96,1463,99,741,1516,426,1376
149,167,1668,181,704,120,1667,675,745,309,478
150,1048,8,209,1423,697,191,1286,568,777,306
151,1421,1072,14,236,495,1293,1150,97,1438,99
152,97,515,649,237,367,498,861,572,516,449
153,1667,1347,120,1570,956,178,741,167,143,904
154,281,287,1570,282,495,184,689,201,167,741
155,495,1398,1299,30,1317,1667,190,181,1173,808
156,1667,120,181,134,495,461,117,185,1002,179
157,1463,180,1551,689,741,116,602,1545,1431,11
158,426,1376,299,749,146,1628,185,1463,391,416
159,1668,1667,689,1516,1626,478,300,431,1141,1612
160,474,437,1668,675,649,181,967,478,872,115
161,1463,78,741,1519,491,1240,319,274,287,1570
162,236,1668,152,97,404,99,437,654,54,366
163,116,404,672,99,53,27,306,322,741,152
164,209,49,163,306,88,404,1463,180,257,602
165,1570,185,146,99,322,123,163,234,120,194
166,222,495,1012,1236,181,783,236,652,254,1627
167,328,708,1519,321,902,1675,1046,547,154,322
168,116,120,366,180,221,257,404,303,1421,146
169,1463,116,322,78,12,672,312,152,738,460
170,99,322,549,306,78,412,741,163,1570,831
171,173,49,236,10,214,418,1304,497,1343,353
172,131,1347,120,287,1661,179,99,55,474,366
173,654,306,209,244,914,257,236,163,231,831
174,214,173,152,552,78,972,1073,301,1519,770
175,1668,181,1027,120,1667,54,675,1625,275,1570
176,120,181,1667,173,1668,95,167,126,234,1488
177,78,49,1023,299,173,627,99,143,236,972
178,456,1135,914,839,946,806,671,424,54,654
179,437,133,608,692,685,872,672,55,602,171
180,1671,78,1445,299,1487,66,1421,139,1542,236
181,236,1542,14,301,152,167,49,1212,173,283
182,1488,97,503,242,21,1661,1295,325,6,78
183,495,181,287,1573,88,1516,268,197,692,249
184,287,495,1046,268,741,322,689,580,1661,848
185,21,1201,1471,1463,327,320,345,698,1177,636
186,132,1478,495,957,1421,268,602,298,1115,1633
187,97,285,209,1286,545,254,979,1596,116,1519
188,49,190,332,1342,1356,10,613,31,173,1627
189,1519,78,173,257,163,209,221,285,167,366
190,68,1661,1668,116,282,431,1516,1545,184,1421
191,97,1668,287,54,309,8,692,270,181,1137
192,495,741,1463,1201,217,320,327,1477,99,1551
193,491,55,190,300,178,1463,321,495,437,239
194,1463,1551,173,185,214,404,495,1421,99,11
195,97,287,54,356,282,882,184,1224,1558,47
196,49,236,185,1212,1369,987,175,99,301,627
197,131,88,95,49,201,173,123,163,1570,287
198,1658,181,300,1141,306,1002,654,99,672,255
199,1570,194,123,120,267,3,191,49,209,269
200,1625,1241,689,953,348,78,6,664,1073,282
201,191,675,647,456,839,517,1531,679,123,1570
202,1633,49,269,957,1591,257,209,131,125,892
203,536,1516,306,777,1059,1132,1551,602,6,568
204,1488,236,240,97,69,173,654,900,474,181
205,275,626,900,452,326,522,1488,675,1464,139
206,1046,287,495,1463,186,14,879,948,193,29
207,495,236,328,611,1334,698,14,1040,1006,1556
208,49,131,301,157,1398,201,1570,609,167,1317
209,193,1661,236,1570,301,249,99,49,275,54
210,1223,369,508,142,1463,367,915,552,193,117
211,209,99,124,1661,327,236,322,8,240,163
212,1668,287,54,78,1570,88,97,741,549,8
213,97,1668,287,131,1347,181,309,683,495,1659
214,131,49,1570,1661,70,123,193,194,99,1347
215,1668,1137,97,167,1362,492,1635,89,549,143
216,222,254,113,810,264,628,1062,227,644,110
217,55,287,97,549,1668,201,285,179,194,461
218,201,179,1131,194,653,456,111,640,1488,163
219,1421,99,132,1661,185,495,107,1478,957,315
220,78,1240,180,497,1141,176,1241,1545,0,1463
221,54,1668,497,492,152,1186,236,309,294,967
222,1262,866,500,858,367,1210,1112,95,636,508
223,1249,1463,319,972,214,627,173,418,14,236
224,1570,99,322,741,237,236,201,78,301,185
225,173,1551,214,167,294,656,404,1558,257,203
226,1551,741,99,1286,689,55,306,1431,287,70
227,285,116,78,944,325,1201,86,1075,269,152
228,1347,180,55,620,689,1205,1659,420,962,70
229,268,209,495,236,257,540,287,1046,1080,404
230,654,116,404,299,99,1628,306,294,236,267
231,181,270,300,1668,479,8,474,1326,97,1488
232,54,747,268,283,287,326,1573,692,356,825
233,1431,495,1551,741,918,1463,99,70,1661,432
234,1295,1398,495,30,414,181,49,173,1299,987
235,382,979,97,936,536,1545,1059,812,568,431
236,741,495,49,99,287,1667,1347,185,1463,1431
237,116,1661,68,303,1558,142,689,97,46,180
238,120,1507,1633,1667,194,456,1380,548,734,181
239,115,437,1668,692,549,201,675,268,704,474
240,1668,201,1633,268,236,301,257,584,522,97
241,268,78,738,285,1661,689,322,54,168,614
242,97,181,495,414,8,1668,1317,1293,1027,470
243,1448,181,692,571,1001,24,807,8,37,115
244,99,1661,185,124,312,46,301,1106,1570,1558
245,52,583,904,1633,156,957,580,963,721,1570
246,173,49,209,1488,987,186,131,495,97,214
247,1668,167,1659,221,953,1353,299,478,1570,704
248,1668,55,300,97,287,180,285,181,167,173
249,461,549,86,481,944,78,201,318,291,734
250,1667,49,185,120,1570,181,99,1317,117,193
251,300,1668,181,49,167,495,173,78,120,1516
252,99,236,185,301,1661,1570,1153,49,257,173
253,301,214,185,236,590,152,282,99,184,25
254,48,1317,1241,167,81,1398,1504,1296,526,1544
255,285,254,1152,21,209,1347,1661,1588,106,227
256,131,620,1661,1347,1633,1667,1668,120,495,181
257,46,1661,1463,366,142,1155,322,303,55,1397
258,120,1347,1668,194,49,167,126,173,97,131
259,12,516,49,1347,1635,368,1463,274,1458,332
260,310,116,1421,1152,209,979,1158,250,217,13
261,209,402,194,267,734,79,1633,257,815,446
262,99,236,495,185,173,301,1661,96,1551,1061
263,173,1326,275,249,1488,197,270,167,1668,1573
264,97,565,1072,416,366,1070,243,1668,112,449
265,1551,495,184,1516,132,432,229,167,11,1478
266,120,1668,167,1667,1347,1570,143,181,49,741
267,275,1668,522,249,1488,1573,1538,1625,197,181
268,181,1507,1518,351,1612,147,692,1312,1667,582
269,461,734,1621,125,377,257,957,86,201,447
270,173,236,495,97,309,1627,328,287,214,14
271,181,97,1668,495,236,1667,309,120,741,1573
272,1633,495,181,167,314,1478,132,49,1398,1064
273,99,741,287,1661,1570,322,495,124,268,97
274,49,1570,185,120,193,1463,117,123,99,1421
275,167,1668,173,143,49,1317,68,497,126,1347
276,1668,366,55,287,285,97,725,201,54,131
277,173,495,97,1463,1661,21,1421,180,698,1363
278,587,907,1296,357,315,37,503,785,1271,618
279,725,825,131,1208,870,960,471,1150,46,739
280,299,196,78,602,226,1197,139,1044,322,193
281,1570,704,245,3,480,542,738,268,12,312
282,49,479,8,586,110,1048,602,78,1010,741
283,602,88,99,482,181,287,1312,513,300,171
284,1488,675,78,1570,587,503,795,1661,1625,907
285,615,125,1633,957,461,86,815,1150,1421,246
286,1362,321,309,287,1667,1347,120,704,491,167
287,152,1478,1132,437,100,64,730,549,1012,54
288,185,78,68,1628,497,10,173,120,126,234
289,214,902,173,1463,49,1661,95,866,193,185
290,1421,116,1478,461,1426,495,11,181,120,1159
291,1668,97,78,1667,237,1570,1661,741,55,173
292,1667,495,173,1431,184,741,1299,287,49,1668
293,167,173,49,78,497,143,1668,68,180,1421
294,287,124,217,1661,741,689,209,97,200,116
295,549,1286,1519,306,287,163,97,55,236,741
296,495,1551,404,287,1362,96,1101,55,1516,173
297,495,1463,1421,14,1522,627,345,741,154,1661
298,1633,120,49,495,99,181,131,167,147,301
299,1659,209,285,131,526,1570,200,194,1347,1661
300,1421,1463,250,1285,1522,49,190,185,1477,154
301,461,209,862,194,1596,673,1577,549,615,115
302,1573,1668,1317,275,167,857,364,6,173,181
303,214,1317,49,497,185,173,627,1117,68,10
304,495,131,287,156,179,1633,1507,501,301,99
305,181,300,1668,197,167,131,775,1516,814,173
306,131,892,1570,123,1661,514,45,276,301,1652
307,1347,68,471,1668,143,13,181,1317,1661,689
308,287,704,209,97,366,194,201,231,257,343
309,495,55,1431,689,1115,824,1551,6,741,1519
310,301,1317,1661,627,236,97,99,1570,143,185
311,734,948,446,548,1463,128,1363,402,126,0
312,117,1667,1463,120,256,194,1570,1347,948,1013
313,424,948,280,987,1578,1482,919,1074,194,611
314,181,692,8,54,287,97,115,1668,1448,1507
315,97,1286,1614,835,636,591,696,21,495,520
316,78,437,152,542,312,322,549,602,1064,731
317,6,69,152,78,1456,1046,1478,173,285,14
318,78,54,704,312,209,287,152,549,674,194
319,704,194,120,1570,549,78,674,209,1362,745
320,1398,30,495,1317,1102,6,1133,229,1633,97
321,1667,97,181,741,495,1668,184,282,1137,1635
322,1362,167,173,1668,1667,126,201,309,287,49
323,1347,120,143,68,366,167,227,1661,1558,1397
324,1431,1551,1234,495,49,620,70,668,1507,61
325,751,1551,82,1274,1247,1519,1221,59,1566,322
326,1317,229,1398,1625,1544,1573,414,181,1661,6
327,236,99,404,654,495,173,116,96,11,418
328,741,1668,97,99,8,287,306,54,654,495
329,209,97,268,1661,124,1465,495,285,1635,217
330,1573,93,857,364,1625,315,1413,506,1036,275
331,1570,1508,78,120,1347,647,1210,1659,143,704
332,99,236,299,437,209,602,1421,404,116,327
333,97,1668,1027,8,149,143,1286,1428,474,1659
334,1463,1421,1064,1285,602,300,78,1376,133,731
335,46,276,812,614,1519,738,1240,731,55,542
336,236,257,194,653,366,173,120,97,1488,95
337,287,689,549,282,70,54,1269,217,245,97
338,300,287,495,181,55,741,88,1667,1516,692
339,552,366,78,1519,299,933,1215,859,173,1661
340,1570,322,123,163,70,78,209,3,793,256
341,229,1317,960,68,81,1661,820,1397,1182,956
342,229,1633,1317,1668,402,620,97,173,1347,120
343,49,173,181,300,120,270,1488,190,260,131
344,1668,229,495,96,173,1573,97,8,236,240
345,1002,117,1386,120,49,190,10,234,1463,338
346,1559,647,1487,675,78,674,496,789,1635,572
347,267,116,78,1570,120,86,1421,1426,269,68
348,181,54,1668,837,197,775,1393,1293,870,671
349,495,1661,97,1317,173,1347,131,184,1668,142
350,194,1107,209,1072,366,906,257,21,124,97
351,126,50,402,214,1073,1599,184,152,654,282
352,99,236,1463,185,1201,404,208,69,749,1219
353,1661,471,587,689,8,13,503,754,70,1015
354,97,1661,124,54,1668,526,312,1659,201,12
355,78,1668,474,300,1488,1625,116,68,675,180
356,120,78,1570,143,1668,49,1347,173,167,675
357,1101,495,848,96,1093,1286,1080,305,591,735
358,49,495,209,173,180,143,1463,741,270,97
359,689,287,55,495,1661,184,1418,1516,285,741
360,495,184,96,1431,1661,1551,97,214,173,808
361,437,6,300,1421,1522,1052,78,1213,545,1036
362,955,904,1517,221,1106,954,1466,1014,1077,321
363,54,173,348,814,1488,664,497,614,914,97
364,953,689,1166,285,461,201,282,86,511,269
365,55,689,201,285,312,1570,704,1519,1268,491
366,1347,120,167,1659,143,180,131,221,1508,1570
367,260,1357,185,208,637,1002,107,169,437,173
368,78,116,1463,1570,185,497,1240,1421,404,1628
369,322,549,770,697,318,741,1570,580,824,78
370,78,173,1488,322,1519,497,193,196,520,552
371,1570,194,704,12,968,1635,1347,3,516,120
372,209,200,554,354,602,78,90,814,49,180
373,237,12,877,1412,417,312,601,322,1570,925
374,49,185,1570,301,627,193,1463,497,173,1343
375,55,78,1668,474,6,437,173,97,1488,285
376,131,95,167,173,201,1570,1668,193,49,123
377,1661,173,97,495,6,11,99,1317,1488,229
378,49,495,181,190,173,470,300,97,1627,332
379,549,461,209,285,163,1577,88,55,201,257
380,49,495,190,972,1431,1342,1627,1326,332,110
381,227,181,1347,1284,948,915,745,1304,515,618
382,495,287,1243,1046,190,1516,1463,479,431,88
383,1570,1661,78,193,49,1153,120,194,322,526
384,668,1094,651,1527,1265,479,1326,1612,270,1022
385,120,1661,366,1347,1463,1667,185,1551,99,495
386,167,1347,178,491,55,689,274,1240,1517,1457
387,704,12,1635,312,78,1570,310,124,209,201
388,181,1661,70,49,1317,249,1667,193,1398,1570
389,12,315,627,237,14,193,196,99,1153,1661
390,287,283,251,88,1046,692,1327,1243,156,1064
391,30,1478,495,89,185,190,49,345,154,1173
392,1421,209,49,1515,194,310,116,120,1438,1463
393,173,68,1488,1668,497,49,1661,270,97,180
394,143,1347,49,173,180,167,221,1431,1661,97
395,194,209,78,238,217,1463,1570,322,1594,0
396,173,229,1317,49,167,143,1431,1668,1326,1398
397,14,236,185,495,283,1478,152,345,193,611
398,1488,68,97,54,1661,454,474,240,285,366
399,185,1570,1426,99,312,1421,120,116,315,192
400,236,835,21,97,412,240,791,244,114,1445
401,1661,173,285,97,78,301,201,1317,236,322
402,173,366,257,209,116,1421,236,654,1628,1072
403,1376,185,196,1463,193,426,731,602,1327,1285
404,408,281,407,122,560,740,235,332,1350,63
405,1570,282,267,184,123,1667,524,25,256,734
406,120,1347,143,1668,167,173,180,49,178,221
407,131,54,193,725,471,825,747,46,287,170
408,620,1551,1431,1274,1286,294,954,1101,682,343
409,312,1519,322,152,55,78,542,1046,1478,46
410,131,49,132,167,285,814,209,495,258,88
411,78,1570,1668,120,299,185,1667,173,675,1625
412,495,99,1661,236,173,49,301,627,741,96
413,1668,275,675,1464,1573,1488,1625,181,54,474
414,181,120,1667,474,234,99,1668,49,1002,1488
415,301,236,257,366,1661,285,99,495,173,152
416,366,1668,167,143,97,1347,1072,120,131,181
417,986,299,614,832,1224,294,265,306,1015,404
418,495,99,741,154,1463,49,185,1661,345,627
419,6,1545,495,1516,190,173,300,1463,11,229
420,120,1570,49,1023,194,267,117,234,1002,185
421,1668,167,300,55,285,1577,371,1137,88,230
422,97,1488,1668,654,54,8,173,287,1027,209
423,1661,214,1558,591,808,475,1150,402,184,1217
424,704,478,675,745,1145,1559,1508,647,245,559
425,97,142,367,173,287,214,348,131,1661,520
426,526,131,49,209,193,1210,1212,1661,218,110
427,97,1668,8,143,124,1519,299,545,1659,285
428,1064,300,1002,741,190,602,731,495,1463,437
429,97,545,6,332,14,270,987,495,1304,479
430,366,404,46,185,99,1072,1421,116,1628,112
431,78,704,1519,549,55,491,542,437,1523,152
432,8,495,522,99,275,309,1668,1448,236,287
433,237,417,78,526,647,618,500,601,1210,322
434,1668,1488,167,497,675,1503,143,173,149,300
435,1659,124,312,1570,116,3,1558,339,689,120
436,8,110,235,1168,24,335,470,495,186,471
437,54,152,3,704,236,1570,209,201,1668,413
438,1317,1661,97,240,526,627,471,229,1573,454
439,49,554,602,88,479,814,1270,209,731,110
440,49,236,99,301,185,173,309,209,1661,143
441,1668,167,704,1659,120,143,675,1347,497,1602
442,1421,404,654,116,11,68,1158,494,120,202
443,331,190,49,1463,1117,497,1356,494,895,1421
444,173,1213,1304,1587,1488,260,1336,781,69,611
445,549,78,322,601,12,674,647,152,237,320
446,497,120,167,143,49,492,306,1137,1343,559
447,426,212,1431,1128,981,1553,47,346,659,299
448,287,55,692,1668,97,1418,1667,133,549,247
449,495,209,1463,287,49,741,97,88,1421,194
450,152,497,460,542,1110,383,294,286,738,78
451,189,1551,99,749,562,256,318,714,1215,301
452,1668,675,1503,167,497,143,300,120,181,474
453,14,627,416,99,185,236,12,495,301,369
454,1463,741,49,1570,1661,99,120,287,495,194
455,300,692,549,1658,437,306,88,1141,1577,6
456,120,495,1570,741,49,97,1347,301,143,99
457,181,140,134,1518,1667,351,442,1030,495,1347
458,49,209,1158,883,606,319,214,1463,1254,799
459,692,437,474,115,1668,55,493,287,300,608
460,184,1327,356,282,152,182,47,738,495,96
461,209,97,285,268,152,124,236,257,567,1635
462,306,209,511,294,568,982,1551,1286,163,317
463,1570,99,1661,120,185,1667,173,193,70,236
464,8,97,1668,209,143,353,495,11,49,1101
465,1141,36,416,458,949,1256,999,299,967,1070
466,193,1570,249,185,1661,49,1667,514,1317,680
467,131,495,1398,1661,1317,173,201,97,301,1633
468,173,495,1661,1551,99,70,97,287,1431,11
469,173,6,69,236,97,654,1573,1668,78,96
470,243,148,124,454,112,250,106,75,1607,1152
471,1347,120,303,1240,54,3,1570,116,1027,806
472,185,99,49,637,957,1002,1570,171,731,482
473,173,236,1668,495,97,741,99,306,404,1551
474,270,1376,1284,173,1681,1213,68,249,1304,10
475,185,99,120,301,173,299,221,234,956,1570
476,209,257,1421,116,120,99,11,495,285,366
477,6,30,611,495,69,406,461,1232,1133,1573
478,49,221,167,1343,596,143,543,120,99,236
479,1431,495,1551,173,70,49,741,287,1661,99
480,99,1570,503,1661,322,193,1153,70,123,119
481,193,131,322,1661,1570,49,1463,482,163,602
482,49,191,269,1633,918,99,301,229,1023,1238
483,49,194,1570,163,123,173,78,209,236,175
484,78,6,479,520,90,585,55,1010,1519,1488
485,236,301,495,173,184,1667,214,99,1431,1274
486,1667,179,1112,653,236,1347,120,321,134,1604
487,185,99,236,193,1570,234,1352,194,1628,49
488,366,97,285,116,1668,565,1519,1268,205,55
489,559,151,775,249,471,864,48,1545,1544,656
490,474,99,116,120,1405,437,304,631,602,409
491,181,1347,1362,1361,120,147,1667,246,495,1518
492,674,478,1064,1115,710,1478,204,647,312,57
493,1421,1522,1463,492,545,78,404,1362,1158,49
494,120,185,95,1667,193,1347,1072,376,1570,117
495,300,1052,1141,1226,180,303,602,270,1270,133
496,704,46,88,1148,54,478,674,287,1240,745
497,131,1347,55,287,167,1659,376,1668,651,725
498,71,725,437,131,45,107,362,170,805,1397
499,1668,1347,1659,120,54,1027,181,530,1667,149
500,120,181,49,167,1347,300,1570,143,675,1668
501,120,267,1426,126,1347,143,1317,68,1409,1570
502,229,1453,1625,6,374,315,1317,627,1398,1248
503,12,124,97,322,287,1471,549,741,312,242
504,1463,1421,615,1201,696,173,116,648,125,1158
505,1570,1667,236,120,256,185,194,117,1347,193
506,49,1347,627,194,248,1661,1317,120,117,1591
507,495,1661,131,70,49,1398,1431,287,741,627
508,167,497,332,126,348,173,492,1073,408,371
509,99,185,301,152,236,1570,116,312,404,12
510,654,268,282,54,152,1668,267,201,269,738
511,167,1668,95,309,173,221,131,236,120,646
512,99,116,185,1570,1463,1661,1421,120,741,78
513,285,173,180,1488,1668,167,209,131,143,814
514,689,768,12,312,310,124,3,282,687,1460
515,99,11,1551,495,116,741,96,8,120,339
516,1570,120,194,191,339,141,1111,318,99,653
517,322,200,209,163,354,1519,46,78,704,708
518,549,748,516,281,577,1049,1526,1137,237,1571
519,495,268,404,209,1478,461,257,236,285,328
520,49,497,143,1137,167,332,1343,120,3,704
521,495,1667,287,184,741,1347,1418,309,167,1668
522,1661,627,1317,99,282,68,240,301,232,1217
523,282,184,339,1065,1251,1545,1389,672,654,1217
524,1570,99,193,123,322,275,185,675,268,522
525,173,1573,96,1668,1115,167,495,6,1522,229
526,1570,193,237,927,1625,275,1482,196,469,1010
527,49,173,221,234,10,332,236,497,143,866
528,1661,1570,282,312,54,193,322,3,12,1153
529,209,194,163,257,236,914,549,287,97,27
530,99,404,27,171,437,741,209,53,116,287
531,78,1661,1570,322,1519,741,99,209,116,627
532,99,741,495,236,404,209,1463,49,217,1287
533,180,270,49,1347,176,1421,1363,446,1609,68
534,1217,1661,1150,1558,1347,287,1551,446,184,495
535,49,209,902,131,167,221,258,110,1212,957
536,1573,1516,495,1418,6,89,184,689,1625,96
537,184,214,282,748,1431,1551,152,256,301,492
538,495,268,1046,344,770,322,287,580,741,1177
539,1570,287,49,1667,741,1661,1347,120,88,184
540,285,892,1661,770,714,322,269,697,354,1248
541,495,689,81,1115,1317,1398,627,237,301,132
542,1347,120,1661,181,97,1667,194,117,227,287
543,12,1463,741,319,1635,282,404,124,97,312
544,1421,49,185,116,957,1463,99,11,648,68
545,704,1508,1659,478,76,37,245,745,549,647
546,99,301,236,185,1570,1635,12,8,3,627
547,1570,78,41,194,1069,126,1659,198,647,123
548,301,1570,173,49,152,214,236,1661,201,123
549,120,1002,675,234,1559,1570,1667,745,185,967
550,810,572,254,1069,646,177,222,944,264,150
551,49,120,209,54,99,88,194,1254,191,1570
552,173,306,180,1027,1431,0,49,105,19,126
553,1317,185,236,173,99,301,120,116,229,627
554,1661,68,1217,513,99,232,11,775,1609,1150
555,1668,1667,495,1573,236,173,181,97,741,437
556,1347,120,227,49,117,194,543,1254,1027,181
557,300,88,120,1668,181,1577,287,1667,692,306
558,21,1463,321,712,1225,345,116,1471,1198,142
559,282,1668,267,3,1317,1570,654,301,184,143
560,1290,751,70,19,1141,873,1431,503,55,1295
561,328,1463,186,154,319,1594,495,1551,481,902
562,78,285,152,281,209,1519,167,1635,567,492
563,99,1570,116,78,120,299,304,306,741,771
564,1570,78,689,1668,167,77,497,55,953,1519
565,181,495,96,406,97,820,1667,1299,1573,808
566,1347,227,131,1062,1296,140,380,503,215,526
567,173,1551,591,737,142,960,1431,214,45,1209
568,495,99,741,96,1478,437,8,894,14,236
569,689,426,749,1661,284,1397,96,47,99,68
570,173,1551,88,656,426,287,306,49,317,495
571,99,513,181,495,1393,8,24,775,339,1254
572,495,181,300,1287,1312,692,741,437,190,1064
573,240,1488,288,1135,839,474,1380,314,540,1671
574,178,646,1052,270,143,859,1022,1519,866,384
575,97,1661,322,236,741,1570,124,189,12,301
576,209,404,257,1421,120,194,116,99,49,246
577,185,193,627,1285,216,1570,301,552,1661,146
578,495,236,49,301,99,131,173,185,287,257
579,191,209,269,13,606,3,1505,1425,1577,1270
580,1507,230,1633,287,201,1137,1667,1347,1418,157
581,120,1668,1027,1488,173,229,474,267,70,11
582,1668,97,1633,201,287,1398,1570,689,70,741
583,1570,301,3,276,167,269,123,1661,892,1051
584,97,683,367,636,1112,236,987,21,889,1183
585,54,424,704,914,1425,1415,510,194,806,948
586,68,689,656,1028,426,1051,654,514,293,749
587,461,1421,1426,979,337,1159,132,125,1158,1350
588,196,915,35,81,185,627,1246,14,312,416
589,268,1633,171,118,848,241,692,957,640,1462
590,97,287,495,181,54,1668,1516,1545,8,300
591,1668,1573,229,167,1625,1317,97,406,857,6
592,1362,567,236,281,152,495,1522,404,1635,328
593,97,236,173,1668,120,194,495,741,257,78
594,181,1668,495,1299,1573,300,97,1667,190,1137
595,1421,116,185,68,312,173,78,1463,366,1628
596,99,181,185,240,236,234,1503,1628,8,865
597,97,495,236,209,404,287,268,1661,14,328
598,565,180,116,68,78,294,146,1117,457,303
599,1027,306,654,120,97,1667,267,236,549,194
600,981,1238,1551,1205,1431,1326,1633,353,230,13
601,1661,185,301,193,282,1570,738,369,312,1327
602,282,3,54,1217,532,217,184,687,281,1156
603,1551,749,116,426,229,689,1106,955,1211,59
604,201,152,287,184,1131,231,549,282,1482,580
605,78,116,68,267,300,1421,120,173,11,1668
606,49,1667,131,287,88,120,181,495,1347,167
607,382,936,97,54,1059,502,1269,841,13,979
608,437,602,1198,1478,99,1287,1132,208,404,872
609,495,21,1463,1551,254,552,173,1133,285,808
610,1362,287,723,54,309,1668,1626,704,1347,46
611,116,1421,11,21,68,173,1463,69,6,1661
612,99,495,741,1667,1668,236,173,185,120,287
613,173,68,214,402,1304,126,1317,1551,229,1463
614,495,1667,99,741,287,134,236,181,179,96
615,1661,116,99,11,173,495,1421,285,185,301
616,646,179,1358,111,1274,1112,821,620,529,201
617,78,152,552,236,173,1463,1482,237,428,1456
618,1570,256,194,25,1635,12,647,1412,590,516
619,653,120,1347,194,126,218,402,95,1072,456
620,54,704,309,287,46,88,1327,723,825,530
621,1463,1421,185,68,1285,648,1426,190,491,120
622,99,185,236,495,918,741,1463,154,771,859
623,1661,78,173,97,1317,1668,627,1398,6,495
624,49,209,1347,1661,1551,143,1570,167,180,120
625,268,656,45,132,1028,52,1633,439,963,725
626,306,1002,1462,1478,49,1312,331,559,64,89
627,78,54,168,542,431,549,437,312,614,1425
628,1661,1317,1570,627,301,1347,741,194,49,120
629,366,285,1421,1523,112,312,713,1107,75,78
630,99,450,868,236,268,654,1488,171,257,201
631,49,495,173,972,332,1627,143,14,167,1522
632,1661,78,1317,194,627,1570,1463,987,552,325
633,12,312,282,64,542,1626,738,152,124,1635
634,201,1668,285,1131,461,54,168,672,549,734
635,116,299,180,68,303,78,200,1668,143,1240
636,131,902,1337,637,107,958,721,45,1384,354
637,178,1152,143,1421,154,49,972,466,1285,828
638,578,1336,1295,495,1510,69,1410,6,362,414
639,49,1570,120,143,1317,301,627,267,1347,741
640,300,1347,49,167,181,131,270,88,120,1668
641,454,1661,838,106,1150,99,534,1609,1225,1421
642,131,1347,1317,1570,167,1661,120,201,1667,1668
643,1661,1463,46,217,193,124,322,602,454,12
644,495,741,1137,287,1667,1299,1347,1612,156,181
645,54,654,1668,68,78,97,116,325,1488,285
646,1661,227,1347,21,254,248,627,97,194,209
647,49,627,123,694,1570,869,301,892,845,1591
648,1519,152,312,285,366,12,78,1635,1175,1570
649,49,173,1347,221,120,143,167,1551,495,180
650,55,1046,6,814,602,287,1243,300,131,520
651,181,260,474,120,244,116,1421,446,130,31
652,146,321,137,712,1313,9,646,1397,967,512
653,173,49,972,627,209,859,143,302,332,180
654,689,948,193,1471,1477,1661,357,142,927,1526
655,503,907,514,1661,587,1453,70,1488,1380,119
656,446,1363,569,246,815,260,734,402,914,1012
657,495,181,173,1668,236,14,97,1573,287,78
658,1661,97,1072,142,99,1027,1347,367,741,236
659,49,185,1551,1347,99,221,1463,954,495,1667
660,49,173,1317,301,167,229,495,185,972,214
661,1545,894,480,689,432,659,282,1137,8,3
662,78,0,948,49,190,1463,1545,497,549,6
663,131,1488,1661,1328,503,55,193,602,170,179
664,526,471,1668,48,3,314,1671,1633,285,1317
665,287,184,97,282,1668,1667,54,741,201,1507
666,1488,55,6,1668,97,520,474,1295,173,69
667,180,173,293,11,68,131,1488,120,446,615
668,620,1248,1633,1551,1431,179,689,318,1507,201
669,193,1661,131,1010,70,142,249,526,196,948
670,191,49,470,777,1212,269,1010,627,175,209
671,1633,892,1153,314,526,1398,1661,1531,587,131
672,173,236,367,495,142,805,97,134,1463,69
673,287,704,46,366,97,1519,54,209,549,55
674,1046,495,1516,14,283,602,1327,1243,183,938
675,49,627,1347,209,1661,131,302,173,479,554
676,948,1681,745,424,41,1284,1608,1347,126,1208
677,1667,1570,1347,120,956,179,1412,201,1659,95
678,1659,1668,167,120,55,131,143,704,1347,474
679,49,131,167,1668,88,209,143,110,120,181
680,1463,698,1150,446,569,1373,696,21,615,1336
681,88,49,704,497,549,163,78,1312,1145,209
682,173,49,495,120,1347,1667,1431,131,384,95
683,1661,99,627,495,918,327,185,173,602,1463
684,88,149,110,549,1270,1577,191,54,1222,230
685,549,88,55,287,692,300,156,704,478,1467
686,1570,3,738,282,322,152,78,54,689,12
687,1421,185,107,312,78,1478,1463,14,1522,152
688,267,654,456,839,1628,185,99,514,68,16
689,1635,1175,1522,545,516,205,1190,177,97,572
690,78,1010,49,549,88,497,152,173,201,987
691,1671,470,1023,192,6,331,315,399,865,78
692,54,1224,97,1488,46,326,1110,287,424,914
693,99,120,185,49,236,495,301,11,741,1667
694,88,1312,281,1362,549,368,1137,505,186,287
695,549,287,55,692,741,88,461,608,179,491
696,49,260,554,300,270,302,131,1213,181,479
697,648,579,958,869,302,960,1345,656,185,637
698,689,285,230,54,13,1217,1360,1425,217,1558
699,185,99,301,236,152,1478,1628,173,1421,107
700,236,287,495,97,99,8,1668,173,209,450
701,301,562,214,294,229,236,590,99,419,299
702,78,497,49,1570,1519,3,143,627,152,1508
703,461,481,32,1463,538,125,179,131,525,948
704,209,1414,446,246,163,404,1352,1148,1072,670
705,1463,404,1551,1519,495,319,328,209,1421,257
706,124,327,1015,1216,754,97,618,1448,237,1474
707,1542,167,417,201,366,285,1210,704,1659,1635
708,78,300,190,497,1559,1421,176,675,192,806
709,495,1667,1463,173,741,1516,1661,49,184,287
710,173,1488,591,1551,1101,97,1286,1614,495,287
711,209,1637,1117,310,116,191,454,200,1254,1515
712,49,173,181,260,300,1213,270,190,1488,479
713,220,120,49,3,505,1570,1254,191,194,497
714,167,1522,178,49,1421,611,674,30,300,120
715,495,132,1478,1661,1046,268,957,580,69,1551
716,99,437,474,412,304,741,299,602,116,208
717,116,299,327,1421,890,416,99,1661,1117,1044
718,97,287,231,572,549,1046,237,367,683,708
719,97,287,1659,1668,55,1347,474,549,131,120
720,209,49,163,221,257,1519,704,194,1570,88
721,194,120,1659,209,1668,968,413,97,549,380
722,143,1668,1659,167,71,221,309,1347,366,99
723,738,152,232,64,100,1028,185,282,182,50
724,180,303,1668,55,1240,270,457,285,46,54
725,526,618,747,326,1432,1153,503,237,1218,1482
726,131,95,49,653,120,221,1347,173,1210,143
727,78,236,152,99,322,1570,741,185,312,1668
728,968,1659,413,124,8,1027,1635,339,143,1147
729,236,301,654,173,450,99,184,584,97,1293
730,1046,1295,1269,520,97,236,776,387,1264,372
731,294,306,3,1570,1240,267,152,299,953,920
732,437,692,1328,96,1448,69,495,362,1115,6
733,49,814,173,1463,987,1212,186,69,941,6
734,495,545,1522,14,270,814,167,283,110,309
735,287,88,32,692,131,569,1518,179,362,538
736,478,1668,1667,1305,904,1077,692,480,437,155
737,49,173,167,143,301,1347,221,1317,1570,120
738,738,282,284,12,46,1327,1051,407,460,855
739,116,11,1633,267,1421,285,654,268,120,257
740,236,283,495,173,181,49,14,450,1627,470
741,97,1668,184,236,287,96,495,231,356,173
742,8,287,54,97,741,88,1668,1015,99,495
743,1668,55,97,285,1488,131,173,287,6,520
744,97,1428,20,1286,57,1085,1461,347,1474,237
745,479,270,670,10,78,1304,1213,190,49,173
746,1317,173,1488,1304,348,197,1661,948,131,249
747,167,143,301,120,49,185,1347,249,1668,1570
748,194,49,1570,120,185,123,163,193,99,653
749,68,312,1397,46,602,78,284,1668,1421,437
750,49,495,131,260,173,637,209,602,1627,88
751,270,479,1115,731,1052,551,1226,1064,639,1508
752,1046,362,585,602,1416,196,547,107,1463,708
753,236,107,437,185,495,99,14,1046,193,1327
754,99,495,404,741,96,1661,602,124,410,327
755,1661,45,131,287,725,99,55,1155,46,71
756,120,143,167,49,1347,1668,173,1570,497,221
757,689,143,229,1398,285,1182,1326,148,237,495
758,1421,116,185,1628,107,99,68,366,257,299
759,244,839,1488,1671,78,1023,325,647,831,895
760,185,631,99,299,146,416,1628,494,116,1228
761,55,1052,167,300,1519,90,408,1668,285,270
762,55,503,1328,520,689,1530,90,78,1659,242
763,194,120,236,49,1570,653,117,209,257,185
764,495,287,97,96,741,1286,184,1431,1516,591
765,184,741,1667,287,1347,282,495,1551,120,1570
766,1661,97,741,70,1570,689,287,8,322,124
767,301,236,99,562,96,152,268,404,1558,185
768,78,1570,322,152,293,163,267,1463,0,173
769,97,1668,325,1661,181,120,242,474,227,366
770,554,513,1212,396,1176,957,602,193,865,1150
771,152,1570,185,99,78,120,704,236,542,1002
772,837,249,184,495,287,181,1667,284,1272,134
773,1172,1145,1137,49,256,1343,198,549,1570,415
774,99,236,181,185,437,1012,1667,495,312,356
775,1347,1397,143,960,595,366,95,1661,167,131
776,510,113,496,222,810,1072,1668,1659,194,413
777,646,1467,204,704,478,1659,549,198,55,1508
778,126,49,173,1570,497,78,214,95,152,123
779,185,193,1327,100,99,738,236,14,1463,152
780,1570,1343,639,216,1667,1338,956,824,483,70
781,280,100,1201,1456,114,987,1482,78,152,1373
782,1570,120,267,456,194,123,70,1667,99,734
783,236,287,152,46,173,404,1046,54,1327,309
784,49,185,120,99,221,167,173,1628,234,1570
785,236,301,495,1661,99,185,97,173,1317,1667
786,404,99,46,236,185,1661,723,71,1558,287
787,404,99,495,654,236,96,184,116,741,1551
788,1570,1667,126,120,49,1343,267,277,497,123
789,78,470,209,49,1023,549,497,1671,1508,1577
790,99,185,437,1421,181,107,1503,236,1628,1002
791,49,497,1463,173,1343,731,1431,1526,0,306
792,1421,167,1522,49,1426,120,495,300,190,1064
793,49,181,495,173,1667,300,167,1668,120,88
794,99,1661,483,503,907,587,1397,233,185,522
795,1072,236,173,627,97,143,240,10,1661,99
796,49,167,1078,281,63,301,269,143,497,3
797,185,1661,99,369,193,513,1254,1463,957,482
798,1668,167,287,97,878,495,1633,1137,230,1286
799,78,97,116,236,173,1519,366,1668,285,741
800,312,1426,1421,1570,116,267,78,542,152,185
801,120,194,191,1570,1347,267,653,221,141,123
802,692,1668,6,55,1625,300,1573,285,1418,1464
803,1347,1661,627,49,1152,1285,193,741,143,148
804,503,689,242,587,1527,651,434,55,1347,400
805,49,173,181,249,1293,1347,270,68,1317,167
806,99,185,327,1463,627,49,1477,1661,1421,193
807,99,185,1667,1661,193,184,741,1570,181,287
808,185,99,482,1064,1002,517,171,602,1626,193
809,120,49,1570,209,194,1421,185,267,99,191
810,116,312,1421,1661,78,299,1570,185,322,285
811,1051,497,738,3,310,294,152,460,12,112
812,146,256,126,173,78,1027,120,180,116,1186
813,1668,1570,1659,46,54,3,78,322,312,77
814,626,900,131,107,45,341,669,95,394,236
815,1570,194,185,755,152,117,123,193,282,301
816,120,1668,167,1347,1570,1667,95,143,185,173
817,287,97,46,741,54,1156,70,520,55,28
818,55,689,1463,1661,78,741,1667,180,120,287
819,229,1573,68,364,1317,1668,857,272,173,167
820,173,987,49,1317,1661,131,186,97,495,95
821,1659,131,1668,366,1347,55,474,143,97,180
822,495,97,96,1668,1573,181,741,287,356,236
823,656,1240,293,738,426,269,731,151,514,513
824,1347,1463,146,220,1072,319,1148,988,670,746
825,120,194,267,126,1570,49,117,456,446,1347
826,656,957,49,185,602,171,514,173,1421,293
827,55,692,478,649,549,608,515,1077,1668,287
828,1668,689,55,97,201,287,149,285,1659,131
829,1463,154,261,1551,751,99,741,256,1431,59
830,173,214,1317,126,1304,497,1073,332,97,565
831,120,257,194,95,126,1570,185,446,173,366
832,1347,811,1241,773,367,1667,840,1304,1164,1013
833,497,78,1668,675,49,300,470,332,66,167
834,1488,97,173,1668,402,914,654,236,54,987
835,55,1286,1667,495,646,287,221,1431,741,321
836,236,450,1012,783,257,584,1357,231,120,173
837,173,49,167,209,180,285,143,269,814,470
838,1570,185,282,184,1667,1343,123,126,284,214
839,1551,495,254,1463,1347,1395,741,59,461,1431
840,257,209,163,116,366,1519,200,221,285,78
841,284,1240,723,599,693,46,689,88,656,731
842,120,267,1347,1570,126,221,180,256,402,146
843,437,495,1519,55,99,602,78,299,1115,167
844,461,254,194,120,1347,481,1239,1362,653,525
845,173,1304,180,270,68,1668,565,1052,1488,78
846,892,770,1238,118,354,1633,209,314,302,131
847,55,1519,180,258,457,723,285,1052,243,200
848,116,1661,1570,312,1421,99,1347,185,120,257
849,627,185,1661,193,369,1463,902,49,1421,1477
850,1559,120,1503,497,143,1002,1347,167,704,478
851,1347,270,131,143,227,167,110,1668,72,1659
852,627,1635,12,216,78,315,1285,280,972,516
853,1668,1488,522,1418,1464,620,97,197,173,1661
854,120,1347,131,194,221,287,474,1667,446,55
855,46,404,723,54,287,294,1668,431,55,152
856,868,450,1478,1462,1312,171,1511,169,957,721
857,181,1362,870,548,402,446,1668,97,287,184
858,339,267,461,120,201,968,1668,844,282,1570
859,741,97,1661,1347,627,99,495,143,1570,1027
860,1015,99,1661,240,8,602,327,754,503,865
861,88,54,1240,209,549,163,120,194,1270,704
862,1659,120,366,221,478,1668,675,409,474,646
863,49,497,68,1421,173,78,300,143,180,116
864,1553,723,284,837,1007,559,1626,9,512,656
865,1448,54,692,287,183,807,848,1216,450,1470
866,49,270,131,110,180,300,479,173,1488,302
867,1553,1048,480,812,692,1305,693,1509,1141,8
868,1347,120,1667,221,646,904,956,167,478,1570
869,1668,1573,1317,97,275,181,1398,167,237,143
870,1347,49,1570,3,120,1343,123,277,191,249
871,78,116,1421,312,1515,327,200,1107,1201,322
872,1158,116,404,654,117,339,494,1463,1117,1060
873,495,97,1668,287,181,131,741,8,1661,1573
874,167,1668,1398,1633,49,131,149,1317,143,173
875,495,55,96,741,97,287,1668,6,437,1519
876,236,1488,99,437,1012,1155,179,1131,450,97
877,1046,287,328,495,131,1431,1649,408,362,55
878,97,1668,8,54,287,209,268,366,285,309
879,282,184,1545,1516,1463,1526,820,1661,1667,193
880,46,634,708,1519,520,1463,585,274,142,1681
881,301,49,1661,1570,1347,59,627,214,369,1317
882,120,1347,194,49,117,1570,147,181,227,248
883,287,1101,55,1286,837,54,97,723,1224,1649
884,78,322,173,152,236,1519,1661,99,293,257
885,1488,78,639,55,1197,1328,520,292,479,90
886,125,1463,1421,1426,176,1158,1117,1242,615,1253
887,97,78,741,287,1570,209,49,495,1668,1398
888,49,88,704,1137,545,110,209,167,300,281
889,1667,134,1347,184,495,309,301,1431,236,411
890,285,268,209,97,322,1519,78,287,689,1661
891,99,741,1667,495,236,1570,120,237,97,185
892,78,299,116,143,6,1661,180,627,1668,315
893,97,495,741,287,237,1347,254,1668,1398,1667
894,49,495,99,249,173,88,185,181,131,1661
895,173,626,1115,902,236,131,1264,770,301,858
896,768,339,301,968,1570,1153,12,1635,687,401
897,193,131,95,185,249,170,1570,680,201,1661
898,236,268,201,173,97,152,257,131,963,343
899,1551,214,1463,1431,173,1274,1223,184,495,49
900,627,1068,972,236,301,1102,902,1661,173,1210
901,495,173,972,21,859,1213,143,652,1061,1522
902,495,1522,794,1115,181,1408,132,96,1516,81
903,285,97,1558,229,654,1317,325,240,11,268
904,1570,49,78,267,120,152,123,1463,497,256
905,1478,268,437,692,78,495,1064,807,480,602
906,78,526,209,194,97,200,1661,312,124,285
907,229,173,11,1317,1356,49,1545,267,1463,1023
908,1661,495,627,97,741,49,1347,454,689,287
909,97,1668,173,236,366,55,201,646,1519,237
910,131,446,1150,209,569,287,247,1072,95,1347
911,495,97,761,131,287,1046,526,1080,1252,223
912,173,1488,470,1668,1428,414,229,270,302,97
913,1507,848,687,24,1312,1334,540,186,1465,401
914,339,1545,181,184,775,282,1393,1191,1217,654
915,1668,300,181,1573,495,306,88,1516,173,692
916,268,848,495,240,562,99,877,661,540,96
917,564,990,1596,90,13,121,1527,55,6,180
918,55,142,1661,285,689,173,78,6,1241,565
919,1668,282,1317,1573,1570,249,68,193,97,497
920,269,1421,1591,116,11,1158,1409,214,1117,49
921,49,209,957,554,163,296,615,1421,637,88
922,1570,1668,282,54,78,287,201,88,1661,689
923,49,495,1398,1317,1633,627,972,30,1173,1023
924,78,1570,704,123,1519,1210,201,1069,167,322
925,868,437,1478,99,450,169,181,171,1002,559
926,285,1043,310,1354,312,713,112,1051,363,1558
927,217,287,741,495,1661,689,602,1046,209,322
928,184,214,1431,282,309,495,1551,173,97,281
929,244,116,895,1201,1158,1463,114,771,1511,304
930,1463,431,1421,116,404,1661,1373,99,68,495
931,1661,70,99,1667,620,184,741,1551,236,287
932,97,1667,321,495,287,508,367,646,1362,309
933,1027,988,97,8,746,454,199,353,20,1070
934,21,116,236,78,437,366,944,412,1421,1107
935,131,1661,1488,285,97,55,6,1398,1241,1317
936,1661,627,97,301,1317,772,454,1326,495,240
937,1570,549,245,282,3,25,920,322,1240,152
938,68,1421,116,180,173,366,78,1668,303,285
939,285,78,1523,814,979,1425,209,1668,324,54
940,143,173,1661,301,49,1347,495,167,99,1317
941,495,627,14,49,1661,972,97,369,741,301
942,1284,753,1064,437,745,300,675,66,1421,312
