0,809,150,284,237,649,0,567,434,221,431
1,192,22,10,233,1538,175,522,514,731,602
2,684,57,714,1141,123,238,269,508,174,951
3,172,13,332,274,27,239,70,366,473,478
4,301,52,48,957,497,1072,1342,986,806,257
5,317,175,1538,1026,832,495,1633,602,193,88
6,301,152,1157,1627,1191,339,507,1247,78,1047
7,356,474,217,237,221,195,484,123,207,126
8,595,527,65,356,474,233,78,436,731,287
9,1026,207,483,12,479,514,339,264,356,13
10,301,317,80,70,201,654,508,593,635,1586
11,207,1026,195,526,483,244,21,208,471,339
12,1521,1313,143,1191,1211,168,1577,1133,1399,1440
13,865,891,218,927,507,380,1630,408,1632,1390
14,1538,768,53,540,974,522,97,730,96,146
15,527,22,450,641,78,1549,65,237,287,526
16,167,172,123,297,174,221,1581,527,1339,1563
17,1026,434,483,339,1538,192,602,1369,264,202
18,339,1549,301,52,478,495,215,513,832,1342
19,1224,660,1439,209,585,273,1267,70,124,301
20,450,603,427,1549,339,527,46,69,1538,317
21,441,268,128,1054,1402,54,224,134,133,1336
22,301,1026,247,317,565,274,182,1342,172,483
23,88,202,207,1026,479,133,182,11,192,761
24,301,11,878,209,221,131,264,124,483,526
25,22,78,450,97,731,217,95,356,268,21
26,1339,172,192,483,507,314,160,503,150,76
27,525,123,306,595,174,210,479,49,229,474
28,167,479,1339,57,202,912,175,210,256,332
29,596,478,1546,209,434,123,13,264,1026,339
30,177,527,473,52,1390,461,172,167,482,380
31,221,275,595,227,123,174,356,233,436,199
32,506,332,177,94,1581,49,514,287,172,124
33,654,192,483,1026,88,133,6,761,190,8
34,953,506,94,440,384,888,660,1587,74,360
35,506,1339,12,1390,507,332,57,94,915,384
36,1339,10,306,755,210,525,57,314,1194,1635
37,208,141,1397,272,736,1663,1247,526,440,1197
38,746,927,1390,177,506,474,558,1088,865,166
39,431,288,76,1,653,65,410,272,477,747
40,1339,175,57,167,133,479,210,1630,182,178
41,7,1287,514,252,440,355,0,384,506,953
42,123,124,1402,285,507,195,366,483,1224,1098
43,209,182,332,133,1074,424,761,178,479,854
44,301,99,339,227,78,1546,22,173,334,7
45,70,654,8,761,332,1026,192,202,483,190
46,654,227,1390,88,179,108,19,201,22,332
47,51,596,7,747,248,1149,149,651,209,123
48,1388,52,210,832,427,416,530,1026,339,1630
49,150,474,865,167,472,104,1304,1074,986,649
50,470,301,1565,281,576,227,203,1194,689,1344
51,301,1026,1342,483,207,209,339,497,878,88
52,457,483,173,256,207,339,285,264,123,596
53,761,332,269,185,608,1581,1586,177,268,473
54,217,484,285,1565,518,123,181,356,470,522
55,506,479,301,49,1627,269,1194,595,356,193
56,239,1107,602,424,172,268,1378,434,285,1402
57,146,450,527,199,399,751,13,913,522,134
58,356,267,251,199,595,450,88,339,613,1262
59,301,1390,70,13,746,99,1026,507,317,927
60,1107,208,233,301,299,1242,120,1224,392,0
61,1342,208,193,878,301,300,52,11,1026,526
62,209,1339,878,182,761,593,654,981,8,491
63,366,175,115,285,297,123,795,642,1581,215
64,1581,133,97,514,175,70,202,317,734,115
65,10,74,731,12,595,356,479,1654,1101,78
66,474,1157,700,865,479,475,526,12,49,150
67,123,707,55,285,11,174,471,1479,366,96
68,527,317,482,97,233,167,450,172,175,177
69,182,175,88,202,461,479,317,207,193,1026
70,199,69,11,819,117,134,201,473,22,301
71,457,264,10,12,339,483,82,210,1026,160
72,133,152,175,1538,602,483,641,1339,380,192
73,207,506,356,497,123,55,479,195,422,731
74,761,123,178,57,426,269,185,182,1095,63
75,123,55,926,339,237,174,185,256,422,486
76,602,268,656,133,126,567,239,1538,247,54
77,1586,912,331,97,354,228,734,332,309,1352
78,274,13,473,1026,11,172,1538,175,317,192
79,1546,209,1026,10,434,256,1339,1574,478,65
80,202,912,878,207,11,1026,88,981,96,422
81,317,301,172,175,80,1538,314,97,804,650
82,1129,846,327,514,1016,506,1544,984,355,1136
83,483,1581,1026,70,190,317,207,301,11,684
84,317,431,97,175,461,210,1339,167,68,1390
85,301,152,210,52,174,123,134,613,6,339
86,506,7,301,1581,281,78,173,22,1069,172
87,57,508,70,178,684,209,210,182,1630,332
88,332,306,172,331,70,155,216,512,506,314
89,207,483,1446,1026,457,427,380,244,283,190
90,484,646,22,473,185,316,202,1380,714,654
91,356,207,878,339,1026,11,88,483,193,731
92,209,545,534,202,253,273,70,473,1574,1025
93,11,1026,192,13,339,603,483,654,878,52
94,301,317,376,11,355,193,199,1538,162,80
95,479,81,506,207,113,210,754,436,332,525
96,497,746,269,323,957,1,225,123,221,474
97,507,603,431,809,1677,63,150,514,6,974
98,595,74,128,902,10,1654,479,1101,356,700
99,871,207,244,1633,182,123,215,1581,193,470
100,1194,506,1502,384,1166,94,925,1546,157,301
101,497,507,301,654,190,257,483,221,1439,177
102,912,1479,479,700,297,199,468,301,49,11
103,731,203,119,237,233,217,356,284,484,631
104,483,6,522,507,590,1627,134,192,450,457
105,201,461,654,317,22,202,175,495,301,473
106,199,613,1262,123,227,174,267,54,269,1515
107,70,1026,431,178,427,209,190,422,587,175
108,281,506,467,436,1586,36,309,198,221,172
109,785,819,1446,683,1481,264,958,1373,13,651
110,301,269,1627,281,221,134,522,49,1402,199
111,514,203,731,207,448,173,1446,195,95,1450
112,700,689,332,172,993,1586,211,524,606,424
113,174,1581,123,7,684,175,473,366,99,172
114,1375,126,565,474,470,284,380,1518,408,1393
115,22,268,450,78,479,401,192,1608,10,256
116,473,1565,470,332,565,268,689,1581,281,1586
117,268,192,450,401,49,479,22,1339,474,700
118,27,431,1026,461,13,683,500,653,1581,154
119,1538,96,317,734,1026,483,11,21,97,236
120,1053,123,1194,55,178,381,699,207,731,115
121,13,478,339,99,775,275,199,1026,296,450
122,1026,603,832,175,192,133,641,88,394,878
123,450,1339,306,590,380,470,1627,331,474,1178
124,1129,660,594,136,301,30,377,869,726,1676
125,301,1439,381,714,482,1390,500,1013,203,506
126,506,660,281,1587,436,785,1069,177,1287,232
127,22,186,61,473,459,81,76,30,12,1549
128,182,1538,175,285,123,11,522,248,1298,596
129,506,94,65,81,287,12,595,474,514,479
130,207,192,81,202,1446,1026,88,479,12,332
131,1538,1026,483,613,175,450,192,152,339,603
132,520,854,1107,128,565,894,941,290,1261,1373
133,506,195,1287,660,651,958,1581,196,436,1439
134,22,479,202,192,256,88,1026,167,332,8
135,123,11,478,366,761,285,182,301,209,339
136,506,74,660,177,1587,172,565,149,232,1373
137,301,526,1157,264,483,10,1339,450,527,1549
138,70,478,209,746,483,1339,210,13,264,339
139,202,332,434,654,461,81,8,192,514,70
140,154,273,322,124,332,660,1066,971,506,565
141,912,227,22,175,97,123,199,57,317,314
142,479,207,595,12,78,251,506,95,281,615
143,301,99,7,339,495,1546,1549,1004,596,173
144,894,268,401,465,729,656,68,704,66,650
145,457,1213,1446,229,590,483,819,470,124,168
146,1026,192,317,654,10,70,209,483,301,202
147,301,80,1390,927,593,497,147,746,288,1013
148,133,207,237,213,926,244,1026,483,474,602
149,475,878,233,809,192,312,1107,150,519,731
150,126,196,422,1026,1389,190,67,133,1507,274
151,160,526,1026,1235,650,207,264,12,27,162
152,457,82,590,450,141,12,10,458,1383,192
153,133,175,1630,97,152,184,650,54,193,483
154,88,202,484,217,22,473,268,81,654,233
155,1549,380,22,832,641,450,482,339,683,402
156,483,57,182,1630,175,210,654,178,209,1026
157,209,264,483,602,1026,10,1633,207,301,93
158,10,74,290,953,614,448,160,264,519,360
159,595,450,210,1157,479,256,23,192,12,10
160,227,1191,468,1,199,161,19,693,1125,108
161,384,124,483,596,264,285,506,761,94,1581
162,207,173,285,55,731,1194,123,356,195,168
163,124,483,506,1627,761,303,332,1630,384,63
164,1581,247,198,126,483,473,461,177,190,274
165,660,506,1663,1587,1197,208,150,177,558,12
166,1078,202,627,88,17,12,213,132,1272,1026
167,170,1251,857,271,785,1577,602,688,1581,168
168,473,332,182,177,506,1581,761,514,81,172
169,264,209,12,10,271,545,732,89,93,418
170,10,192,301,314,483,97,22,78,1627,1157
171,264,1587,483,526,193,208,207,1026,301,418
172,209,190,479,133,271,70,182,483,332,264
173,1630,1677,207,251,226,6,5,1026,969,63
174,97,175,731,114,514,203,401,912,95,68
175,474,28,595,356,44,341,233,475,6,1680
176,133,123,474,174,193,237,731,55,97,221
177,301,281,21,233,22,203,731,495,912,193
178,771,595,457,124,1597,1197,384,1479,1562,562
179,273,1015,508,1026,1509,210,1010,819,207,937
180,506,65,94,195,731,631,287,928,958,1440
181,317,97,22,461,912,247,203,201,301,68
182,526,1026,1235,67,207,12,272,958,27,339
183,1026,431,70,461,202,654,500,192,317,422
184,683,202,192,22,473,654,81,1026,13,268
185,12,10,672,739,93,263,448,1239,1383,81
186,1026,93,207,182,202,175,602,565,274,1015
187,483,1026,507,1630,1677,63,207,192,124,70
188,52,1388,482,527,402,68,169,714,162,1372
189,731,193,356,312,287,441,94,735,284,518
190,173,207,483,202,654,22,522,761,192,256
191,209,424,178,24,1399,133,747,497,271,699
192,201,93,175,495,317,1026,1538,207,1369,513
193,10,152,1369,650,326,264,1399,23,602,732
194,356,731,193,203,233,88,217,237,514,497
195,1026,651,339,422,67,13,1235,427,431,683
196,495,203,7,514,1004,232,691,186,1129,1549
197,133,237,731,41,602,497,88,567,268,167
198,133,88,207,602,244,878,1633,193,126,1630
199,78,479,95,309,401,741,97,506,68,1586
200,595,474,1189,457,194,256,287,1670,55,1235
201,553,221,96,21,195,1581,198,1389,497,303
202,360,150,312,133,443,193,474,429,441,475
203,1630,684,6,57,749,1370,193,1101,483,207
204,484,646,232,1378,1577,565,683,509,422,651
205,374,1402,475,1479,41,631,468,1057,223,224
206,1369,509,339,745,209,264,290,1373,10,478
207,481,317,175,271,431,201,427,68,422,1016
208,431,288,747,653,632,0,150,567,1608,167
209,746,97,78,507,287,256,431,731,68,171
210,172,13,447,160,314,331,755,258,70,210
211,987,431,317,1230,540,809,603,889,513,434
212,1026,483,233,192,193,450,356,731,474,12
213,380,483,264,457,1026,507,431,339,474,133
214,1581,684,167,70,190,178,182,514,506,431
215,207,11,96,285,1538,483,55,522,199,1026
216,218,408,1518,1182,474,916,801,360,1663,208
217,470,182,123,522,268,1581,356,473,426,203
218,1538,650,175,152,561,483,64,728,210,160
219,731,514,94,237,506,287,97,631,356,212
220,520,479,565,1565,88,268,207,470,1391,10
221,96,199,522,11,21,518,553,1565,146,217
222,785,1016,650,1084,958,1523,155,676,162,1449
223,958,195,880,683,514,785,330,98,333,1440
224,172,527,97,1581,526,175,450,22,401,13
225,123,134,301,172,285,221,11,366,199,99
226,1026,339,427,1342,603,483,513,317,431,1549
227,734,289,97,133,401,114,402,267,64,207
228,123,1189,174,1298,238,815,1614,486,221,285
229,1026,70,384,540,483,1538,317,514,434,222
230,233,251,356,301,207,626,193,1598,240,303
231,507,927,603,1388,1342,865,1247,301,6,891
232,192,1,22,654,1026,108,161,318,12,81
233,7,175,317,1549,513,1026,1339,70,391,482
234,175,123,97,427,115,422,1538,285,1633,55
235,207,251,213,88,749,675,267,1370,1026,912
236,210,175,215,650,123,7,301,1546,1194,659
237,124,384,172,13,182,506,819,70,11,366
238,500,565,1624,408,62,1198,621,1393,1025,1377
239,202,192,133,213,468,434,631,878,761,8
240,207,1026,195,483,958,339,731,97,526,173
241,332,202,473,177,81,434,506,274,461,477
242,339,1026,483,13,478,264,1547,565,450,208
243,317,1026,192,318,70,1339,603,80,434,214
244,124,506,507,1627,384,299,63,614,483,1197
245,172,165,749,689,606,167,1559,700,175,416
246,317,301,97,267,69,175,80,236,193,21
247,284,399,855,518,1402,614,221,589,474,643
248,1026,207,11,126,192,483,67,133,202,878
249,192,22,401,46,268,450,331,10,32,1026
250,268,641,133,1608,526,401,479,474,237,287
251,123,285,483,761,434,8,192,11,522,1026
252,317,97,514,195,175,1538,301,1581,431,0
253,1581,1577,662,198,1586,556,689,203,470,114
254,595,387,577,1029,1502,1503,307,28,128,1383
255,507,1630,271,355,70,483,124,264,1562,207
256,178,654,123,608,8,761,202,209,1026,434
257,182,1581,602,424,409,330,547,531,216,1523
258,192,10,1339,479,133,483,256,475,239,326
259,1586,331,401,332,1372,1581,68,1450,37,1446
260,1157,258,290,785,172,384,239,264,1627,314
261,1026,483,317,427,339,70,1342,526,69,67
262,123,285,366,699,1194,271,178,215,115,1053
263,565,177,247,1378,567,288,594,21,649,233
264,506,94,124,384,436,596,824,158,595,909
265,602,285,483,123,339,207,1633,1538,522,133
266,1339,192,97,133,483,450,479,175,49,380
267,126,133,175,123,97,134,268,54,167,285
268,339,513,1262,427,1052,500,685,350,1473,832
269,192,150,1026,133,754,479,475,526,483,474
270,168,207,285,123,1633,175,602,1538,339,55
271,450,1538,522,483,301,527,146,1026,193,152
272,192,54,247,332,654,301,317,239,8,524
273,1026,483,126,301,339,67,526,21,1342,13
274,506,177,22,461,0,1608,76,514,747,503
275,479,474,1339,167,123,356,193,49,174,180
276,1026,11,239,285,264,1538,192,483,272,526
277,202,182,175,651,1581,514,641,683,207,642
278,1157,927,987,1196,334,729,679,172,335,447
279,1157,475,192,1339,450,927,1247,239,258,1026
280,332,124,506,182,150,59,971,216,1658,70
281,221,49,167,284,172,1339,1402,524,180,761
282,10,301,479,12,209,1339,179,497,78,256
283,1630,483,1677,133,63,507,269,8,190,6
284,167,94,641,180,65,474,237,171,194,1608
285,1630,507,355,6,1627,684,689,309,289,846
286,854,264,1499,520,409,215,182,479,209,207
287,22,10,93,576,192,495,256,199,302,240
288,993,689,301,1317,424,1194,1627,120,606,74
289,506,0,514,115,434,366,1544,747,534,94
290,210,479,1339,256,1370,317,57,204,306,1390
291,210,339,256,483,1339,479,527,450,123,97
292,175,133,1538,380,641,97,167,603,483,431
293,479,65,474,595,506,167,356,49,88,221
294,70,192,1026,69,317,654,332,108,201,13
295,207,193,133,1633,483,244,470,1389,731,1630
296,434,761,1026,192,202,654,8,182,11,483
297,22,495,175,301,201,317,93,186,10,202
298,1026,483,207,193,11,210,474,356,52,450
299,332,506,70,473,1339,172,754,746,479,1331
300,506,306,479,22,332,179,57,37,78,95
301,88,1586,251,247,479,62,1630,565,267,201
302,97,175,1402,527,167,171,912,285,641,123
303,12,81,186,506,290,565,683,1435,785,272
304,177,473,410,13,654,987,567,478,450,565
305,167,88,473,175,182,202,233,126,749,193
306,177,653,649,567,524,167,431,172,747,1581
307,1342,526,67,527,52,1157,474,595,927,339
308,207,271,264,1509,604,124,1674,1581,457,77
309,301,317,199,69,1026,11,80,339,201,21
310,506,514,94,731,203,741,356,173,233,207
311,461,30,473,1339,569,22,57,12,209,654
312,306,1581,473,22,268,446,331,332,689,179
313,81,1450,1608,1446,12,958,330,1460,331,22
314,878,300,301,88,1026,11,356,654,981,233
315,1026,483,207,1344,1538,93,91,53,766,1010
316,124,506,212,269,123,356,479,1101,507,94
317,1369,339,427,264,10,483,1157,290,301,1546
318,332,12,192,209,483,1446,479,264,506,1
319,479,441,133,971,700,124,474,268,401,525
320,175,162,317,1026,684,380,97,482,461,210
321,339,450,22,832,731,133,237,495,88,78
322,97,175,912,256,123,1339,55,285,133,210
323,301,506,172,746,13,384,99,366,281,1586
324,832,408,1633,247,391,394,1473,500,93,133
325,7,391,355,301,905,1332,1633,806,1577,48
326,527,402,380,482,641,1549,431,167,237,603
327,819,384,1069,366,182,1509,642,1038,207,11
328,123,761,285,522,483,227,185,1581,126,339
329,1026,526,272,21,540,483,154,208,401,27
330,88,251,508,442,207,1,108,240,12,654
331,1157,78,290,450,526,22,281,128,479,74
332,301,1546,272,434,86,1550,366,651,70,381
333,483,1026,1339,13,192,6,380,182,172,133
334,473,479,12,316,207,88,81,1380,1509,565
335,360,208,614,1107,239,519,1142,526,1499,264
336,207,287,283,97,193,749,175,289,229,734
337,654,473,192,1026,6,461,8,88,108,569
338,1026,175,133,479,210,202,317,192,88,70
339,355,650,1562,384,557,514,94,175,1317,124
340,207,1026,202,88,175,479,182,749,81,317
341,527,258,1123,65,1032,210,1248,1312,1061,650
342,301,317,52,80,88,247,878,175,461,654
343,133,1633,1630,190,244,339,1581,126,218,207
344,175,11,207,1026,123,1538,285,217,96,749
345,894,1373,271,128,497,520,123,173,244,133
346,855,735,307,10,233,731,387,192,82,450
347,506,332,177,700,172,281,565,660,233,49
348,1026,67,878,474,273,213,190,483,11,207
349,167,237,641,175,202,431,24,514,133,180
350,483,264,1026,526,431,12,507,1663,208,448
351,168,285,1402,123,185,486,855,596,422,646
352,207,123,285,199,96,819,522,168,11,1354
353,684,654,461,1026,6,190,483,749,182,473
354,483,507,746,70,457,1586,13,207,506,1459
355,1565,470,1410,518,281,96,761,21,565,303
356,332,268,479,202,1581,473,689,506,27,182
357,1026,376,1607,317,1015,513,301,427,69,1547
358,182,202,88,479,175,461,327,514,207,332
359,1026,483,1538,11,192,207,175,339,10,878
360,175,317,1538,641,97,584,202,912,228,162
361,306,22,1565,61,470,819,210,146,10,74
362,537,1499,526,854,196,1174,716,244,856,829
363,474,150,506,94,133,124,287,237,731,212
364,233,1026,192,81,207,88,878,96,202,217
365,210,306,23,479,10,192,1005,835,386,130
366,474,479,167,182,133,49,150,70,172,190
367,1339,57,694,167,409,70,297,314,424,182
368,1581,202,422,734,761,21,506,195,221,281
369,473,93,461,565,654,88,22,408,203,470
370,22,506,301,495,186,78,81,227,12,233
371,240,12,192,450,207,483,590,10,462,1565
372,172,146,301,524,177,233,45,987,274,317
373,168,596,819,1546,1481,457,285,34,1453,766
374,731,514,193,203,94,356,237,506,233,0
375,470,1581,522,193,21,483,217,97,175,146
376,175,650,285,182,602,167,1499,479,97,514
377,1026,654,514,233,317,195,482,683,339,422
378,339,422,69,207,215,175,126,1026,402,526
379,1026,483,237,507,124,474,190,133,11,207
380,68,52,1388,402,482,175,167,54,889,69
381,210,403,587,457,12,160,86,23,77,548
382,192,832,10,513,339,139,602,22,1369,427
383,654,506,173,497,203,514,202,88,483,731
384,1393,13,478,406,713,380,67,473,445,791
385,124,207,483,123,264,271,285,215,457,1630
386,1339,182,1298,1518,1189,51,470,174,380,1192
387,172,700,479,401,306,22,689,281,447,210
388,500,380,747,461,237,167,474,1549,1339,209
389,483,1538,301,507,514,0,360,355,596,448
390,133,889,192,161,54,68,865,202,108,402
391,22,97,495,78,68,889,175,339,482,402
392,846,327,700,506,332,57,479,210,1586,1339
393,133,497,1026,479,878,88,207,70,483,1677
394,247,473,93,565,22,232,203,495,714,461
395,506,81,332,683,1446,12,202,479,271,660
396,175,731,97,641,133,237,150,167,193,1542
397,97,175,514,1538,0,602,317,195,236,495
398,70,1026,332,317,8,1015,212,1265,754,6
399,221,506,49,761,497,301,65,227,434,8
400,301,513,1267,53,427,1369,1344,471,1514,483
401,97,427,483,1538,339,173,1581,602,175,236
402,124,207,221,398,497,356,195,1595,761,96
403,355,1317,124,862,193,689,182,1562,650,606
404,460,394,114,936,529,571,600,100,833,163
405,1446,218,380,677,1424,229,283,507,556,1211
406,193,301,684,317,57,6,1339,1026,1630,507
407,761,506,434,1339,8,227,49,221,123,608
408,48,123,174,57,238,528,51,806,1633,182
409,331,971,457,133,283,441,124,64,287,401
410,301,0,731,203,317,461,495,49,327,497
411,356,233,731,193,301,470,522,203,450,217
412,654,514,202,484,473,608,303,461,1439,1581
413,192,483,450,134,268,1157,133,475,199,331
414,209,878,426,602,237,24,424,0,519,747
415,1026,207,11,317,1538,162,483,557,193,96
416,1499,479,133,526,317,878,182,424,327,207
417,96,734,199,1018,601,181,518,819,217,38
418,461,182,473,175,88,317,654,684,57,167
419,1026,182,70,202,207,483,175,178,13,473
420,1565,168,1453,264,1481,1587,217,181,1049,470
421,1026,13,527,11,274,1163,233,67,273,851
422,483,1026,207,339,123,11,1538,264,507,522
423,207,271,4,106,937,1464,422,209,1374,504
424,700,133,479,441,865,749,1232,49,595,474
425,473,175,202,461,88,167,182,22,714,268
426,331,22,401,332,461,314,177,688,192,268
427,1339,209,1,507,927,12,326,301,264,519
428,522,483,123,227,301,10,173,731,356,192
429,202,422,207,602,1026,69,1378,734,126,402
430,506,384,94,642,436,124,1194,366,285,65
431,731,128,631,290,158,474,237,855,94,356
432,123,707,237,285,522,731,1538,878,96,221
433,272,526,465,151,531,65,330,1499,239,216
434,878,761,221,49,356,123,227,174,468,88
435,13,199,117,819,301,275,1157,172,1459,384
436,288,889,513,1388,1313,169,1342,339,500,553
437,78,785,958,290,128,281,1157,506,1387,894
438,1026,317,192,202,10,70,209,12,318,81
439,6,1588,1101,123,269,57,174,356,470,1370
440,747,209,506,0,424,202,22,461,332,167
441,268,22,192,450,401,565,1391,518,470,10
442,366,436,642,123,761,1171,297,227,248,185
443,203,57,227,356,654,731,88,426,174,497
444,227,185,714,123,136,174,1502,1086,1546,1138
445,173,203,168,1446,470,509,269,522,62,268
446,301,49,193,479,88,356,247,54,470,497
447,522,238,181,654,217,494,303,1277,233,28
448,1538,380,483,152,603,427,175,470,133,602
449,22,247,201,268,401,202,68,688,461,160
450,474,124,475,1603,700,166,622,1413,716,595
451,1674,1509,207,604,324,1581,273,819,1565,418
452,11,878,96,356,88,199,221,981,233,207
453,642,506,785,436,1373,209,194,579,545,925
454,1581,483,207,13,99,1026,123,182,514,264
455,209,654,192,88,1026,565,202,10,627,479
456,483,193,1026,207,470,301,356,175,514,731
457,1026,1342,264,526,52,483,474,1551,208,527
458,506,1194,662,271,57,327,1013,7,135,381
459,339,427,152,483,134,1633,123,513,256,1538
460,1026,339,1342,427,264,209,207,483,215,86
461,475,1157,192,317,272,526,743,1026,290,431
462,193,355,133,1677,470,327,1630,602,1538,483
463,483,1026,70,207,264,507,457,587,13,427
464,301,1026,483,209,11,123,264,8,878,339
465,269,123,468,1194,761,1457,185,1586,1101,659
466,97,175,749,1588,57,1339,912,525,1370,331
467,731,97,237,193,482,527,287,356,267,603
468,1026,202,70,514,88,654,207,317,175,461
469,356,731,233,237,217,94,207,484,203,474
470,1373,660,785,73,1587,545,565,290,520,264
471,565,479,1,332,131,273,290,520,88,1373
472,133,97,68,1402,167,115,422,24,175,268
473,339,123,88,207,173,227,202,602,422,285
474,210,16,479,595,1445,367,207,1516,123,306
475,306,172,297,268,1339,167,285,525,1581,650
476,317,461,526,301,1026,70,327,12,431,0
477,641,651,339,272,1574,1551,422,237,1026,958
478,208,470,360,284,450,203,704,3,953,602
479,1538,483,360,301,380,514,0,208,193,527
480,301,483,514,522,1538,434,596,0,99,507
481,506,332,1581,202,514,330,167,94,268,761
482,177,473,565,1378,1439,714,136,274,723,1138
483,1581,1129,175,683,195,1389,193,207,21,7
484,514,175,203,461,470,380,657,22,451,153
485,339,427,1549,478,513,495,264,1546,215,1026
486,526,1581,650,1562,689,172,160,729,264,283
487,514,434,94,384,506,285,182,0,602,202
488,264,457,124,13,273,1446,483,1026,384,418
489,761,185,123,178,491,57,269,182,227,608
490,1581,470,761,182,123,483,522,285,596,221
491,209,1117,1499,478,24,424,1399,699,1172,339
492,1157,128,1004,301,290,191,326,334,519,78
493,207,356,193,731,479,595,12,251,88,55
494,331,32,268,971,357,41,133,1446,855,470
495,878,300,234,235,981,598,519,921,1006,475
496,424,133,689,993,971,441,1336,327,120,271
497,210,162,52,317,193,450,1015,1630,1388,1290
498,93,819,10,20,201,654,301,565,1344,1565
499,1390,52,473,6,16,13,1388,1196,937,746
500,479,474,1339,483,264,210,380,306,131,457
501,506,1608,194,65,479,595,332,549,287,1409
502,473,461,22,177,1378,565,1077,202,30,274
503,70,332,210,1390,1459,317,746,1586,506,86
504,113,506,675,212,1265,1352,684,63,81,514
505,287,97,95,1581,514,731,506,229,175,173
506,506,12,461,1439,500,514,660,81,0,209
507,653,747,431,167,424,409,1608,1339,1123,160
508,399,474,221,193,284,72,518,174,1507,681
509,124,1587,506,94,384,207,660,193,526,182
510,22,256,81,207,95,479,912,192,202,97
511,134,123,285,199,483,1538,522,1402,11,301
512,506,195,281,287,526,21,1581,958,309,660
513,526,474,67,193,267,65,317,207,133,479
514,506,28,332,13,595,384,81,1373,459,1390
515,422,202,126,1025,88,190,67,1378,473,937
516,360,208,193,697,1566,517,233,284,878,565
517,124,1402,221,285,483,283,123,1581,1336,507
518,590,522,6,483,380,470,1049,507,146,450
519,1538,602,96,175,11,202,21,317,522,115
520,470,518,96,268,443,146,522,1565,133,49
521,602,339,483,10,470,268,22,1633,207,152
522,177,1439,233,473,565,303,660,683,506,28
523,339,937,1373,1586,422,69,1196,666,108,746
524,221,1402,284,124,96,507,312,285,522,133
525,422,339,1026,207,267,195,427,731,889,88
526,527,450,1549,731,237,233,284,203,22,482
527,518,470,1581,281,284,217,1565,399,221,72
528,475,479,12,150,743,133,526,65,1026,700
529,210,317,207,1630,97,1026,95,479,483,256
530,133,327,602,182,88,1630,202,483,470,271
531,193,526,301,287,97,557,450,317,309,483
532,1577,422,1581,244,271,201,509,198,7,142
533,332,506,306,128,1373,179,331,78,22,268
534,1390,927,169,1342,288,1026,317,1439,301,320
535,355,689,846,327,606,198,193,301,1630,317
536,339,199,522,613,1262,123,1538,192,1026,267
537,175,285,207,123,1457,215,642,1354,202,659
538,192,513,317,1026,483,1369,1538,654,603,301
539,210,479,1339,483,1630,256,746,1390,507,54
540,355,193,301,483,152,557,1630,825,489,1627
541,22,1339,1549,527,450,192,461,0,514,482
542,210,1390,479,473,1026,461,746,684,70,13
543,207,731,356,514,237,483,55,173,133,123
544,332,700,506,327,689,846,461,606,177,37
545,506,479,798,1630,846,12,462,741,1370,269
546,233,356,522,654,731,203,878,28,217,303
547,470,953,1587,1565,74,515,1453,489,729,1064
548,285,1402,97,1581,175,123,172,514,94,596
549,506,150,94,514,1011,824,330,177,287,65
550,1565,181,251,688,22,240,243,217,199,450
551,761,209,182,332,70,483,424,202,271,506
552,193,207,749,11,96,474,356,123,6,267
553,514,506,95,203,81,22,731,207,97,217
554,332,654,473,70,209,201,172,177,13,434
555,339,1549,513,450,495,478,168,427,1546,97
556,1499,1026,244,526,209,854,208,300,832,133
557,483,6,507,133,221,49,1581,134,123,470
558,755,314,306,210,229,590,576,1635,152,1213
559,96,199,356,21,221,522,217,233,450,267
560,380,483,1538,1026,470,182,13,193,11,522
561,448,132,1240,602,688,133,1022,327,894,271
562,602,526,208,21,202,565,207,195,495,244
563,506,654,209,473,332,301,232,565,227,1439
564,123,174,356,221,474,957,238,99,761,8
565,13,473,1026,478,181,22,565,819,1025,273
566,380,150,754,431,698,530,891,653,1045,657
567,812,217,238,428,714,174,1129,123,185,436
568,301,175,97,123,317,427,1546,1633,215,1194
569,761,123,297,332,167,525,182,912,178,468
570,182,470,133,1581,193,602,11,88,749,126
571,424,24,1399,115,209,1369,602,868,80,301
572,192,483,602,1538,301,522,450,339,878,10
573,974,203,146,301,227,97,172,238,514,912
574,953,74,1565,470,1587,489,1064,61,360,1636
575,819,124,384,207,483,285,1581,301,1538,11
576,322,172,301,424,314,252,332,987,209,1369
577,506,1589,94,81,514,330,1129,683,270,252
578,366,317,301,274,172,70,642,651,80,1069
579,206,332,1586,266,177,912,895,512,700,723
580,1339,746,409,209,478,1123,258,70,194,167
581,133,731,193,356,474,88,244,865,237,207
582,1026,207,483,190,210,133,1630,427,339,70
583,65,172,506,700,167,194,332,287,221,49
584,25,52,527,1439,927,684,1026,317,169,193
585,506,332,1409,971,479,1,331,269,631,1586
586,207,1459,86,1026,70,422,4,698,622,67
587,10,192,825,290,519,448,980,547,12,743
588,506,65,377,172,1544,459,332,252,177,0
589,1342,134,301,1388,52,174,603,123,193,54
590,1026,654,339,13,192,483,565,473,11,8
591,851,339,595,450,275,199,641,527,22,129
592,819,207,199,1069,69,688,766,201,202,285
593,483,514,1026,285,207,602,202,268,192,173
594,88,356,207,256,192,22,731,1026,339,237
595,207,506,479,731,497,133,124,526,271,195
596,1524,1,233,506,356,1026,595,878,1435,477
597,207,1026,12,483,1630,124,507,264,212,356
598,526,1107,465,208,236,1499,281,602,21,244
599,207,1026,175,69,339,402,162,267,422,97
600,593,80,354,317,199,69,70,795,635,201
601,479,332,506,68,167,172,461,317,746,689
602,507,1339,483,150,431,927,461,133,172,317
603,177,506,477,473,332,895,436,1171,206,231
604,1546,210,13,331,314,97,457,256,123,755
605,317,912,479,11,88,1026,207,212,70,332
606,1026,483,13,192,207,1538,380,11,175,70
607,207,81,1446,1026,12,1235,292,213,627,361
608,133,602,244,132,519,429,401,327,424,567
609,1538,602,514,691,380,175,483,82,360,495
610,1026,207,627,192,273,12,483,1010,1446,243
611,301,507,172,384,146,483,514,317,355,506
612,301,123,175,285,11,1538,172,602,522,182
613,301,209,303,332,384,1339,8,1,761,507
614,175,317,167,1538,495,641,1339,602,22,57
615,483,380,514,507,1026,13,283,474,287,193
616,1445,22,93,306,302,1518,408,489,1383,470
617,1129,81,525,514,506,175,95,306,641,207
618,518,953,217,1453,470,146,1565,735,450,203
619,332,1016,723,177,1593,549,1589,506,473,1084
620,128,441,479,133,971,475,700,290,519,49
621,10,1339,301,731,74,356,49,326,495,519
622,208,203,360,1242,233,495,514,0,1514,71
623,1026,483,301,507,356,192,233,8,1339,878
624,497,123,190,52,301,684,174,221,182,209
625,1538,11,285,96,522,175,1402,199,125,1163
626,239,209,424,975,235,409,1339,332,1499,534
627,264,483,1446,207,506,12,1026,209,271,124
628,301,207,1026,471,495,339,11,317,356,195
629,526,360,1663,1011,547,141,440,1197,208,953
630,88,497,479,133,202,201,207,327,422,356
631,247,301,175,22,153,317,162,495,201,97
632,81,506,683,22,233,1129,28,217,473,514
633,287,506,457,507,123,595,94,746,525,474
634,473,332,202,268,479,182,1378,22,27,512
635,1390,507,332,483,506,479,6,12,1630,746
636,547,1538,1317,424,650,427,1241,687,431,97
637,1627,1630,355,1093,846,152,1317,689,1194,327
638,146,181,238,303,188,1389,176,217,1055,1481
639,1339,10,301,12,0,461,49,507,209,731
640,474,133,150,126,218,865,401,479,473,88
641,676,765,290,1435,1084,112,1157,1499,286,209
642,1339,527,746,194,65,167,171,474,49,287
643,70,507,271,483,746,431,506,1581,461,172
644,1538,175,199,450,339,1026,613,483,46,22
645,207,506,124,457,1446,483,741,95,94,525
646,233,526,731,195,21,208,506,65,514,177
647,247,660,1378,723,198,1624,565,726,68,177
648,301,1157,10,74,264,290,479,1373,526,215
649,193,684,182,301,1581,221,507,355,6,172
650,192,1538,450,96,233,522,22,46,10,518
651,209,1,424,290,519,497,208,272,506,264
652,520,854,534,484,761,894,182,124,1193,941
653,360,193,355,175,526,1142,182,514,1587,650
654,431,1549,380,81,1608,506,410,481,446,1235
655,654,288,318,889,500,608,177,1390,569,714
656,207,422,106,753,734,202,958,1026,4,698
657,97,192,133,483,731,287,479,175,256,10
658,380,731,482,450,241,217,527,233,218,287
659,424,606,115,80,689,24,133,198,301,327
660,495,175,7,203,301,153,461,1581,514,391
661,339,1393,422,402,721,67,1052,937,683,52
662,479,731,356,474,855,595,158,268,207,88
663,1339,172,134,434,314,175,167,97,974,1538
664,192,317,700,475,1026,1339,58,150,479,1290
665,1026,339,192,13,126,202,239,268,67,473
666,207,285,11,123,1026,175,182,202,641,642
667,150,474,133,312,526,182,1339,167,360,754
668,567,175,649,641,167,115,274,602,429,431
669,747,209,0,782,506,500,1439,167,1074,514
670,198,247,281,689,729,401,1016,660,865,172
671,150,474,133,475,865,1,754,1026,507,213
672,202,22,256,422,479,81,339,12,68,201
673,971,268,785,332,401,688,331,689,239,155
674,1633,889,422,528,31,1496,1389,88,654,1667
675,7,1194,1069,366,301,175,1546,804,495,381
676,1157,290,12,595,1341,1339,765,1,264,1231
677,301,172,450,1157,1339,1627,146,527,99,953
678,182,878,233,522,193,146,11,483,470,518
679,167,221,497,878,49,24,237,174,8,180
680,431,632,98,651,202,481,687,1026,641,175
681,1402,268,971,41,912,133,332,331,167,97
682,832,52,54,167,1549,339,194,653,247,22
683,526,172,301,1499,579,650,74,1069,738,264
684,217,238,522,146,176,553,6,470,203,221
685,192,133,1026,317,1290,150,431,1339,214,475
686,332,479,912,506,49,88,700,512,212,497
687,172,167,0,1339,65,177,506,747,461,424
688,506,761,221,146,94,238,177,303,233,601
689,785,1373,819,435,1218,264,10,576,485,437
690,268,202,97,175,331,641,22,422,256,68
691,301,227,78,19,1390,22,741,49,506,203
692,731,96,233,356,553,631,878,237,468,88
693,1581,483,182,514,123,173,761,602,285,506
694,1390,684,6,177,461,1388,749,1370,57,473
695,602,10,659,1457,175,256,285,855,152,306
696,233,878,565,360,1026,182,426,300,192,602
697,258,650,1317,172,694,297,366,1339,862,1499
698,565,247,450,1393,1157,473,1547,886,1378,295
699,115,221,1581,21,497,49,167,198,301,193
700,301,483,339,123,173,236,602,1633,1342,21
701,301,238,221,176,174,702,123,501,806,146
702,22,203,217,495,484,565,233,1565,21,281
703,331,314,192,483,97,256,210,306,22,268
704,971,506,330,757,94,614,1107,332,1544,448
705,193,1224,312,124,1242,526,208,150,327,660
706,273,67,154,565,208,1025,353,854,73,1066
707,172,987,198,734,281,531,21,1402,1031,1490
708,855,468,268,1409,94,506,631,1502,971,128
709,175,461,514,22,81,473,167,192,380,97
710,1026,317,70,11,190,207,1389,213,684,202
711,1224,585,1440,198,497,288,506,553,309,986
712,301,227,356,193,497,123,199,174,96,21
713,506,94,660,158,221,1107,474,497,824,1587
714,641,650,526,268,855,10,1499,97,22,175
715,434,317,192,912,1546,70,65,641,155,202
716,10,12,1,1026,483,731,500,192,356,207
717,301,506,384,1587,1598,356,1038,888,660,124
718,1538,483,1240,289,427,1630,207,64,133,602
719,123,209,434,478,596,761,178,1339,285,8
720,473,177,172,984,22,461,1483,1581,514,1589
721,474,283,133,124,287,483,1581,518,401,207
722,172,301,1339,49,434,424,0,1402,236,110
723,1157,128,676,743,1644,700,465,1499,290,1107
724,761,384,123,285,366,172,314,301,182,332
725,747,409,330,968,1608,431,271,651,1460,424
726,172,650,1016,1031,689,1523,862,1499,531,1581
727,301,483,1627,507,193,1026,356,257,299,49
728,301,1627,322,303,384,1,1373,506,614,1157
729,928,67,474,1025,957,221,436,1171,734,681
730,96,1538,912,584,97,175,98,228,540,217
731,1586,332,281,689,819,912,301,479,124,506
732,427,339,1633,422,513,267,603,1313,1388,528
733,461,233,30,288,102,81,529,22,889,442
734,434,1402,239,1538,285,641,167,172,602,268
735,1538,650,641,483,175,264,23,1499,10,1339
736,478,152,339,134,10,23,1538,483,613,20
737,497,167,49,68,301,479,177,88,506,115
738,576,1069,1373,168,1194,1586,1635,1577,185,1133
739,285,55,207,641,237,123,855,94,1402,731
740,731,97,203,22,95,1538,192,495,175,522
741,339,123,1026,11,427,1546,434,55,199,285
742,301,507,70,483,6,13,1026,11,927,8
743,207,339,1026,67,422,526,483,244,215,427
744,207,982,1630,618,298,835,489,77,1627,673
745,128,1157,290,326,301,468,519,868,227,49
746,1608,237,171,641,410,514,81,1670,167,506
747,123,221,366,167,24,761,49,174,180,497
748,470,327,689,133,602,247,203,1630,1581,688
749,94,971,506,167,150,312,824,631,65,124
750,301,80,57,317,1677,806,327,1194,355,152
751,473,182,491,30,700,663,57,539,332,88
752,228,70,734,1352,317,155,354,422,202,912
753,207,12,1026,627,475,479,483,192,457,526
754,124,384,483,182,1038,285,819,366,1538,1581
755,1157,301,208,1342,807,272,339,450,527,526
756,301,49,123,221,172,479,131,746,483,193
757,123,210,194,746,479,57,178,1339,366,215
758,506,94,1581,332,785,281,971,172,1402,124
759,251,553,1389,298,240,309,281,267,198,188
760,912,468,113,327,332,761,601,96,269,1586
761,527,450,1538,641,522,851,97,731,96,399
762,1026,70,190,13,11,483,6,684,754,67
763,506,95,514,175,684,97,210,461,1581,317
764,339,1026,878,654,192,832,603,52,513,889
765,209,70,123,210,178,746,761,8,478,332
766,483,461,317,192,507,6,172,1630,1026,1390
767,1538,175,97,483,317,285,226,1026,96,207
768,401,68,402,268,22,97,247,202,88,865
769,13,1026,67,154,70,27,272,274,273,422
770,209,70,24,593,317,424,86,318,239,80
771,290,12,301,1,10,565,120,479,1157,240
772,889,167,175,461,656,68,581,317,473,54
773,799,203,573,529,153,1086,470,88,30,57
774,1026,207,202,192,209,1574,339,81,12,264
775,301,1194,1339,209,491,10,57,123,227,314
776,1339,448,12,507,150,0,519,825,10,360
777,441,74,1339,1232,729,1627,152,470,306,1245
778,236,526,194,281,65,506,465,293,272,958
779,0,608,607,747,434,509,724,943,868,1099
780,470,203,22,656,473,1581,380,153,217,72
781,63,213,70,212,940,1224,585,124,506,434
782,497,506,167,177,608,24,654,88,761,227
783,483,1581,470,474,126,514,237,264,356,565
784,1581,689,1402,68,281,236,1586,97,115,194
785,207,215,271,175,526,293,479,55,422,123
786,1499,70,271,264,424,732,1026,547,1369,483
787,209,1509,1026,819,182,207,264,70,1069,384
788,957,339,595,179,123,356,256,128,1262,174
789,146,192,314,233,590,450,1339,6,522,10
790,1499,290,526,465,732,272,650,519,10,602
791,22,306,268,175,97,331,95,525,473,912
792,479,210,317,1339,1390,746,167,70,332,256
793,527,450,339,175,52,1549,174,603,97,482
794,1157,301,450,54,49,334,1342,257,475,339
795,506,436,195,1069,1587,1224,660,207,471,356
796,301,115,227,806,172,14,1581,80,366,221
797,424,1544,747,1435,519,448,534,235,209,0
798,267,97,96,133,401,268,21,731,54,78
799,506,514,173,483,1581,271,203,497,264,195
800,332,971,506,65,1409,479,700,172,27,216
801,177,247,281,700,506,128,37,49,332,558
802,192,268,245,202,239,256,339,199,133,551
803,301,172,1581,49,1339,209,182,506,689,99
804,380,408,891,6,1566,229,470,684,52,1182
805,1499,194,65,526,220,479,1608,424,650,167
806,654,63,506,301,461,57,10,12,314,448
807,256,1,12,209,10,479,1546,339,227,1194
808,468,133,1677,933,212,63,424,327,475,497
809,506,209,332,301,479,12,271,290,424,461
810,172,27,700,124,332,526,479,287,193,70
811,506,332,172,94,700,65,177,1589,409,824
812,1581,1402,168,123,398,60,734,285,283,894
813,193,450,210,741,287,251,207,1215,6,309
814,431,1402,507,514,434,1098,237,94,195,724
815,506,124,1586,207,271,1446,660,1581,1265,1509
816,689,172,479,1581,401,133,526,182,167,268
817,497,178,761,123,24,209,608,654,221,506
818,123,761,182,124,221,474,190,11,483,356
819,207,1026,595,251,199,11,1459,81,339,457
820,175,207,1026,317,162,97,514,526,214,202
821,172,198,1581,206,301,281,1378,366,918,236
822,339,427,1026,1546,483,175,215,207,1538,478
823,210,12,479,332,1390,1459,306,506,386,746
824,384,209,785,1373,506,271,1509,545,264,534
825,565,1157,301,131,247,479,281,1373,332,1586
826,167,268,1378,202,497,761,631,1608,221,24
827,306,551,650,988,1119,155,1123,160,331,268
828,175,1538,483,1026,193,11,602,522,641,207
829,1586,1194,201,327,301,57,912,606,317,227
830,57,175,514,193,1136,355,123,1101,684,246
831,506,12,94,207,264,526,479,1587,514,124
832,52,122,474,1189,231,406,380,1245,595,1045
833,123,1402,285,269,221,173,227,1581,356,96
834,88,108,422,201,202,161,339,1026,288,207
835,182,659,175,57,123,301,1194,227,10,88
836,244,1342,208,1026,526,142,196,133,431,1242
837,88,202,167,22,461,317,479,192,49,24
838,67,1402,526,734,196,172,1423,126,1581,698
839,1026,210,207,483,339,12,52,301,1630,264
840,124,182,207,11,483,193,1026,273,1565,384
841,474,595,479,1608,194,1393,865,67,126,1025
842,689,1630,182,700,479,332,470,473,1586,716
843,301,1339,10,483,1677,507,314,317,1627,0
844,155,331,1352,431,804,97,175,581,216,314
845,595,186,1025,356,12,500,474,744,231,233
846,553,198,309,1389,301,193,281,177,741,865
847,322,1581,154,303,274,198,565,654,1378,177
848,332,506,172,27,70,479,526,65,202,317
849,1016,252,1084,660,1544,172,281,1523,317,1287
850,57,1339,193,210,1598,525,174,1101,479,49
851,172,236,301,465,526,317,424,689,746,653
852,76,233,450,22,192,81,482,459,45,527
853,193,527,474,1026,175,380,603,52,450,25
854,470,483,1565,152,126,207,133,1633,1630,602
855,384,124,483,207,264,285,457,10,123,468
856,237,133,602,567,284,426,731,115,126,484
857,22,81,192,1026,473,683,202,13,181,69
858,88,233,878,479,356,207,240,193,251,12
859,527,167,123,221,366,174,172,180,65,1025
860,684,317,514,461,177,57,97,167,80,507
861,133,1630,483,332,479,6,190,749,1026,1370
862,1402,1378,268,285,734,642,531,202,1107,602
863,123,301,221,497,506,761,49,8,422,746
864,1117,123,1281,699,957,1223,638,1116,878,1225
865,247,654,886,108,621,201,1230,565,637,889
866,133,88,461,479,182,190,126,473,167,150
867,426,1566,22,450,613,203,565,247,878,54
868,478,527,1402,239,1538,134,653,851,526,258
869,641,194,167,65,1123,171,1670,1189,175,409
870,527,474,595,72,436,221,681,232,284,287
871,506,785,94,1502,468,1197,384,1409,971,601
872,207,333,193,731,1587,355,557,506,846,301
873,167,175,97,54,237,22,317,49,133,126
874,339,256,450,22,267,210,78,483,192,613
875,123,70,366,172,317,175,301,285,8,13
876,527,1339,927,746,506,1549,1390,7,65,1439
877,1369,427,688,469,69,1546,551,201,317,1538
878,207,199,285,96,483,11,734,1402,123,124
879,123,57,256,1630,210,269,525,331,479,55
880,182,659,10,470,306,202,602,88,93,1101
881,1581,175,461,514,479,271,506,689,167,182
882,746,927,431,891,13,1088,70,653,698,1390
883,123,133,190,1677,707,427,422,267,1633,1630
884,94,514,506,195,65,1224,124,287,233,601
885,974,434,503,1339,94,614,192,233,0,809
886,30,1077,377,177,254,459,45,76,914,1439
887,514,97,483,1026,175,192,233,522,22,1538
888,526,1581,483,1423,264,689,401,283,172,126
889,175,123,51,641,167,215,115,174,1549,178
890,1026,207,192,483,13,11,317,233,1481,81
891,301,654,88,473,227,356,209,479,123,182
892,22,175,514,10,172,1339,0,97,314,306
893,1026,483,192,210,264,70,10,1339,13,12
894,167,24,133,202,68,497,422,88,479,54
895,175,650,495,301,149,1113,1160,1538,0,641
896,506,330,94,409,81,1446,287,1608,216,150
897,1,331,410,192,1390,256,78,19,307,1673
898,208,21,567,602,495,1242,198,1538,683,236
899,123,182,285,761,470,484,1457,356,221,185
900,1663,1011,660,1523,355,252,953,448,1332,1587
901,182,596,175,514,7,248,384,1026,209,483
902,450,1549,339,22,478,527,192,13,1547,186
903,202,207,958,81,422,1026,683,651,642,195
904,12,10,450,192,479,22,731,356,483,78
905,192,97,401,317,431,483,1026,133,434,236
906,12,192,81,506,10,514,76,483,1026,94
907,207,683,1026,195,422,442,88,202,81,436
908,1026,207,12,483,264,514,10,495,93,356
909,97,287,7,195,1549,175,514,526,1160,527
910,70,115,1499,424,274,366,24,795,1109,1342
911,1026,317,162,169,427,69,513,207,70,13
912,133,193,1633,1507,528,731,123,871,55,1021
913,483,207,380,507,514,457,156,1215,1446,731
914,199,96,267,450,339,471,1026,251,207,21
915,1026,192,878,202,11,8,434,237,126,339
916,457,1026,339,483,86,507,207,264,1,587
917,1026,89,233,273,182,878,1180,1524,627,209
918,1026,81,207,1446,13,457,1235,1073,70,506
919,479,595,306,210,22,256,1373,78,12,194
920,846,1332,301,327,1013,606,355,381,309,1175
921,1581,567,649,274,461,198,524,602,177,401
922,474,479,133,210,131,88,332,194,126,12
923,461,22,482,177,97,68,401,317,473,175
924,401,268,177,218,474,281,865,1608,283,28
925,285,123,1402,761,221,237,731,96,133,227
926,1011,287,172,506,700,526,557,447,1663,65
927,461,500,1390,1372,473,431,177,380,653,76
928,55,133,123,175,285,304,88,202,659,207
929,1565,93,565,470,473,1481,181,22,45,247
930,1026,209,483,264,70,207,654,384,202,271
931,182,1026,175,483,7,654,339,1633,1581,13
932,271,264,133,409,483,602,207,285,1499,1630
933,301,317,80,1196,1342,52,1390,320,635,1586
934,506,207,958,1446,81,195,361,785,124,12
935,698,70,210,1026,431,754,1390,927,317,1235
936,182,1538,175,1339,434,11,301,0,514,57
937,283,401,1423,1581,689,97,447,268,1402,729
938,207,1026,483,479,124,27,273,81,202,332
939,264,12,1026,483,208,207,10,526,89,273
940,123,434,366,1546,227,285,596,1339,1194,761
941,526,650,1499,172,301,22,272,317,74,1157
942,1157,771,595,1499,435,441,1317,290,128,618
