0,18,598,407,446,434,510,275,1274,213,431
1,479,529,18,513,525,431,495,844,1342,366
2,235,123,249,343,656,515,1120,248,937,1409
3,156,59,384,1431,581,526,113,55,247,419
4,519,613,689,246,174,302,493,635,671,57
5,749,1342,58,918,473,527,22,123,946,479
6,656,123,58,1372,1010,1427,671,314,788,654
7,18,510,479,407,493,434,500,1464,464,506
8,513,1152,1342,525,1612,528,431,501,98,18
9,184,123,18,513,312,366,202,478,1342,654
10,22,156,630,695,241,704,366,641,484,1308
11,526,128,196,47,59,54,21,161,151,514
12,1015,464,51,992,1135,1405,213,25,598,653
13,1038,577,1034,834,1419,1046,315,472,381,1342
14,122,154,286,1118,844,464,767,115,479,1569
15,1612,587,1342,431,850,463,18,631,419,482
16,477,1642,90,1464,891,630,1419,18,854,1204
17,136,202,1480,284,698,1342,419,310,132,99
18,47,434,1015,510,446,704,18,97,149,426
19,1118,353,27,1580,651,666,954,284,464,263
20,478,856,240,429,92,207,63,292,12,37
21,1008,199,37,999,63,678,315,1421,12,493
22,263,510,434,202,519,353,167,477,1015,464
23,1342,630,18,513,734,13,602,291,598,346
24,519,128,598,49,273,630,1342,477,434,510
25,18,312,513,204,53,169,525,1612,366,181
26,202,477,366,519,587,708,750,128,550,1057
27,227,18,204,528,525,446,345,88,407,27
28,630,1342,47,513,446,303,136,18,128,419
29,156,419,1342,1575,315,1190,142,587,581,630
30,315,149,1666,630,528,678,446,108,501,704
31,204,18,519,477,457,90,301,513,79,446
32,384,641,528,326,47,651,465,446,519,175
33,598,1034,1046,55,803,434,407,275,529,353
34,878,656,1431,202,132,1388,1168,890,850,447
35,331,926,327,1342,824,162,537,656,755,1427
36,18,1612,187,312,1431,478,431,458,248,155
37,651,826,1149,47,389,1136,1074,384,997,557
38,519,273,90,477,528,943,525,271,767,1152
39,92,47,689,1136,651,465,514,249,648,1309
40,477,746,1419,461,247,1015,128,648,695,57
41,169,199,852,856,173,603,1312,464,1552,1136
42,852,161,844,54,1274,484,681,124,407,519
43,269,231,1011,198,519,749,199,123,343,1015
44,431,630,513,598,501,18,1342,53,366,803
45,416,189,519,128,2,992,598,273,392,315
46,1190,314,275,1034,58,134,656,595,284,1342
47,417,302,496,246,631,596,599,1340,497,1011
48,1034,548,380,696,889,530,648,848,726,577
49,543,528,606,1392,90,89,164,82,446,601
50,465,442,269,325,264,519,48,27,514,483
51,528,82,384,210,288,446,844,513,525,315
52,169,1612,587,18,366,53,484,850,1057,30
53,156,119,59,349,883,1419,761,224,590,273
54,878,18,269,178,53,646,749,68,525,927
55,155,392,269,18,27,55,1372,332,173,199
56,477,156,273,172,204,175,519,119,276,590
57,477,519,204,90,493,84,1193,302,1548,1204
58,734,155,501,606,269,58,168,318,630,95
59,1308,863,315,704,734,314,1372,1011,224,156
60,1118,1015,442,51,346,122,1332,598,83,895
61,47,510,446,648,1464,92,63,208,1015,477
62,446,656,477,1279,1204,447,204,211,318,168
63,18,204,477,1642,749,482,878,630,22,1342
64,1342,154,476,731,66,207,94,484,198,1499
65,1073,68,269,173,196,82,198,185,156,482
66,641,59,60,156,224,172,41,525,528,384
67,844,462,525,1569,595,927,607,216,284,264
68,525,513,384,641,472,630,315,658,297,190
69,264,477,514,526,247,63,465,483,284,215
70,630,598,695,314,1227,346,58,4,793,146
71,484,281,4,300,184,491,421,54,856,419
72,749,178,222,18,918,22,58,149,97,695
73,156,198,269,1190,271,590,18,196,482,497
74,528,342,34,601,1204,275,284,844,446,581
75,1342,18,1190,207,1642,1464,595,653,1612,431
76,123,205,749,408,231,157,92,187,57,192
77,419,67,1342,670,156,1612,587,660,64,755
78,548,315,156,247,398,380,32,304,426,196
79,526,477,514,202,310,355,925,406,115,132
80,224,156,501,1308,630,318,1227,695,401,734
81,1015,128,329,1359,335,1342,398,263,1529,1205
82,1580,407,603,1552,734,169,859,122,852,53
83,528,519,434,844,530,264,210,513,154,97
84,1342,22,704,315,678,356,630,149,67,1073
85,247,581,384,156,446,803,284,55,1204,1575
86,755,173,169,1308,1612,1011,1342,1073,482,639
87,224,156,59,1419,1308,1264,752,1188,863,761
88,224,41,151,128,477,156,189,519,175,505
89,1010,123,134,240,654,184,829,530,749,673
90,494,1393,1011,27,82,734,501,1013,1332,269
91,446,211,18,447,55,656,88,155,514,346
92,519,631,302,297,264,125,479,477,273,417
93,630,695,32,22,149,1575,156,315,419,426
94,477,174,519,198,769,128,57,246,125,657
95,1342,346,258,71,132,419,878,4,798,1612
96,704,678,37,1309,675,1136,213,863,528,1308
97,603,284,329,86,1342,1038,431,1034,356,381
98,269,92,1190,48,1535,580,326,198,192,63
99,132,202,436,479,54,1342,1205,305,577,890
100,198,199,325,1136,169,1015,856,483,603,657
101,1015,284,198,483,82,269,442,565,196,1136
102,477,264,446,90,1204,204,271,469,525,1279
103,506,631,297,431,18,479,122,595,451,171
104,273,18,519,525,446,528,513,98,315,204
105,284,154,530,1342,595,82,210,527,1010,422
106,442,58,656,211,473,192,318,48,749,595
107,704,1342,318,630,128,477,136,678,22,446
108,528,902,1152,734,886,624,543,501,605,800
109,852,66,468,154,82,1260,210,528,819,1424
110,598,301,865,519,202,224,128,457,314,1274
111,749,878,122,4,185,514,214,240,53,82
112,119,1612,138,431,531,852,684,1152,529,1073
113,197,431,18,749,1190,703,193,1340,442,1642
114,165,447,289,498,630,1666,1038,695,780,959
115,63,18,856,292,525,478,37,475,1008,12
116,202,301,1015,598,18,477,331,519,630,695
117,18,500,639,204,57,47,41,695,1011,22
118,128,202,366,1342,519,708,301,132,303,136
119,519,273,513,528,18,401,446,124,416,886
120,595,193,431,724,1190,284,96,479,329,18
121,695,581,630,1419,165,598,498,156,249,1358
122,58,1038,419,134,749,1342,478,8,241,136
123,18,661,301,92,76,2,493,865,202,155
124,520,230,460,232,227,1053,1136,173,1225,464
125,192,381,217,1038,764,735,1516,723,472,247
126,902,1152,528,360,138,501,777,1455,639,734
127,557,1279,156,526,296,1561,128,241,310,1063
128,1279,136,204,146,630,598,366,1168,222,1642
129,755,856,82,1011,651,1431,494,478,460,233
130,156,529,386,850,53,513,314,517,310,1342
131,749,58,149,18,178,134,97,473,1190,315
132,431,528,18,275,66,1073,606,595,171,192
133,651,415,465,199,484,856,1136,47,514,698
134,1190,18,477,198,204,366,514,156,1612,419
135,513,47,18,446,275,653,97,630,210,115
136,902,878,639,447,289,1431,342,23,60,27
137,514,317,198,18,483,749,63,494,97,88
138,477,204,1190,590,519,202,581,90,1168,326
139,128,156,527,419,22,484,241,366,1342,315
140,465,135,224,519,689,553,325,128,471,489
141,630,18,204,501,525,1642,22,513,206,1612
142,639,755,777,331,501,27,734,360,332,176
143,284,142,1015,497,1342,82,196,494,173,1073
144,603,523,780,86,463,31,719,587,735,521
145,749,58,18,178,222,331,301,269,474,244
146,156,1342,315,13,1308,196,527,1360,314,142
147,891,543,145,718,630,1022,1419,605,675,1304
148,479,603,587,386,1034,184,484,18,310,381
149,446,71,1392,606,339,447,155,543,211,90
150,142,284,1015,1359,136,652,247,510,1464,329
151,484,398,344,603,1360,1046,628,54,557,704
152,519,475,94,671,135,189,199,202,292,1447
153,92,749,1190,58,126,198,155,653,18,478
154,315,22,548,32,156,419,241,1279,8,1575
155,284,431,1011,356,381,86,603,1190,193,134
156,1342,92,1034,284,1038,653,577,1015,856,1539
157,315,284,135,1011,1575,483,198,304,82,55
158,1580,736,443,750,1080,403,366,1367,1569,122
159,780,381,1190,1038,587,46,419,184,463,86
160,66,552,529,513,525,347,121,115,606,559
161,1431,366,581,202,529,184,326,454,284,85
162,66,431,1342,154,529,1073,53,18,173,1190
163,598,331,366,146,519,301,51,202,314,224
164,407,1046,1015,263,464,11,202,284,434,177
165,1013,1011,751,27,736,1332,1393,1580,750,430
166,284,1618,442,161,764,1034,530,1589,481,715
167,1130,169,130,1580,1342,407,479,30,344,464
168,264,82,519,525,366,581,641,528,202,462
169,366,53,878,214,513,850,683,355,549,202
170,18,431,1190,173,30,53,49,519,1342,529
171,214,240,147,53,1393,366,527,749,169,30
172,1015,284,202,656,237,55,483,180,128,314
173,115,355,683,19,1160,770,47,530,878,311
174,169,53,68,603,878,160,872,749,185,214
175,12,446,207,1190,98,66,55,37,528,273
176,18,41,477,155,446,345,746,1548,60,301
177,169,264,500,603,878,477,175,185,1359,465
178,224,647,1029,392,902,1152,883,513,996,9
179,656,863,1308,704,537,675,58,318,498,1015
180,292,1448,494,666,169,528,264,242,68,519
181,1342,229,595,122,160,650,734,154,1073,503
182,47,115,513,698,659,37,870,1160,355,186
183,315,156,1575,384,419,704,47,630,22,190
184,156,1046,484,603,419,1034,184,315,587,344
185,1010,355,240,1580,985,123,1426,856,878,673
186,18,122,301,204,519,275,479,525,749,97
187,656,154,314,1010,121,355,1372,132,828,66
188,205,968,1038,764,284,1589,442,530,656,645
189,18,525,878,513,466,122,519,407,345,767
190,1190,54,476,202,273,519,479,366,198,210
191,689,315,135,92,548,32,326,577,249,237
192,603,527,1046,1061,156,419,1010,856,284,850
193,749,198,48,514,58,442,1190,18,649,92
194,284,1038,192,356,1034,1342,1431,134,526,478
195,94,678,63,207,315,548,475,108,273,196
196,173,494,856,68,1117,1011,284,198,520,82
197,749,595,122,185,18,422,97,210,435,606
198,178,749,386,314,22,149,58,695,315,726
199,288,95,734,528,82,1308,501,755,460,233
200,18,525,37,181,446,513,98,1190,478,876
201,407,529,381,1421,1046,521,506,603,1172,86
202,1421,217,844,460,529,288,86,291,530,192
203,1010,13,726,216,427,1261,80,656,132,134
204,156,196,526,224,128,59,154,683,752,1188
205,477,1057,1447,1612,406,79,301,564,22,870
206,156,484,210,1260,315,513,856,70,37,1360
207,1136,1027,484,156,53,169,603,1011,196,398
208,577,526,284,1038,557,477,145,302,411,309
209,529,37,525,381,1612,513,273,484,1008,156
210,156,484,603,856,169,1011,344,70,1235,419
211,1205,54,344,658,942,273,1499,1342,484,840
212,528,37,513,384,315,525,529,446,156,863
213,237,135,284,465,55,553,689,251,325,819
214,284,431,123,275,66,207,122,464,565,653
215,1190,55,269,198,48,161,548,189,92,12
216,208,248,47,395,355,530,688,665,1111,341
217,434,598,97,217,1015,55,18,237,426,178
218,92,202,689,1466,484,151,1034,1539,184,380
219,526,264,54,477,681,210,154,525,514,271
220,4,331,656,155,447,58,314,202,46,71
221,392,18,2,214,48,647,189,646,1118,176
222,157,417,451,160,61,357,158,1342,1612,767
223,852,154,1118,603,1136,890,1061,1552,856,1342
224,603,407,18,169,431,53,1612,587,126,484
225,519,146,477,204,613,18,1168,1190,590,1642
226,47,88,599,240,384,446,704,288,654,82
227,156,22,67,386,79,53,241,894,170,484
228,208,47,1160,913,1541,228,434,519,396,41
229,1342,115,310,59,1073,513,156,142,767,683
230,465,224,434,528,656,519,27,135,483,886
231,55,315,1034,577,314,284,1190,840,1046,1038
232,1308,501,704,630,315,863,528,156,288,734
233,22,704,599,695,1210,350,749,398,379,527
234,1342,1038,1015,461,1409,1419,284,205,426,548
235,1342,13,314,989,346,154,472,476,491,832
236,198,1190,749,22,169,1342,587,477,204,30
237,519,513,366,1152,18,303,684,204,902,332
238,601,645,32,1435,803,1148,284,341,304,543
239,1447,749,189,54,475,519,301,477,202,79
240,1342,18,513,126,156,431,1073,310,1642,346
241,519,477,557,128,273,125,406,681,264,254
242,527,128,398,1046,156,315,1342,577,484,557
243,315,678,863,37,704,149,1560,304,528,897
244,852,844,529,119,528,1152,407,1172,890,297
245,1548,22,522,695,712,493,865,500,479,301
246,156,185,384,513,434,82,315,501,422,190
247,204,18,477,90,519,525,1548,292,301,1625
248,155,32,446,41,217,156,55,315,656,513
249,22,315,386,30,156,53,484,314,527,366
250,18,431,478,1190,1612,356,494,207,446,186
251,656,1190,8,477,548,526,581,446,55,271
252,529,82,1010,460,852,210,856,844,154,123
253,1118,1073,1342,984,284,1015,520,875,173,142
254,446,1448,18,494,345,155,292,606,815,90
255,47,484,557,698,41,128,1130,420,54,175
256,828,548,273,477,658,656,492,315,519,8
257,603,550,526,878,202,890,683,677,355,415
258,196,198,92,161,63,192,12,126,653,526
259,92,375,218,648,187,689,1539,465,514,280
260,4,158,656,248,355,61,755,1010,187,147
261,318,656,288,863,1308,47,82,886,704,121
262,122,749,1342,479,476,519,595,154,123,302
263,631,417,57,264,749,657,477,123,133,479
264,850,573,1108,484,1181,1496,550,189,1468,772
265,1342,477,136,22,419,1575,426,527,749,587
266,18,32,149,22,315,695,41,630,749,513
267,477,18,749,57,92,493,519,246,514,1464
268,1034,1466,1190,45,1237,1435,577,1056,381,548
269,115,641,865,132,513,301,355,13,607,525
270,1342,53,18,749,214,169,482,22,1642,185
271,92,198,749,1190,199,689,18,856,269,484
272,315,704,678,548,22,519,94,273,1464,635
273,1342,128,477,519,132,273,590,271,492,136
274,82,581,1011,173,269,180,284,264,497,528
275,18,1190,63,477,749,92,494,269,198,510
276,513,475,18,525,310,446,292,115,10,681
277,47,18,513,1342,214,477,650,169,88,312
278,130,967,790,845,1193,982,687,1367,338,1189
279,641,627,654,1039,13,355,513,288,528,656
280,671,656,202,519,355,147,94,942,828,926
281,264,477,631,302,519,63,749,57,204,657
282,1015,1342,1308,1419,630,315,426,55,59,156
283,1342,314,577,1034,472,656,1190,315,132,55
284,132,18,1342,477,519,631,479,688,248,202
285,231,396,918,1418,530,1010,656,749,764,926
286,202,514,248,355,526,477,878,284,465,530
287,529,603,86,178,559,381,735,1034,1595,927
288,465,689,202,750,519,564,246,942,128,708
289,82,736,462,368,528,1112,1437,232,219,852
290,630,641,1342,525,513,13,241,22,419,587
291,18,202,312,514,749,478,133,477,654,204
292,749,18,356,603,192,178,193,86,473,1190
293,477,18,204,525,264,90,519,271,172,446
294,630,241,695,128,156,1342,598,1308,303,761
295,407,18,603,431,1569,1595,479,268,529,329
296,1034,284,446,275,55,202,1190,656,98,8
297,198,156,1011,1308,196,856,169,315,1015,657
298,630,446,695,528,318,47,510,891,598,434
299,501,641,695,630,331,902,457,168,598,224
300,199,326,529,856,484,270,587,91,409,1612
301,529,188,381,326,269,32,641,270,320,23
302,18,63,1190,477,494,207,68,478,749,595
303,1011,639,173,169,27,856,734,233,501,199
304,22,695,204,630,174,315,477,658,25,667
305,115,1342,241,13,513,630,472,426,22,318
306,22,695,704,417,57,630,493,149,130,412
307,1666,704,1308,315,187,149,630,47,32,298
308,639,1011,47,598,434,651,1015,384,251,224
309,132,656,427,115,202,216,530,13,519,355
310,528,82,734,886,66,501,288,494,98,27
311,368,284,1417,1177,736,543,431,232,496,353
312,86,780,1038,1190,603,788,850,723,92,856
313,850,484,344,925,573,670,419,1077,708,258
314,47,704,22,659,698,630,513,303,484,779
315,1118,527,284,329,154,1480,464,693,579,436
316,519,128,1560,1360,1308,315,704,147,124,54
317,527,4,366,925,419,657,147,1010,281,184
318,656,1015,926,1419,327,180,196,442,461,59
319,199,231,155,92,187,1136,63,289,269,565
320,32,749,156,67,419,315,22,1339,548,526
321,1190,198,86,381,1011,603,92,749,356,193
322,1190,156,18,381,525,98,207,431,1612,53
323,156,224,269,656,590,581,271,196,59,1264
324,22,387,695,386,630,25,16,1190,315,527
325,122,845,123,130,538,519,732,1367,343,231
326,478,348,123,134,1038,61,288,207,508,233
327,284,1118,366,82,736,154,495,53,353,1010
328,598,18,431,1190,513,51,314,119,53,55
329,59,47,156,513,1342,115,128,384,1560,1308
330,115,530,355,41,217,1160,61,47,481,746
331,269,639,1011,1308,155,233,494,82,108,948
332,1342,154,1118,1015,214,650,734,21,346,392
333,202,47,18,434,208,301,477,514,749,88
334,202,1010,656,355,4,688,123,132,627,985
335,384,500,1011,304,471,434,899,407,397,156
336,47,18,513,214,446,514,21,88,186,78
337,630,241,1342,695,386,13,527,314,22,419
338,695,630,22,149,241,32,1666,749,47,704
339,603,550,169,557,526,1359,878,890,54,1077
340,513,156,59,529,525,217,337,60,641,865
341,419,657,586,406,73,1075,22,654,1492,1408
342,595,510,630,543,171,291,1642,891,275,1575
343,749,123,80,202,479,631,654,292,284,267
344,284,483,477,198,510,264,18,749,315,1575
345,269,48,198,671,92,1190,327,173,590,749
346,559,529,62,178,392,865,18,1008,1612,381
347,528,82,343,1011,264,471,460,519,641,27
348,47,863,704,1209,1308,565,37,446,121,1309
349,92,1190,1100,284,780,587,411,18,856,603
350,199,1580,1130,135,1046,1136,147,698,54,565
351,431,1342,18,214,1131,186,1612,43,734,513
352,18,749,53,214,475,169,519,513,204,200
353,577,284,136,553,263,315,1046,1034,1464,1015
354,47,128,434,1308,384,59,228,41,172,156
355,534,613,269,9,224,606,671,519,865,1101
356,1342,132,513,581,172,128,271,366,156,684
357,553,689,819,284,913,577,1120,123,202,389
358,519,477,204,1190,198,174,49,11,173,18
359,749,18,58,178,97,318,513,210,53,1190
360,18,749,419,204,603,856,1279,599,587,411
361,168,525,216,607,18,641,513,443,204,342
362,479,631,477,202,519,1199,686,80,301,1367
363,224,513,176,156,878,598,175,366,434,10
364,80,749,264,188,631,641,204,135,202,292
365,641,202,342,558,314,656,366,177,270,581
366,342,641,23,525,500,217,447,927,384,204
367,188,381,320,270,264,529,32,471,315,325
368,264,477,82,63,519,526,631,202,312,271
369,695,598,803,793,1332,366,630,156,1227,736
370,214,647,513,734,525,53,98,18,68,1393
371,501,528,82,734,513,525,156,288,1308,755
372,844,434,1421,500,641,1560,1580,172,519,695
373,1612,1131,850,303,1281,310,258,214,176,313
374,122,18,123,631,749,292,53,27,173,430
375,434,519,18,301,202,97,598,749,204,695
376,525,192,171,1073,271,18,63,185,160,477
377,284,82,1342,315,210,8,1575,656,207,595
378,1015,1342,92,653,461,1409,426,473,356,656
379,1034,284,115,161,275,210,47,698,1046,446
380,1015,284,205,543,986,497,510,1019,948,1342
381,123,208,249,47,281,656,41,135,32,389
382,386,156,241,484,398,513,178,32,67,261
383,154,355,513,528,288,115,47,132,852,210
384,1100,43,136,1191,648,498,1460,1038,1026,411
385,202,123,355,317,147,656,749,240,514,565
386,1394,411,284,302,204,323,1190,343,930,164
387,231,639,514,878,415,169,228,27,484,465
388,1038,587,1034,631,479,1190,478,780,123,381
389,1342,464,1015,1118,154,65,21,1022,284,684
390,178,386,559,548,484,918,749,865,380,381
391,603,86,356,157,526,780,192,205,1038,1342
392,926,1308,755,156,172,327,537,1360,231,224
393,284,384,651,526,59,856,247,1431,82,156
394,1015,1342,442,749,426,683,346,473,291,461
395,1011,1312,639,199,176,138,169,27,173,321
396,18,22,749,149,204,63,1190,181,1464,1011
397,169,749,508,63,154,210,856,185,767,18
398,656,828,94,528,98,654,355,996,886,519
399,156,366,641,204,513,525,169,53,1011,175
400,1010,284,1118,819,811,1603,724,452,527,736
401,513,18,525,47,169,1612,484,63,273,190
402,519,1118,21,128,83,214,878,872,318,650
403,557,47,651,128,698,526,477,59,684,420
404,229,393,158,1342,1282,160,767,157,832,405
405,1034,687,1010,577,1038,314,197,1287,529,688
406,264,477,514,749,530,63,247,18,526,500
407,477,1361,519,47,420,60,874,546,446,128
408,598,630,695,1011,1212,714,335,501,471,224
409,22,130,484,301,169,1130,366,303,128,424
410,1342,658,529,315,1073,479,13,119,595,431
411,18,525,446,528,204,88,513,431,342,271
412,284,1342,142,581,156,803,1575,527,495,427
413,477,446,18,273,47,63,90,519,204,88
414,1015,196,442,161,426,548,192,461,237,97
415,185,228,434,695,1360,22,704,1560,519,169
416,318,1360,231,147,749,210,121,108,863,288
417,204,1169,525,513,466,228,1625,878,641,41
418,479,1342,631,587,918,749,22,54,477,169
419,419,527,241,281,202,4,654,240,656,47
420,1287,598,51,662,431,734,18,43,66,1372
421,446,155,88,217,447,269,32,18,474,927
422,513,434,18,525,384,156,386,53,97,210
423,986,527,1308,512,608,1252,734,1393,1334,419
424,606,865,1588,960,493,46,289,392,457,155
425,386,599,240,659,484,603,479,18,214,1342
426,656,420,47,59,249,248,902,128,651,1431
427,47,355,415,76,677,1160,301,115,214,1309
428,749,1190,198,18,477,519,48,92,202,58
429,603,198,749,484,856,918,169,429,240,184
430,590,926,128,1342,1118,327,526,142,271,477
431,156,649,196,529,178,872,1108,513,1073,192
432,510,1015,434,598,136,426,477,695,318,427
433,1152,859,1105,513,852,337,169,485,1312,407
434,477,204,90,854,264,457,172,57,247,41
435,59,47,651,384,224,228,902,446,434,156
436,678,1499,1342,121,704,537,408,1427,658,315
437,199,198,169,856,484,671,147,53,173,184
438,1342,82,543,501,630,513,95,605,734,356
439,1145,1560,1042,641,865,844,115,528,1548,315
440,1015,315,174,704,11,1011,59,484,175,131
441,269,63,528,494,606,446,155,82,233,18
442,477,590,1168,271,581,264,156,90,1264,204
443,749,202,519,631,58,264,442,198,477,656
444,588,606,66,875,18,71,552,882,1271,1131
445,53,529,386,178,749,788,314,86,30,865
446,290,32,927,156,1011,606,342,269,168,86
447,431,1642,204,1437,18,631,1340,543,411,599
448,662,251,1015,240,1202,434,598,353,216,530
449,704,123,1015,147,281,231,484,1308,1360,4
450,465,809,204,1169,342,839,750,175,397,166
451,1580,878,750,366,202,1080,736,443,673,331
452,1190,446,90,477,18,204,269,271,525,55
453,128,926,708,984,7,514,309,550,1015,1222
454,53,366,18,598,431,173,1190,1011,51,1342
455,704,678,58,315,630,318,863,149,656,121
456,749,1015,123,198,565,483,97,317,530,656
457,47,698,1548,208,115,411,1580,500,1160,711
458,639,59,228,1110,156,384,651,224,434,379
459,1034,211,115,161,743,446,1287,55,58,656
460,519,689,202,331,57,231,656,749,635,22
461,852,872,844,224,519,185,434,1274,681,264
462,1359,603,161,407,434,1015,500,1274,490,464
463,513,1342,526,132,47,115,479,484,18,525
464,247,465,477,264,47,483,384,510,325,204
465,749,331,290,750,202,1321,812,269,4,639
466,630,602,446,513,149,704,18,662,695,501
467,18,37,678,63,704,131,479,152,207,297
468,1342,630,527,136,1575,142,427,695,495,13
469,156,32,894,67,82,315,529,1073,581,314
470,1118,1015,1022,141,1136,984,537,230,1312,917
471,656,630,605,1358,1308,501,360,695,891,447
472,18,477,192,1342,97,126,271,1190,653,211
473,18,749,214,1342,97,1015,58,442,53,21
474,61,801,115,160,192,503,767,157,347,968
475,529,1190,54,204,169,198,519,18,484,273
476,315,156,1308,1560,384,641,59,581,528,172
477,1034,508,207,37,12,475,570,1097,292,310
478,1015,464,442,1136,530,1464,1359,97,161,483
479,427,132,353,275,1342,202,13,274,284,479
480,407,434,1580,384,528,844,304,513,598,641
481,526,1431,926,156,656,1342,327,180,581,850
482,528,501,122,886,543,734,525,82,220,227
483,1580,407,18,169,47,513,434,1342,1612,227
484,130,1580,202,802,1130,1367,730,1160,519,698
485,18,1279,595,525,284,513,431,607,216,82
486,392,213,1274,1294,76,484,199,407,661,37
487,734,173,528,852,1011,51,671,537,471,1393
488,1010,123,202,240,135,355,465,343,654,311
489,22,165,174,25,16,769,695,162,537,1419
490,1034,202,92,161,1187,698,743,677,490,355
491,214,18,58,514,292,240,519,302,317,475
492,198,169,199,564,325,689,749,1266,657,465
493,18,698,519,1057,27,477,312,173,292,202
494,529,387,1027,863,1559,865,535,552,606,86
495,1168,709,1419,656,447,477,1075,247,1388,262
496,865,457,392,60,590,1419,1612,46,477,170
497,695,639,4,331,32,749,22,1666,630,231
498,519,79,416,147,476,331,128,1342,301,214
499,1666,641,695,32,630,457,746,606,315,1392
500,315,55,217,155,149,746,1666,37,187,446
501,158,61,248,755,218,902,688,1192,138,155
502,723,284,431,411,1437,1342,1038,924,132,107
503,513,366,641,598,434,301,1580,147,202,529
504,1010,529,925,852,1647,856,736,54,890,1580
505,603,1612,856,169,587,484,18,126,430,463
506,288,82,460,528,1308,755,384,734,123,1010
507,315,856,1011,304,1235,85,30,587,188,471
508,506,407,500,1421,471,107,603,521,1011,1276
509,465,850,430,169,366,117,156,198,325,175
510,18,513,204,53,525,1190,176,1612,178,156
511,196,97,156,161,269,55,82,284,483,315
512,27,514,1015,483,198,1136,878,494,173,465
513,446,318,528,88,519,47,477,271,513,384
514,27,777,18,734,639,360,155,501,227,528
515,519,477,246,125,302,1015,128,57,895,988
516,528,886,66,996,468,275,971,852,529,844
517,529,407,844,598,760,884,1046,513,381,86
518,86,927,381,529,735,1595,1010,535,178,23
519,128,557,708,396,54,151,202,1323,156,366
520,606,18,60,477,155,746,289,865,211,192
521,92,1015,198,461,749,284,269,1190,1409,483
522,1580,803,1010,1342,1038,605,581,132,353,1431
523,366,4,1227,53,1393,331,647,147,474,419
524,506,431,276,18,192,407,529,525,381,624
525,18,477,204,519,1342,479,132,1057,273,302
526,1011,1046,407,603,431,1513,464,598,251,105
527,442,519,402,613,325,342,1535,569,477,264
528,392,2,1308,176,1612,484,175,224,124,59
529,1010,184,366,30,54,281,85,484,147,156
530,1015,603,577,649,198,442,184,202,430,1118
531,1580,407,513,434,384,525,641,169,228,70
532,1015,1342,169,1118,128,464,1136,1612,603,984
533,656,581,641,32,326,1431,926,1419,82,156
534,156,419,249,581,370,165,1011,174,32,1419
535,122,537,519,1342,895,229,954,1380,405,650
536,1190,749,58,18,1279,1394,1575,204,179,136
537,749,603,18,198,169,240,53,1015,214,514
538,484,22,1360,315,54,30,1130,704,398,344
539,18,1011,1342,1190,478,366,356,123,133,198
540,1580,1367,130,169,30,1130,750,631,1421,231
541,419,1575,156,1342,1190,1011,82,356,497,284
542,630,598,1342,314,695,602,1015,13,704,513
543,169,53,18,1612,1342,214,603,173,198,30
544,1419,119,276,1172,1073,926,506,59,1421,172
545,865,598,734,662,863,291,217,886,1372,606
546,18,242,519,431,122,528,671,173,27,475
547,661,213,18,1383,407,1100,176,662,289,316
548,18,204,513,477,525,169,519,175,156,301
549,519,954,202,671,242,51,477,132,301,1535
550,269,311,1372,819,491,1021,514,494,135,92
551,284,1073,156,1342,1015,180,142,346,119,196
552,18,683,630,115,878,513,695,598,291,1015
553,122,27,878,82,734,650,154,528,214,288
554,156,1342,142,419,581,1308,128,527,1022,630
555,477,631,18,1190,587,204,856,526,264,202
556,764,1015,284,1038,205,248,442,688,1431,577
557,18,1190,1015,1642,284,431,1342,1612,198,497
558,270,419,366,184,281,713,30,641,454,587
559,1190,18,446,55,606,269,155,510,58,211
560,598,662,18,341,711,695,407,268,434,500
561,188,529,462,1552,243,435,884,1027,918,86
562,603,856,156,484,529,86,184,1011,315,1235
563,122,53,27,366,30,430,1580,519,123,529
564,204,18,474,525,630,501,366,168,513,443
565,204,630,1642,798,156,136,18,1279,1575,598
566,37,1034,32,47,1046,304,1402,384,315,1666
567,1342,479,703,428,431,1282,631,18,595,197
568,198,749,169,603,918,856,156,483,196,1190
569,658,519,202,366,204,1279,132,1390,1342,13
570,18,749,479,519,695,222,477,22,1642,301
571,678,1342,1499,476,398,315,22,548,207,731
572,284,1015,55,198,1034,156,92,1190,461,196
573,396,844,115,519,1145,434,1204,865,1036,1560
574,519,749,202,199,80,92,689,292,1199,429
575,18,176,434,513,169,301,53,204,1580,878
576,119,852,1046,284,529,1015,1073,844,54,263
577,878,514,415,27,1535,666,214,138,1612,519
578,264,315,384,82,156,273,297,477,188,844
579,315,1308,32,156,894,501,630,863,660,789
580,630,1666,149,746,446,704,648,47,71,249
581,749,662,123,1015,695,134,530,18,97,155
582,184,426,32,315,749,55,149,156,126,22
583,519,138,528,173,417,1448,273,227,63,90
584,630,704,47,241,1580,792,557,130,779,695
585,1431,59,902,1412,138,161,326,420,392,339
586,1612,587,419,513,366,169,798,204,156,1281
587,926,1419,1396,54,577,834,128,151,1323,894
588,519,1400,130,943,125,755,228,147,546,331
589,695,598,630,434,1520,398,136,22,426,1359
590,315,284,527,8,1575,1342,419,548,704,198
591,1190,18,477,446,204,207,494,63,273,879
592,749,683,878,918,872,396,185,514,21,128
593,202,514,18,301,519,749,47,317,240,477
594,525,32,315,641,472,381,548,13,513,595
595,175,392,198,852,199,224,484,54,156,671
596,154,355,1342,132,115,832,503,890,160,1010
597,852,513,224,1118,434,27,683,384,872,483
598,852,651,465,224,384,138,528,902,176,325
599,1015,598,603,126,1539,1209,683,86,1100,653
600,695,630,22,149,510,704,136,1464,315,335
601,755,156,68,497,160,639,1342,1612,82,1308
602,1342,346,630,546,241,71,142,128,318,13
603,755,377,639,777,1011,360,537,306,1612,518
604,53,1342,630,214,527,386,1612,51,30,18
605,528,525,641,513,501,529,82,108,315,755
606,630,695,366,18,13,1575,749,22,53,598
607,4,61,931,137,355,656,491,986,205,311
608,484,310,47,698,380,573,1447,324,189,344
609,530,603,749,191,508,829,348,157,115,192
610,132,656,355,115,202,1342,686,13,427,503
611,355,656,47,202,530,123,115,1010,132,526
612,18,284,510,431,1015,407,11,193,49,263
613,519,302,277,477,326,942,790,273,90,305
614,603,1464,431,1190,1437,1642,18,193,356,587
615,1580,366,513,384,434,641,169,519,30,844
616,4,730,639,240,1417,868,812,331,231,662
617,603,53,169,156,18,1612,356,878,501,1073
618,213,407,1383,902,1152,954,624,886,27,662
619,1312,59,485,739,384,651,460,1110,138,852
620,1190,198,92,51,48,269,174,590,1015,1612
621,519,204,477,202,18,631,264,656,867,302
622,284,603,1437,1015,263,856,596,247,587,581
623,446,18,88,82,318,513,271,528,47,63
624,55,1190,446,18,447,314,497,271,1015,510
625,477,557,438,1057,479,310,406,631,1204,204
626,290,1221,168,216,878,749,1332,1286,222,316
627,513,484,47,59,156,651,184,677,224,647
628,734,1342,66,1308,678,528,537,95,704,886
629,1431,852,902,651,59,528,339,529,1152,98
630,477,18,189,590,202,1612,301,99,1190,198
631,519,657,631,749,122,123,302,671,264,231
632,605,543,1342,232,1580,431,755,1417,460,777
633,156,314,224,366,9,641,1190,558,598,270
634,477,128,202,136,151,99,419,519,22,656
635,598,641,342,777,1011,630,501,204,558,447
636,519,1359,557,1130,325,562,263,1205,844,125
637,198,231,331,671,199,92,169,564,327,482
638,695,501,630,435,291,803,598,1387,1379,891
639,528,501,525,704,18,513,1011,345,734,288
640,58,149,478,1034,704,155,1666,548,207,446
641,1022,537,942,128,1308,141,1304,917,1361,1396
642,631,478,187,1190,856,1011,1666,587,123,315
643,156,752,641,803,1308,581,59,224,384,366
644,22,749,149,704,1011,181,630,350,695,599
645,513,41,301,18,178,446,155,865,202,314
646,1308,704,47,497,82,95,446,318,494,755
647,1417,1580,639,122,399,1421,417,537,722,1367
648,1612,878,169,482,850,514,214,755,312,68
649,695,315,1015,264,434,510,57,32,153,343
650,202,479,627,366,1057,519,607,1291,80,513
651,519,656,353,1128,302,128,954,202,343,828
652,48,51,954,202,519,656,1021,211,448,1118
653,442,1015,122,284,325,1418,123,530,1118,1136
654,419,667,704,368,660,897,1358,543,779,298
655,631,587,1342,22,1038,658,894,454,162,1049
656,318,546,514,71,656,211,491,61,477,58
657,18,1612,484,126,513,1190,477,475,525,301
658,856,1046,47,37,484,603,651,1136,186,704
659,477,1342,57,631,22,587,479,246,426,509
660,284,82,497,18,215,282,171,530,227,1015
661,1046,704,484,37,748,344,698,324,587,30
662,18,1612,176,178,53,204,525,169,1190,175
663,18,630,22,386,1190,1342,479,431,204,513
664,528,641,863,315,525,1560,1308,501,513,883
665,704,630,22,47,315,149,281,695,1308,484
666,1279,513,53,386,366,527,18,749,285,525
667,641,596,477,366,500,204,202,1580,132,587
668,1342,749,18,22,214,1642,479,659,527,1055
669,464,1580,130,603,1342,407,451,232,30,587
670,651,739,1312,59,1110,417,979,47,1133,639
671,135,270,558,315,519,641,471,689,224,9
672,1342,514,419,8,656,7,476,749,657,214
673,176,392,224,198,169,53,1612,401,156,173
674,398,659,47,464,508,15,575,557,479,652
675,125,246,128,477,1342,938,708,136,926,519
676,92,564,689,202,218,198,199,671,326,465
677,18,477,1612,204,1548,303,60,254,513,301
678,519,844,301,18,529,525,607,641,204,202
679,446,318,510,528,271,315,477,273,47,630
680,984,527,1118,708,196,1342,649,526,128,398
681,1008,37,63,384,392,124,59,161,528,199
682,1038,1015,92,289,192,1034,426,134,55,1190
683,1118,1015,1580,122,1342,464,284,154,495,353
684,47,417,698,446,345,1548,150,37,115,508
685,695,47,149,704,434,746,630,426,217,865
686,587,526,312,529,300,484,184,454,1342,202
687,47,557,128,698,54,651,420,484,526,202
688,519,613,138,954,477,664,895,51,246,174
689,311,514,819,135,240,199,565,465,73,654
690,156,315,484,37,761,1190,196,273,1073,198
691,577,300,1342,656,926,327,132,202,894,1010
692,37,1034,420,324,658,876,273,1008,326,298
693,82,528,1011,501,422,1575,173,315,494,156
694,695,630,241,793,1666,711,13,1038,498,427
695,749,240,178,429,58,491,918,18,214,514
696,247,59,1419,526,1359,1034,557,581,284,1431
697,246,477,302,519,204,264,596,631,125,417
698,47,384,651,59,446,434,128,420,217,803
699,631,264,173,82,657,185,68,477,595,171
700,284,1015,161,1342,196,180,142,426,483,653
701,284,431,1437,464,510,1642,497,531,891,1015
702,407,603,169,430,18,500,466,434,53,878
703,156,315,1575,1190,789,512,53,581,30,419
704,890,59,752,902,1264,1419,852,1022,917,926
705,264,325,465,596,1437,471,856,1400,169,460
706,47,145,453,384,1128,135,704,259,889,480
707,228,264,469,41,465,519,185,477,318,1169
708,156,67,850,381,1073,86,580,46,735,559
709,1342,630,419,605,543,411,1038,47,513,71
710,427,115,13,527,1342,695,530,132,274,630
711,942,305,828,852,132,589,890,684,926,917
712,749,918,442,548,185,473,264,595,519,198
713,1419,902,138,289,1405,606,926,59,269,224
714,18,475,519,273,292,477,63,631,525,204
715,273,658,1342,310,285,557,477,495,595,513
716,529,284,1034,431,132,314,1342,154,1010,653
717,519,202,465,671,1015,656,677,301,27,514
718,147,214,386,1360,918,749,154,1342,115,683
719,128,151,689,237,135,202,198,514,483,189
720,603,500,407,1342,1580,587,169,11,1612,18
721,135,519,55,237,689,326,202,558,92,465
722,519,477,590,273,1529,128,926,1015,1205,671
723,1073,169,313,1612,603,506,523,276,1642,859
724,865,598,314,301,115,18,224,457,178,513
725,344,769,484,156,657,308,634,557,1360,424
726,519,477,204,18,301,446,90,41,88,513
727,18,519,269,173,49,55,1190,198,27,97
728,598,224,9,119,752,1118,156,902,852,1029
729,477,128,169,519,204,18,273,47,1612,401
730,66,872,863,285,512,516,398,74,552,462
731,519,641,366,301,22,147,331,204,695,202
732,1034,548,577,743,45,315,1190,472,12,314
733,658,529,1342,132,154,297,98,516,476,595
734,477,128,590,548,156,204,151,1279,271,264
735,41,695,22,630,1548,60,1666,457,149,746
736,598,695,222,149,630,18,474,224,58,168
737,494,82,1011,497,173,63,68,233,510,95
738,339,419,850,441,670,1342,772,1038,421,258
739,202,519,301,477,749,18,366,204,128,189
740,431,18,479,529,1569,1595,513,603,525,407
741,1279,749,22,419,18,1190,156,8,525,762
742,132,442,656,314,598,346,202,1015,275,180
743,18,431,1190,749,1642,204,193,97,479,510
744,92,689,58,48,277,921,942,671,198,534
745,264,465,631,325,519,671,342,188,372,1671
746,368,1342,478,348,543,18,207,431,419,1190
747,477,18,204,63,519,264,631,57,500,514
748,122,199,1421,123,407,325,225,231,1552,1015
749,477,519,202,151,204,264,689,54,590,128
750,343,82,528,595,264,460,284,519,297,844
751,854,477,60,457,41,1204,746,90,57,614
752,22,769,484,156,398,1360,315,976,67,505
753,519,18,475,122,886,267,528,446,154,94
754,128,1015,263,557,752,1118,434,335,708,1359
755,1291,202,627,525,80,844,292,275,1010,528
756,18,155,301,63,606,97,345,519,525,865
757,704,493,47,18,155,446,678,187,478,149
758,138,926,1312,890,684,263,651,59,852,1431
759,1419,746,59,420,60,806,41,926,568,883
760,457,519,331,865,301,695,183,231,455,1286
761,204,264,519,188,90,477,525,681,528,493
762,695,427,426,434,479,630,341,18,274,268
763,154,355,1342,1136,284,27,603,1010,464,1015
764,315,210,1575,446,548,318,931,32,149,304
765,630,22,314,1190,366,204,519,18,695,301
766,630,695,598,1342,366,1015,581,22,11,177
767,603,53,156,513,878,850,525,18,169,462
768,156,641,525,513,366,32,264,204,172,526
769,47,446,513,384,315,135,108,41,318,88
770,704,145,417,537,667,496,315,739,612,1400
771,198,1015,199,269,325,1011,30,11,689,92
772,630,149,678,695,510,22,704,428,315,599
773,606,1321,1221,1239,466,291,885,1642,290,523
774,749,202,514,284,240,654,292,210,184,135
775,501,318,1047,639,798,630,379,185,695,986
776,446,202,55,477,211,161,132,656,128,48
777,301,204,749,202,519,18,331,222,80,183
778,1308,1342,156,315,172,169,704,755,537,1560
779,1342,1612,531,51,53,1073,734,1117,169,30
780,431,1011,407,18,193,91,506,1190,662,275
781,484,852,1360,54,199,634,59,169,1136,728
782,1342,431,132,314,1073,171,18,777,630,51
783,184,366,1580,484,430,202,513,529,407,301
784,18,477,482,192,1612,1342,171,209,57,172
785,169,514,366,878,214,1580,18,749,587,312
786,1342,526,603,683,1015,128,514,195,202,355
787,1118,366,284,736,1332,353,202,53,1010,495
788,1190,18,630,178,46,314,1342,126,155,381
789,513,528,446,865,525,115,217,529,902,59
790,1010,1342,132,878,346,154,442,890,1118,122
791,1015,605,1342,274,43,630,47,891,447,284
792,63,192,155,18,477,269,271,482,315,264
793,123,18,749,133,315,275,202,134,267,510
794,519,57,246,202,302,493,477,635,204,301
795,47,651,464,1312,355,684,698,1580,27,902
796,1342,630,1612,417,171,1580,431,18,1011,1642
797,926,834,305,515,577,1661,687,1419,890,688
798,315,548,510,678,273,196,156,12,149,446
799,528,27,82,519,353,460,173,384,227,264
800,1612,312,477,519,332,254,202,78,651,514
801,665,289,59,47,651,1015,434,1136,213,746
802,1034,202,476,479,324,484,654,115,184,310
803,1015,57,11,519,1011,174,198,199,175,92
804,341,123,802,1034,614,1630,688,577,481,656
805,207,478,1190,595,476,18,1342,12,210,8
806,501,13,734,1010,581,1308,82,641,346,803
807,1342,590,477,48,1190,7,8,207,58,615
808,132,865,1342,18,477,529,301,607,479,314
809,1342,1015,54,526,926,128,484,426,1360,172
810,519,204,366,331,641,172,639,264,465,750
811,878,590,514,477,1612,519,76,175,128,202
812,856,199,465,819,325,27,1013,292,514,284
813,513,18,155,525,501,108,647,474,734,641
814,66,595,528,207,475,154,367,525,529,98
815,639,27,750,1580,169,878,465,415,514,176
816,41,218,60,46,526,477,92,484,175,692
817,519,202,477,204,631,514,292,1057,749,302
818,202,331,366,146,301,695,314,630,18,447
819,525,204,185,18,595,943,501,1072,519,1279
820,82,288,513,154,1342,528,650,210,284,734
821,519,895,954,695,630,1015,246,1342,229,498
822,207,1190,446,595,494,8,210,284,196,18
823,513,132,458,870,711,115,688,258,447,303
824,130,51,331,1393,176,147,260,366,671,895
825,331,1419,314,224,695,32,639,656,290,598
826,477,1419,60,172,500,426,276,192,457,247
827,202,151,913,396,708,128,689,135,4,80
828,18,1190,446,204,88,525,63,510,431,477
829,749,1118,1015,527,483,918,1342,169,21,198
830,477,1612,136,1342,497,247,246,1100,7,18
831,514,651,526,465,92,175,202,198,484,1612
832,780,711,1038,458,1340,661,1548,1508,202,324
833,18,178,865,606,224,301,525,185,97,749
834,656,1372,94,123,565,355,2,58,314,704
835,598,630,407,431,18,1642,695,434,1015,55
836,230,142,1499,154,125,986,652,1118,1136,1342
837,82,315,264,384,422,192,63,528,156,210
838,355,115,475,18,132,76,870,61,481,154
839,123,656,749,1010,281,4,202,654,134,704
840,224,135,202,301,151,9,465,175,366,519
841,132,1403,303,314,258,630,431,202,1342,159
842,343,751,164,360,353,675,105,251,1011,822
843,477,264,526,271,581,1204,156,525,192,273
844,135,151,396,380,54,161,283,548,484,1274
845,780,248,202,656,514,92,631,419,73,1075
846,1145,1421,538,865,695,122,1559,844,519,983
847,1342,546,630,128,695,1015,1022,895,537,891
848,528,384,641,513,525,82,460,501,156,581
849,169,1130,1580,519,199,130,657,938,54,325
850,1190,18,606,155,269,92,653,58,173,198
851,128,546,1342,477,590,172,926,519,22,526
852,528,122,734,886,288,501,82,460,27,1357
853,749,18,204,292,631,200,654,474,123,181
854,1015,598,442,269,749,193,164,222,18,290
855,189,202,175,477,505,151,301,366,519,204
856,581,1279,284,1575,119,127,803,156,427,658
857,108,641,513,178,525,315,32,647,1227,865
858,528,315,1663,471,269,446,55,384,90,108
859,18,284,483,88,494,251,510,514,1015,446
860,273,506,658,119,844,276,297,1292,407,528
861,656,1308,315,314,863,641,581,32,82,121
862,48,879,277,631,1190,292,92,671,475,1385
863,656,271,477,264,180,211,446,284,82,442
864,493,222,695,746,1375,457,57,477,1116,25
865,630,695,1419,315,427,1575,1022,803,119,658
866,630,1342,695,13,132,314,598,202,301,303
867,1011,1190,91,174,269,105,471,689,92,198
868,92,18,289,1100,1190,155,494,58,477,269
869,18,88,494,446,411,63,292,47,508,514
870,407,59,506,698,392,213,37,431,529,902
871,852,519,671,242,270,1057,1130,641,54,130
872,1073,1015,1405,603,1027,169,523,1559,313,1212
873,18,749,97,477,510,446,493,204,149,301
874,1575,275,656,82,1190,630,58,134,18,32
875,1342,156,22,477,128,315,142,271,196,527
876,47,446,651,698,128,384,420,59,55,513
877,714,22,53,435,386,1027,398,1140,156,1073
878,513,156,285,224,683,844,434,128,115,310
879,381,86,431,529,1190,18,1612,1011,356,1073
880,598,51,18,630,53,366,303,513,331,1383
881,1342,1015,142,346,683,1073,878,1118,21,291
882,1209,1046,863,1309,974,47,704,1136,245,59
883,548,918,315,749,1034,467,135,32,178,398
884,169,852,519,407,273,18,1057,603,698,484
885,528,292,519,273,475,297,84,525,98,367
886,59,902,400,1431,1172,384,605,1110,1152,891
887,18,477,204,519,301,366,202,22,128,11
888,548,32,156,264,315,269,198,135,196,526
889,1190,856,411,1612,494,18,419,587,284,497
890,315,135,156,54,484,384,128,198,401,210
891,18,184,202,57,11,123,366,301,187,698
892,525,477,204,264,18,519,271,528,90,273
893,656,318,311,491,58,446,514,155,4,211
894,1342,142,156,1073,271,595,472,315,171,273
895,494,325,82,284,528,264,63,227,173,1448
896,1417,288,37,1011,856,384,460,651,639,739
897,420,41,446,1361,874,273,477,60,1666,47
898,513,115,47,273,557,767,310,18,508,407
899,514,92,639,465,689,751,1409,246,269,1100
900,852,1136,199,671,122,154,230,832,1426,519
901,284,749,264,530,514,82,240,631,878,123
902,1190,53,630,501,734,156,1073,552,387,1011
903,288,1580,651,1417,384,460,47,82,605,639
904,18,749,1342,126,53,525,513,482,356,479
905,156,59,384,1046,285,1034,761,513,55,484
906,513,47,59,651,384,902,698,1431,684,420
907,284,355,132,123,1010,508,82,530,968,248
908,1342,132,1038,284,581,427,803,13,346,314
909,431,603,18,407,284,513,525,723,126,356
910,704,1426,231,123,122,537,1360,1136,288,565
911,527,398,22,918,557,128,241,296,396,156
912,161,240,97,749,508,530,565,475,63,12
913,1010,816,890,683,878,927,529,396,673,355
914,1342,431,132,1038,630,18,207,1612,653,275
915,136,446,1642,477,630,18,284,1575,1190,1279
916,156,513,484,529,525,384,135,285,386,188
917,284,553,263,329,353,384,325,1359,323,1329
918,419,366,513,368,641,525,312,627,85,587
919,18,1190,431,1011,777,173,1612,494,53,155
920,1580,890,852,603,1421,557,1110,859,1437,1359
921,500,844,1437,1110,276,506,434,59,384,282
922,630,641,1011,501,18,513,525,155,1666,204
923,657,704,379,856,1136,315,1011,483,82,63
924,902,59,60,677,684,1431,651,420,47,688
925,477,18,204,156,189,590,268,1190,426,273
926,47,651,128,59,677,1309,1123,420,415,684
927,47,202,641,1358,513,656,366,698,187,312
928,1612,214,1342,494,53,7,18,51,1190,615
929,683,1015,346,572,156,1118,527,241,1078,752
930,202,656,132,355,366,878,1010,314,346,683
931,1342,1015,329,598,464,136,30,479,18,1046
932,749,649,514,198,1015,240,58,483,92,683
933,1342,1015,675,630,464,43,598,734,51,346
934,384,59,528,852,513,47,651,434,684,681
935,47,288,384,446,145,208,61,654,82,508
936,122,154,519,476,240,468,749,214,200,18
937,1011,53,598,501,1212,176,714,407,630,1580
938,529,513,484,54,156,852,169,184,366,344
939,59,384,927,156,651,1431,434,513,217,803
940,477,202,631,479,519,1342,18,132,526,1204
941,1342,142,284,1015,1118,154,650,346,1022,495
942,525,292,475,607,529,17,62,18,1447,204
