0,1362,1054,919,1359,1182,1390,1544,1648,838,193
1,441,1259,1535,783,1390,1585,1512,838,975,1437
2,1256,626,309,1105,790,988,940,171,1125,1359
3,1316,1387,1160,1389,1570,1566,1363,1675,1601,972
4,1307,1076,1262,1299,1561,35,254,591,972,538
5,1544,1531,1358,1468,919,1491,1274,1564,1512,1186
6,1063,863,1023,1040,1053,350,1275,722,799,783
7,463,1362,151,633,1260,1371,969,1446,1396,1307
8,1620,783,1105,964,1124,1387,1601,1261,1363,582
9,1544,783,1552,1274,1569,1362,1512,1358,564,838
10,1063,1544,1395,1512,1608,1045,1387,1442,1552,460
11,1569,1124,783,1585,1158,862,56,223,109,1607
12,367,1362,1138,1009,450,976,1129,1021,459,208
13,1216,1362,1445,805,838,1417,1442,651,1561,583
14,107,749,1393,1229,464,394,852,802,606,1510
15,1390,783,599,1569,1565,1525,1642,150,56,909
16,1570,905,1533,1123,1433,1409,569,1001,166,1644
17,783,441,1585,1512,1359,1057,1535,306,1387,1484
18,972,1105,980,1362,1275,1084,792,530,1673,783
19,676,1586,592,1334,1301,1316,1275,396,1100,1566
20,783,1570,1116,358,1405,328,360,654,1280,1397
21,1533,1307,1244,875,985,951,802,1291,1570,1384
22,1512,1585,441,1359,1390,1307,1484,1054,393,1362
23,441,1307,802,783,1569,1535,1585,708,1566,35
24,1569,1566,783,1307,1533,1585,1607,1124,1199,1512
25,1569,986,564,166,1512,1552,1529,1358,783,1585
26,599,1256,1387,1147,636,441,1032,612,1378,485
27,783,1437,1620,905,14,1417,1358,1601,413,733
28,972,1512,1570,1565,1532,1342,1585,783,1390,1544
29,783,792,1569,1158,1532,1498,74,441,1535,1490
30,972,915,74,783,1362,1570,1084,1342,1544,1105
31,1362,1105,1581,1601,129,972,1569,1659,1191,783
32,816,1172,1142,599,204,708,1363,1601,1586,36
33,441,1565,802,1256,1307,1535,646,1135,1082,1566
34,599,1610,1565,1147,1124,1389,56,964,1552,1172
35,1565,1498,792,802,278,1510,12,110,1260,940
36,756,129,1311,967,1191,1342,1362,591,1268,1673
37,546,1160,489,1241,478,504,1261,1646,11,1622
38,1601,364,1170,756,950,129,527,1362,1160,73
39,1544,1362,553,1105,1601,1160,1063,783,1275,1359
40,919,1362,1544,1342,1054,1105,915,1648,1564,1359
41,1681,1323,799,550,1552,465,1063,1498,911,503
42,1160,564,1455,1414,1569,666,1601,460,1566,1565
43,1256,600,82,784,1425,1304,1498,1124,1389,1147
44,1282,1362,1260,783,360,1274,972,1142,1307,463
45,1105,1082,1124,122,1307,269,783,441,753,539
46,1544,1569,1608,1512,1620,1362,1274,1565,1307,1535
47,1533,1413,253,1250,295,1440,902,361,1570,333
48,1359,919,790,539,1057,1608,1620,1544,17,557
49,783,1359,1088,1200,617,1105,1410,1057,309,733
50,1124,1675,1389,1601,1334,791,1301,980,330,1080
51,1387,783,1124,1105,1082,1359,1620,1334,441,1307
52,1569,1651,564,1552,1274,974,802,1229,666,1566
53,792,852,802,1565,478,1535,582,1166,980,972
54,552,1474,1282,1260,265,1411,1084,1341,1191,1673
55,599,1105,1601,1581,1260,783,1446,1673,1160,1646
56,1160,1390,9,1359,1565,1544,235,1648,1104,1498
57,1062,1512,1205,1570,750,591,166,569,1405,1413
58,1417,783,1377,667,1362,733,22,1544,800,1387
59,1362,1387,1544,1608,1359,1659,441,1395,1063,1216
60,1147,599,1307,865,1569,1363,1566,1172,1124,1610
61,1570,1390,1533,1409,783,1054,1512,1585,803,1307
62,783,1105,972,915,980,1601,1342,1057,1158,1570
63,166,783,74,1512,1323,1544,1468,1344,415,1601
64,1334,1082,465,1275,1199,580,375,1362,1681,367
65,1359,783,1342,1105,1390,729,1387,1446,599,1268
66,1387,599,1172,1256,783,980,1584,1105,1659,142
67,1413,1205,1158,1433,1471,179,1363,682,1570,889
68,1512,1211,166,1620,1533,1405,905,610,1342,1413
69,1569,1552,1565,1620,1124,783,599,564,1291,708
70,1199,783,1569,269,441,1359,1307,617,1057,235
71,819,1544,958,1104,1569,287,2,1362,1658,1552
72,1544,915,919,1054,1512,1359,790,1491,1105,1043
73,1569,1158,1199,783,1124,802,1082,1307,1566,1099
74,972,441,1393,35,1291,246,802,646,1535,1255
75,765,857,1073,150,633,155,1291,671,1524,1274
76,1531,1544,1607,130,1389,1084,1455,1263,1510,343
77,573,1323,1512,1127,1358,838,1585,503,1390,1279
78,1387,1063,441,1359,306,783,1242,1535,667,1377
79,783,74,1544,1362,1601,1275,1468,1344,1564,938
80,783,1446,1158,1569,596,228,1174,1105,1099,998
81,1569,1512,1236,1275,1199,1334,1054,1544,1531,1425
82,1104,1610,1552,1063,1023,1072,1505,550,56,799
83,1124,1389,1569,1566,1607,1565,1387,1544,783,460
84,1512,1544,1362,1585,441,1307,1390,1564,1570,1274
85,783,1498,1390,1359,1245,74,1353,346,1576,1532
86,1569,1124,1552,1610,129,1566,1395,1607,1362,1307
87,972,142,1363,529,17,980,143,261,1389,235
88,1565,838,1363,1445,759,1599,897,750,599,1262
89,1544,1275,958,1114,1552,1274,1510,1,1362,564
90,1124,909,1610,1147,599,1425,360,1569,964,1198
91,783,1569,1544,1362,1512,1607,1274,1307,1282,1585
92,1390,783,1323,1200,1359,799,346,1468,1544,1275
93,783,1359,1570,1105,1620,919,1057,1544,441,1362
94,1256,1566,1565,1390,1356,599,1304,1422,1599,1060
95,783,1446,223,998,599,1387,718,1154,228,506
96,11,1362,1673,1417,641,805,487,1183,1216,76
97,1362,375,122,1535,1544,465,646,107,567,1335
98,101,1158,1614,1433,950,967,931,1644,1569,552
99,718,1590,599,1124,1082,1406,1581,40,1610,465
100,1569,1581,1160,950,1552,640,644,1601,1610,156
101,1362,1395,1307,1274,441,1401,1533,1512,1561,972
102,1389,1323,1127,1565,117,1569,5,55,728,972
103,1054,1483,1517,969,717,1124,950,193,109,1307
104,1413,1569,1601,820,1570,1471,1062,1342,1544,1158
105,1569,1544,1334,1124,1307,1566,460,1552,1512,1082
106,1105,1570,915,1533,836,1307,906,907,605,1158
107,1359,1387,783,906,1544,1620,1057,790,1461,1105
108,599,632,425,1610,832,1172,56,84,239,534
109,1569,1535,1610,1566,1529,1124,1651,1456,29,1158
110,1569,1565,1307,1363,1311,1570,1566,1531,1166,758
111,1425,1210,1569,1307,1566,1390,1256,599,1585,802
112,1063,980,1275,1260,530,922,1341,1675,463,842
113,1054,969,945,784,869,463,926,919,1256,462
114,915,783,1649,1405,733,1642,1282,812,325,220
115,1454,463,1626,100,783,1484,1362,667,1396,201
116,1569,1607,1124,783,1425,1307,1142,5,708,1158
117,1362,972,1601,1342,1544,129,1570,783,1565,838
118,1442,1565,960,1063,1389,1620,1608,1395,607,1114
119,1566,1569,1535,1307,1124,1387,460,1363,571,1413
120,1334,219,1082,1275,1199,1054,368,576,1186,1544
121,783,1570,1607,1362,1472,1626,1088,1468,1512,1186
122,1512,74,783,441,1057,974,1535,1585,420,709
123,189,1659,1182,1581,1268,1191,1105,1624,484,1362
124,1117,1610,632,503,425,333,1552,550,1505,669
125,1109,1378,1565,960,20,571,534,361,875,1442
126,1586,421,602,1621,1624,816,374,484,719,1172
127,1498,783,761,1359,1255,885,1243,1054,1390,1258
128,974,772,108,240,952,1551,1620,1310,381,792
129,783,1446,667,599,1437,1620,582,1063,1535,1659
130,1569,1124,1307,1425,708,599,1198,794,1464,802
131,1544,1570,1362,1105,972,836,783,915,1342,1413
132,1084,1260,1342,1544,1040,1498,1023,783,317,1601
133,1610,465,1446,1581,1260,1681,1124,29,599,602
134,1569,1362,1544,1307,1105,783,1601,972,1512,1274
135,1620,1544,1105,874,964,1307,1471,1058,133,636
136,1260,672,513,5,1621,816,1565,36,1659,1341
137,1569,1607,783,1512,1544,1533,1124,1531,1199,986
138,441,1585,783,668,1199,1307,1512,290,784,77
139,1362,783,1544,441,1105,1359,1063,1569,1498,1601
140,1063,1456,1548,416,1610,912,456,1675,1446,1659
141,1405,1533,1307,1570,1512,569,1604,1123,1585,1158
142,1565,599,1142,672,708,1388,1172,1147,816,1411
143,1362,465,783,1681,1334,1544,1552,1601,550,1124
144,1575,1016,735,1398,101,1517,967,1107,1127,713
145,660,703,829,1291,511,155,571,802,1073,284
146,1565,1566,460,1160,1363,1569,235,1389,1544,1512
147,246,441,1498,1393,1585,192,378,403,198,741
148,972,1498,1440,396,1371,150,1525,100,671,24
149,972,1498,1570,1532,783,915,1342,1323,1512,980
150,1512,1544,1359,1063,225,1334,919,790,306,1227
151,1675,1063,1476,1160,1566,1581,922,42,465,1395
152,1658,175,435,819,1535,1569,73,141,283,958
153,919,1544,1105,1362,1274,926,1644,783,1490,1054
154,783,1498,1565,1512,1359,1532,1390,1323,441,1245
155,1362,1274,1544,1564,1182,783,829,1570,1259,1569
156,599,1358,1565,538,1044,1291,1425,1561,1141,1442
157,1544,1063,1620,783,1362,919,1105,1274,290,722
158,718,1406,1103,1590,1046,1262,633,1326,1283,29
159,783,1570,1644,1105,1268,1433,1359,1405,1276,1158
160,1569,1158,841,1124,1307,109,1408,1147,29,269
161,783,1446,1105,602,1082,1569,1256,1199,980,1260
162,1569,1229,1651,1566,802,1307,558,873,29,1581
163,1569,1256,1566,1581,1651,1229,1395,1147,1307,912
164,1566,1307,441,1256,1082,1395,1387,805,1649,135
165,1363,1172,599,1586,805,1407,1581,1406,1566,1313
166,1086,1358,615,709,773,1468,657,1139,1512,797
167,1124,599,1610,964,909,1147,772,1223,550,1464
168,1552,1160,1104,1362,1569,1581,1396,1601,156,1363
169,1140,1569,1552,1610,1396,708,56,672,1566,550
170,1569,1544,1147,1362,1601,926,1256,986,1552,1084
171,49,1607,1179,1552,56,1269,1275,1544,544,1533
172,783,1498,441,980,1256,1082,1105,972,1307,1362
173,1607,666,783,1186,1124,1015,804,1414,1455,758
174,1160,964,1646,599,504,550,1622,546,899,179
175,1268,1570,915,1512,1405,1342,544,236,1191,1240
176,1570,972,1531,986,591,1533,1544,1062,1569,1601
177,1581,1601,465,1610,1517,1552,1681,550,1117,1124
178,1269,1581,365,1417,756,484,379,1474,421,196
179,618,1512,1569,1098,1607,102,441,356,227,1585
180,1446,1417,1269,504,1529,559,151,999,602,228
181,1552,1569,1544,1512,333,1566,460,1124,1395,1356
182,783,799,1390,1259,1468,839,1200,346,1086,1512
183,1544,783,1620,1063,1512,1275,1344,1468,919,1057
184,1535,441,1063,1551,1362,1446,290,1417,783,420
185,1505,550,1122,1358,501,1124,582,1552,443,1468
186,1359,1512,1390,1544,183,1521,1387,1023,1057,282
187,1566,1160,1569,1363,15,1565,1658,1082,599,1307
188,783,1620,909,582,1223,1141,1370,604,1468,1570
189,1569,1298,1552,1415,967,1127,1581,364,652,1610
190,1566,1569,1307,1565,802,1512,1160,1552,1599,1363
191,1620,1105,1471,964,1544,1160,1250,1644,546,1225
192,441,1535,1307,155,1569,783,1112,828,975,998
193,1644,1124,1569,1105,1455,800,360,1147,1531,1490
194,783,909,1620,964,1198,1124,765,1390,1569,1134
195,972,1532,1342,1673,1646,792,504,422,610,1260
196,1124,1266,550,1610,909,717,1102,64,1390,1188
197,1673,1342,1084,1544,1362,1260,915,1296,486,1105
198,441,1535,1307,1171,854,539,668,1512,378,659
199,783,1437,667,441,1446,1659,1535,599,1498,1565
200,1570,829,1000,667,972,1525,783,1274,1445,838
201,195,967,1262,1115,1445,1575,756,391,1552,838
202,1362,1342,1673,972,1445,11,805,1105,1160,487
203,1535,441,1363,35,1299,489,284,989,539,1330
204,1124,1334,783,1569,1082,506,1387,1601,1105,223
205,1054,1474,1673,836,1604,1517,368,1031,1581,1171
206,1362,1160,644,208,1082,1105,1544,1569,1446,1334
207,1063,1334,1275,183,1199,815,1193,1039,346,807
208,1390,1498,1255,1274,1401,454,974,1256,574,1425
209,1362,1569,1544,1307,1535,972,1581,1552,441,465
210,564,291,263,887,162,155,1086,1569,1210,1681
211,1082,1566,225,465,1334,1305,306,592,460,1498
212,1362,1544,1105,1307,1387,292,1569,1313,256,1342
213,783,1620,972,1570,1105,1291,1644,1362,1602,1281
214,1552,1565,599,1390,1274,1445,1044,1442,1425,1358
215,1158,1569,783,1054,109,605,800,1446,1105,1530
216,783,1434,909,1245,223,1622,1281,1388,217,1477
217,1544,1054,1362,919,1105,1569,1307,850,1512,1648
218,1544,986,836,819,707,1362,1105,98,283,145
219,783,1569,1601,1565,1532,1390,582,1437,1124,1498
220,783,1200,129,143,1158,1609,55,1372,1601,525
221,1569,442,1488,1147,1403,1651,485,686,552,32
222,550,521,1552,599,717,56,1505,1565,909,833
223,1569,56,1124,443,1610,998,804,1122,1104,223
224,783,1054,919,1390,1405,1274,1490,1259,1512,797
225,980,1675,1105,1644,330,1601,1389,1673,1160,874
226,783,1544,1607,1358,1512,1570,1569,1620,1468,1413
227,1569,1535,1124,1112,1464,107,1566,772,414,1658
228,1158,143,783,117,844,582,1261,1407,1075,1126
229,1082,1566,802,571,1160,592,676,1334,1199,718
230,1063,1387,1256,1359,1566,1675,1581,441,980,1446
231,1362,1307,1561,1274,1544,1425,1442,1256,441,538
232,783,1535,1569,441,1071,1446,1158,1456,1015,1245
233,1274,1544,1307,717,829,1198,619,1237,1362,576
234,1512,1535,441,1393,838,246,974,1585,393,524
235,1535,441,168,1581,1363,1551,509,852,668,29
236,783,1124,1544,1569,1362,804,1607,1334,1531,1200
237,1569,708,1437,5,1565,1535,802,525,599,1172
238,915,1570,1281,919,962,783,907,1671,1255,295
239,1565,802,1535,1166,852,691,1205,1363,524,1673
240,1476,1389,270,1512,1532,1342,1311,1364,385,1565
241,1675,1160,1601,1389,1334,980,1124,460,592,972
242,783,1585,1570,441,1199,1210,1472,1390,1512,1245
243,1105,980,1675,972,1359,906,915,306,1342,269
244,1566,1160,1363,1565,802,529,35,1082,852,1586
245,729,1359,480,759,471,967,1054,1022,279,1268
246,783,1601,1105,1124,1498,465,1158,1446,1359,1334
247,1191,142,1170,591,1311,972,1673,96,458,552
248,1359,783,1544,1387,1057,733,790,919,1620,1143
249,441,1063,1535,1551,420,1446,783,1362,290,1659
250,783,1565,972,1570,1525,1532,1390,792,1498,441
251,783,1570,972,1620,1158,1569,1601,1105,1644,1490
252,1063,1256,1498,240,1565,1159,792,974,1620,1390
253,998,1392,1334,783,228,1446,506,953,1140,1610
254,14,905,1062,972,166,1206,1564,591,1339,1342
255,1565,1160,1435,1552,1621,507,838,219,1084,1023
256,441,1105,1362,636,1291,1307,1274,940,1078,6
257,1210,1566,1425,477,1621,441,162,1256,1565,1363
258,783,1532,1581,1105,1362,972,1446,967,1255,838
259,1105,1225,972,1620,466,1362,783,1601,76,1570
260,666,1565,599,1084,1455,783,363,875,956,914
261,783,1063,648,1387,1456,441,1535,1658,1377,1359
262,1425,1569,1210,564,974,1124,802,1512,1585,1531
263,1445,838,967,1565,1363,391,651,1525,1620,1262
264,56,1160,640,175,1569,1061,602,1586,1565,9
265,1620,783,1512,1211,1390,393,1532,1405,166,1359
266,1362,1544,1105,783,1601,1342,1569,1359,1570,1307
267,1570,972,1512,1565,564,1533,1274,1569,597,1358
268,256,394,1362,850,547,1608,1274,723,383,539
269,1160,1362,1544,1084,507,707,1648,1565,958,181
270,1544,986,1312,1569,564,511,1455,696,350,871
271,1569,1362,458,1544,591,1673,445,1054,1564,972
272,1124,1362,1105,1569,101,1158,906,1544,1125,1359
273,1569,1124,783,1307,1620,1387,1601,1544,964,1147
274,783,1260,599,1446,1105,1601,1256,1498,1362,672
275,1570,783,972,1342,1620,915,1644,1105,1390,1601
276,783,1601,564,1532,1569,1455,1389,1644,1468,1158
277,1601,1644,1124,1105,1620,783,1471,1389,101,1225
278,1442,650,651,865,1561,538,340,838,805,1065
279,571,972,572,564,802,1565,529,592,1570,126
280,1565,582,802,852,792,606,478,878,1166,1535
281,1620,1358,905,783,1113,1644,1601,1342,610,101
282,1362,441,972,1498,783,1437,1156,246,1063,1581
283,1307,1362,1544,1569,1105,1274,1565,783,1570,1608
284,783,1570,972,1565,1281,1620,25,1525,599,1437
285,1389,1565,572,956,648,1620,960,350,725,1414
286,783,1498,1105,1362,972,143,1570,1601,762,721
287,1307,1158,1126,718,1099,441,1198,633,1569,1385
288,56,1601,140,364,640,1124,1172,223,1367,1610
289,550,1681,1462,1260,1552,266,1160,717,763,521
290,1359,1544,1601,73,783,1057,1362,1342,733,1124
291,783,1054,1200,1569,1544,1601,1362,1570,1604,1359
292,1274,1512,1544,974,236,1255,1054,919,1531,74
293,783,1437,14,972,5,1158,1565,1569,1601,1498
294,441,1307,1387,1566,1363,1362,1082,1535,1256,122
295,1425,1512,441,1307,1585,1390,1401,1274,1569,657
296,1105,1082,783,1544,539,1535,269,1569,1307,1058
297,1569,155,802,1307,1396,792,465,1585,783,301
298,1570,1362,972,783,1544,1105,1342,1601,1645,295
299,1621,507,21,1624,1191,1268,484,5,1435,624
300,1124,1105,101,1601,1581,1362,1610,599,1225,193
301,1395,294,1063,1476,1565,1442,1435,1256,572,272
302,166,1062,967,74,905,986,1127,1205,1277,972
303,1446,599,1590,602,718,783,56,223,640,909
304,1517,717,919,587,323,1105,193,753,1362,546
305,783,1585,441,1512,1569,1390,1570,1210,1307,657
306,72,1498,1359,915,1662,1512,225,518,1342,147
307,1570,972,783,667,1362,1377,1602,1342,66,1544
308,1362,1601,972,1673,1552,445,1342,663,513,1581
309,1620,1105,783,1644,1471,1058,539,1569,1544,478
310,529,802,783,672,792,602,972,1681,1160,1388
311,1362,783,1681,878,721,1063,762,792,972,1243
312,1362,850,926,919,1544,1182,1274,1092,925,644
313,1446,1551,1063,559,1581,228,1117,1104,1398,690
314,1105,1362,972,1342,915,967,836,610,1673,1359
315,539,375,433,1082,1453,122,183,235,1063,1258
316,1569,1158,802,783,792,1255,1498,721,980,1581
317,564,572,1569,287,666,958,1651,1153,1658,1160
318,1256,599,1565,1390,1362,783,1566,1552,1569,1160
319,783,1607,1601,1389,1659,725,1124,1387,1063,667
320,783,1512,1544,1390,974,1569,1274,1358,1442,615
321,1544,1362,1274,1608,723,850,256,919,1175,1118
322,1362,1544,783,1601,1342,1105,1569,1564,1054,972
323,783,980,1158,602,142,1675,972,1430,441,1105
324,1544,919,1053,1362,850,378,367,784,1512,1274
325,1072,1544,1008,75,367,1552,1549,1334,1029,1118
326,1620,783,1570,1359,1405,1342,1532,1344,905,1544
327,1124,1569,1307,1607,1334,1585,1566,1425,1533,1147
328,1512,1544,1307,1569,1585,1362,441,1274,1533,1570
329,783,1566,599,1160,441,1601,1387,1334,1363,1565
330,1105,1417,1362,1620,76,739,146,539,1183,1471
331,1269,1581,374,1446,640,1601,1604,1342,649,1362
332,1301,1334,832,1124,1533,1675,1566,1440,465,1140
333,1544,783,1362,919,1274,1105,1620,926,1084,1182
334,783,1437,441,1291,1659,599,1190,708,525,1565
335,1170,1604,1162,836,233,617,1474,944,995,83
336,1498,1390,599,1389,1476,1301,1565,333,346,1256
337,1362,1274,1544,1307,441,365,256,1341,1512,1078
338,1544,783,919,1512,1362,1274,790,1105,441,1359
339,1160,599,1565,9,1124,550,1601,1590,1082,1389
340,1323,564,1544,1512,1532,74,1552,507,986,1565
341,1127,1564,1277,74,1544,166,1062,1489,1342,937
342,1362,1512,1544,919,1484,1585,783,1359,1342,1227
343,1296,1544,1274,1445,1362,1084,1510,1342,1620,919
344,1544,783,1512,1359,1390,1569,1275,74,1054,1323
345,1681,1498,792,463,715,1260,721,257,926,198
346,1575,430,185,838,1569,505,1415,552,5,1651
347,1601,1586,1675,1362,1581,1160,1389,1395,1063,1417
348,1533,1607,1199,1236,972,1448,1377,1334,1362,1544
349,1620,783,1057,765,919,1512,1572,441,1585,790
350,1395,1675,816,805,1142,36,1172,972,1566,1498
351,963,1564,1062,1601,190,1478,312,938,640,445
352,1569,564,802,1229,1199,155,1585,1651,154,1490
353,1359,1498,1390,1227,1243,1512,915,1440,1127,1585
354,783,1601,972,1570,1607,564,1455,667,666,1389
355,1307,1535,1569,759,1566,1363,865,6,204,1533
356,1601,783,1389,1256,1063,599,1084,1498,1105,1160
357,790,306,492,375,183,452,636,1334,138,1039
358,1569,599,1307,708,1565,1581,802,1124,1363,1566
359,1544,1362,783,1359,1512,1057,919,1105,1569,906
360,1544,1512,1564,1362,74,1275,1186,1569,986,1491
361,599,1565,1147,105,708,1363,1658,1569,1044,538
362,1655,612,1387,353,1649,685,361,500,780,49
363,1105,1362,972,1581,1601,598,465,1681,792,783
364,783,1642,1535,1437,838,441,1390,1442,1569,1435
365,783,667,1601,1607,1063,1362,804,1544,1659,1552
366,783,1359,1158,1105,1601,1498,980,1281,602,1644
367,1570,1565,1307,1390,939,1035,1044,1363,1359,1124
368,783,1601,1124,1498,599,1675,1387,1395,1607,506
369,1581,1362,1544,850,323,1104,1569,1517,644,838
370,1569,1124,1601,101,1614,1158,109,783,1362,931
371,1063,1548,667,1435,980,5,912,602,1084,395
372,1363,1590,1390,1565,1359,1566,1498,344,1160,599
373,387,208,379,640,1269,649,1516,451,963,206
374,1552,1390,599,1260,550,1622,1565,783,1620,1104
375,1359,783,1569,1544,1124,1387,1413,1158,1105,1054
376,783,1084,1644,1569,1601,1498,1105,1158,1054,1565
377,1362,783,1544,1105,1601,1446,465,1564,1342,1390
378,1544,1512,1344,1275,1620,1358,783,1552,1023,100
379,1054,1517,521,266,1359,1483,1207,1390,997,830
380,783,1620,790,1370,1572,1570,1359,1126,309,582
381,1570,1358,680,1167,1602,1268,1544,1565,531,897
382,1620,1544,783,1362,919,1063,1535,1274,441,975
383,783,1124,1569,1601,599,1552,1610,1681,1390,1498
384,1362,743,1618,358,1570,613,1564,1544,681,783
385,783,56,1124,1601,1569,1607,223,599,666,804
386,919,790,1620,39,1281,783,915,66,1344,215
387,1160,1552,1601,1455,599,964,666,1260,1389,1681
388,783,1620,919,1274,1259,1390,974,1182,150,829
389,1565,1378,1552,960,1109,1364,1599,1445,534,20
390,1544,1362,1342,967,919,836,1105,838,1296,1564
391,1531,1569,1054,1512,1221,1282,74,1236,1275,1544
392,1389,1565,1160,1552,600,107,599,1256,1063,946
393,1377,1526,1476,1533,980,571,783,441,1245,1211
394,1544,1362,1275,1334,919,367,1274,1552,1008,375
395,783,1446,1256,602,1260,1621,672,792,1084,599
396,1564,1362,1054,1544,1569,1604,1512,1484,919,1342
397,564,154,1569,1661,179,1552,683,744,295,1392
398,1544,1389,1063,958,1362,235,460,1160,1552,1510
399,1390,599,1569,1565,838,1417,393,1620,1535,1437
400,1186,1569,1124,1334,443,804,1607,1544,1468,580
401,1552,1569,1512,1565,1525,1274,1535,1445,1307,802
402,1569,1651,1566,802,1256,1565,1229,1425,1395,5
403,9,1160,1590,1586,56,1104,1390,175,1023,344
404,277,322,621,716,273,504,1622,902,20,1646
405,530,376,1256,1281,1498,940,1260,1353,1084,962
406,1601,1544,1105,1362,1084,1389,1565,1342,1644,1498
407,1362,1601,1170,1105,972,358,783,458,1158,1180
408,1362,1307,1138,1544,1076,1274,1045,1129,1512,256
409,1569,1160,175,1104,1535,958,1651,977,796,564
410,1362,1544,1552,1124,1601,1225,1105,1127,669,1517
411,1569,1512,564,986,1533,1307,1274,1565,1585,1552
412,783,1498,465,1390,508,441,1585,1334,36,1620
413,1569,1105,1620,1307,1359,1608,1342,1387,441,1581
414,1105,1362,972,1307,1124,1644,1082,1601,926,1225
415,1569,1544,1124,73,820,1521,1160,1601,140,1359
416,1389,1256,1565,946,1584,1566,282,1544,1395,1359
417,1158,140,109,1569,1015,56,1604,1071,944,1413
418,1512,1307,1569,1390,1544,1585,1358,1445,1620,393
419,783,1362,1544,441,1468,1620,743,1334,1359,1063
420,783,1362,1659,1105,1446,926,1601,76,969,134
421,783,1158,972,1532,1057,1359,1405,1105,1620,441
422,1544,1362,1535,999,1620,783,667,972,1105,1601
423,783,1334,506,1063,1199,790,1377,1456,492,676
424,915,376,1281,1191,1255,972,962,980,530,1546
425,1390,998,839,65,1326,1259,206,1314,618,692
426,1362,1552,1260,1601,667,1544,11,1681,1003,1063
427,1160,1601,1552,1544,744,1455,1362,1124,1569,1414
428,1307,1569,1362,1105,1082,1299,1544,972,1363,802
429,1544,1124,1358,1552,804,1569,919,1344,1468,735
430,1498,1124,1566,465,783,1569,802,1301,1160,1681
431,1158,602,1535,1569,1446,783,1160,980,29,1581
432,972,915,1362,1105,727,479,1342,1570,591,1054
433,832,504,386,602,792,1681,922,1675,1532,1396
434,972,1533,1570,816,142,1142,1565,335,1191,802
435,783,1586,1071,56,1607,667,1659,1437,1172,220
436,1387,1307,1413,1279,58,718,1512,1585,1154,534
437,1569,1552,56,640,804,1104,1651,1147,1610,1455
438,1362,1363,783,1105,441,122,1535,465,844,972
439,972,1601,101,1389,117,129,55,1105,1127,1124
440,1498,1390,783,1260,1256,599,1255,1054,1425,909
441,1387,790,874,1211,1461,906,252,783,733,211
442,964,1124,1044,599,802,179,606,708,1331,666
443,599,1147,1274,829,195,974,1620,1569,1565,615
444,547,1523,792,1019,1524,721,101,683,765,1490
445,1552,1510,1569,1544,218,1362,1565,1575,1274,850
446,1569,1544,1362,1054,211,193,481,109,969,1604
447,1570,295,1620,1250,915,919,1409,1440,1123,907
448,1544,1274,1512,441,571,1228,272,834,1535,1084
449,1569,1535,783,441,1566,1362,1363,1307,1446,1456
450,1673,602,1675,1331,719,204,421,562,156,142
451,1256,1147,772,599,38,237,1210,815,406,278
452,1158,783,14,109,724,1211,945,1404,605,1675
453,1124,1569,56,550,223,443,1610,1140,682,717
454,1362,1569,1307,465,1544,441,1581,783,1390,1535
455,1307,668,1105,906,1124,1362,441,269,828,122
456,1544,783,1607,1569,1620,1390,1275,1387,1362,1256
457,1570,907,783,1123,692,1440,1445,897,1424,904
458,1124,1610,1301,56,506,223,783,1334,599,1256
459,1569,1307,269,1124,102,441,1359,539,575,1512
460,1199,783,571,1413,1533,1186,1047,800,1099,1377
461,1569,1104,1552,1124,56,1601,1505,1610,804,175
462,290,57,375,1544,974,393,240,1274,1512,1052
463,783,1601,1544,1569,1084,1455,1570,1607,1390,1498
464,1359,783,1390,1387,1570,1585,1512,1124,1498,1440
465,802,606,1565,708,1525,660,1291,7,599,703
466,1362,972,513,445,1552,458,1570,591,1564,129
467,1362,1544,1564,1552,1274,1307,972,1445,1371,465
468,1544,783,1620,1569,1274,1390,1512,1362,1552,974
469,1105,145,1581,517,836,644,1171,1569,1158,950
470,134,427,1117,1610,228,198,942,97,637,911
471,1659,1607,1387,783,1172,1601,129,1437,725,1124
472,1390,1585,1512,1498,1359,1533,1387,1440,1054,783
473,1569,783,1362,1544,1124,1236,1199,1307,1334,1512
474,1281,1644,758,783,803,1280,1245,902,1672,1147
475,1390,1342,1260,1517,1577,1054,317,967,1673,1581
476,1063,1544,1362,1601,1389,1160,1552,1566,1334,1124
477,74,1062,986,696,944,1277,511,1478,1312,1344
478,1054,1648,919,1342,554,1544,915,37,1390,1260
479,1544,1552,1275,1362,1531,1455,75,744,1274,1510
480,1362,972,1552,1569,1274,1260,1262,1565,1341,1255
481,783,1569,1681,1552,1601,1390,1610,56,1498,640
482,333,1045,799,346,942,573,396,1023,225,1512
483,1124,1569,1610,1077,862,1425,1572,601,198,1585
484,783,829,1437,619,596,1446,1569,680,1658,280
485,783,1275,49,1570,1544,1362,1274,1564,1116,1259
486,1054,945,1117,1147,599,1446,1390,757,701,1517
487,1260,1256,1334,1446,1301,1160,1082,465,1681,1581
488,1646,187,1446,596,599,517,1082,656,1073,43
489,1362,1105,1274,919,1296,76,926,915,850,1544
490,1498,1260,981,1390,671,1255,150,1371,147,1440
491,938,1544,173,1175,1362,459,963,1083,1564,190
492,1124,1610,1362,635,1529,129,1569,1253,242,1601
493,599,783,1620,1437,1646,909,501,964,1446,1610
494,1084,257,278,1281,926,530,1510,792,1260,609
495,171,1359,309,980,790,1498,60,783,962,234
496,980,1675,142,530,1256,1526,506,1498,802,399
497,919,1544,1105,1053,1362,783,1648,850,915,1116
498,1569,1256,936,1105,1043,235,269,1125,1082,646
499,906,1607,1387,783,1362,1307,1313,1359,211,1570
500,1105,783,1362,972,980,915,1659,1446,1644,1359
501,363,1084,1411,599,187,1565,189,1331,1644,1281
502,838,573,1358,1445,651,100,315,736,632,1127
503,1362,1063,1104,1544,175,18,1417,1581,1535,1363
504,1651,194,1505,1112,772,550,1456,12,956,599
505,1569,564,640,1651,56,783,1642,1260,1411,263
506,1160,1362,529,1260,1462,36,972,1601,805,663
507,1362,919,1544,441,1512,290,1359,375,1620,1105
508,1604,783,1269,640,1405,963,1446,415,56,166
509,56,1610,640,206,1586,1390,599,1269,1569,1260
510,783,1620,1390,1570,1601,1342,1245,1544,1498,1364
511,1569,1084,783,1565,792,926,1105,1544,1256,1601
512,1395,84,783,672,1260,56,599,1569,1610,1607
513,1359,783,1023,1390,1601,1544,1063,1104,799,690
514,1607,507,667,783,1395,897,1552,1601,1570,83
515,1063,1387,441,1512,1535,306,1544,1585,783,1359
516,1359,729,838,1398,915,1256,376,1167,171,1584
517,744,1301,1260,360,134,1282,866,1533,1455,1142
518,521,1073,550,295,1344,1266,974,1552,1468,1620
519,1124,1569,443,783,1468,682,1601,804,101,1544
520,1016,967,946,1389,5,1311,1575,735,1565,1191
521,1274,1307,1271,1544,1512,1401,1105,1533,1620,441
522,783,441,1390,1535,1363,1498,420,718,761,911
523,783,896,1535,441,1199,1158,1484,862,631,984
524,1673,204,1569,1363,1675,1391,1565,1566,1311,1160
525,1620,1358,1468,1471,1644,587,986,564,1544,577
526,1054,1390,569,1123,150,1409,1255,540,905,840
527,1124,1569,1601,109,1368,957,1610,595,364,1147
528,1389,36,1601,5,1586,1395,1256,261,507,1581
529,1569,1565,783,1535,1390,1160,1363,1566,1658,1544
530,1082,1307,1425,1566,1334,368,1256,1387,408,506
531,783,1446,1601,1390,1387,1063,1359,599,1498,1620
532,1112,1425,1256,1210,373,463,1390,1569,1060,1566
533,1601,1389,1607,1124,783,1367,129,725,1172,1584
534,441,783,1512,1390,1484,1359,1585,1387,1446,290
535,1140,1334,1552,1650,681,1390,1392,333,1610,396
536,1512,1544,1057,1491,74,1569,1585,986,1358,1359
537,783,1490,360,1174,1569,1198,1186,1199,952,1124
538,1363,1565,1390,1256,1307,1566,599,1569,249,52
539,783,972,1570,1544,1377,1601,1105,1362,1607,725
540,1544,1160,1362,1552,644,1104,1648,324,546,1082
541,1362,1544,919,1564,1359,1552,1182,783,1127,1390
542,1362,1544,783,1552,667,1274,1063,1182,1602,1275
543,1552,1390,1498,1260,1425,1517,1569,463,1362,715
544,1256,1565,599,1566,802,1498,1569,5,1389,441
545,1389,725,1601,758,1105,1084,980,791,1124,1256
546,1569,1307,1512,1274,1425,1552,1544,1585,1229,1565
547,804,1200,640,56,1265,1552,701,189,1116,451
548,1569,1601,783,1124,1498,1455,640,1390,1552,1531
549,708,599,1172,1142,816,1581,196,142,672,602
550,841,1569,516,1158,605,109,416,141,1124,1051
551,1498,783,1256,980,441,1390,1565,1566,1160,1082
552,1644,1471,1147,1105,1620,1359,599,554,825,783
553,783,1446,1569,1681,1601,1581,465,1610,1529,599
554,441,1362,1395,667,306,1535,972,129,1675,275
555,783,1620,1468,1570,682,1471,1544,1358,1601,1344
556,783,220,1607,803,612,780,1245,1387,1649,1282
557,783,441,1256,1274,1377,1608,1659,1512,1401,1544
558,323,1569,1552,1575,680,1614,1565,343,1358,125
559,783,972,1570,166,1437,100,838,246,1512,1358
560,1570,1274,1401,1648,1182,910,1054,907,1307,1362
561,1599,1565,195,1651,1147,956,1002,495,599,615
562,783,1446,1260,602,1642,640,624,1390,1569,1341
563,1362,465,1610,1569,1529,1446,1334,1681,1124,1307
564,1105,972,783,143,1362,980,142,1285,1291,1644
565,74,1569,783,1193,1098,405,1057,1059,804,1484
566,1570,783,1182,915,1648,897,1472,1268,544,624
567,829,1291,1358,538,1445,615,1149,1002,619,1620
568,1544,1569,1512,964,1334,1307,1620,873,183,744
569,1250,1646,1498,1342,1369,972,1673,478,1105,1620
570,1054,915,1359,1512,1362,1544,1307,1105,1570,1342
571,1533,1512,1413,1570,564,534,166,1405,1585,1245
572,1359,1390,1256,1512,783,1544,1569,1498,441,1362
573,1124,1569,129,107,950,101,1151,635,109,1610
574,1552,1531,1358,343,615,1565,1002,1147,595,1569
575,1569,56,1269,1147,206,998,1446,1610,1390,599
576,1256,1082,1334,1124,1362,1566,1160,599,1462,1425
577,640,783,56,1434,909,374,599,1390,189,602
578,1512,1334,1413,460,1569,1533,1468,1390,1544,564
579,504,151,1417,1551,1446,1581,14,714,1158,601
580,1570,915,783,1342,1268,66,1231,544,1405,1544
581,1307,441,1570,1274,1291,1533,1105,972,35,1469
582,1544,1362,1359,1620,783,919,1570,1512,1105,1608
583,1262,663,1525,816,1396,1371,513,204,1565,1260
584,1544,1362,1564,1149,683,145,919,717,517,1266
585,783,602,980,1548,667,1675,142,1446,1377,1546
586,1535,783,1446,602,999,441,1158,1154,1007,1675
587,1082,1407,1590,1160,1363,980,35,1061,1316,1406
588,599,1590,521,1565,950,967,1035,1581,1044,717
589,1512,393,441,1585,636,1597,1359,452,72,1257
590,1535,441,783,1544,539,1291,1620,1570,1512,1307
591,1158,109,1057,1054,783,1604,1405,14,1490,724
592,1193,1569,986,1398,1323,735,1037,74,1063,350
593,783,1569,1390,1124,441,1535,1446,1112,1437,599
594,783,1362,14,1620,547,1105,610,972,1564,1062
595,1601,1569,1565,599,1389,1124,1160,1552,1455,56
596,783,599,1256,309,1124,1281,1644,1105,1498,1359
597,1512,1585,1362,783,306,1323,441,1498,1569,1305
598,783,1586,1071,1104,175,9,56,911,667,223
599,783,441,1255,1390,1446,1256,1341,1642,1274,1498
600,1362,1544,480,1608,1043,479,1512,590,600,805
601,783,1601,640,1681,1569,1498,1260,1532,602,1390
602,1359,174,783,942,1105,1498,1387,351,761,1446
603,632,838,185,100,1390,1626,573,1437,1585,955
604,1544,1455,572,1175,272,986,707,800,350,1186
605,1535,1565,1569,441,802,1566,1395,1363,5,638
606,1362,783,1570,1544,1105,1307,1359,1512,1564,1569
607,643,819,175,168,1658,835,283,141,783,880
608,571,814,636,452,492,1152,1384,856,133,1318
609,829,1274,1291,1058,43,1198,517,187,875,1141
610,1533,972,35,1565,1570,816,571,802,1244,142
611,960,1552,1565,599,1023,1104,1620,1358,1544,175
612,1569,1512,1544,1362,1552,1307,1342,1565,986,1390
613,1531,1323,127,1512,1569,1086,1607,1059,1585,149
614,1054,1307,1425,1362,1082,1390,1255,465,576,1585
615,783,1565,1363,1498,1390,582,606,972,441,1535
616,1092,1053,850,178,1274,974,1296,919,57,1114
617,1569,1651,974,615,1552,764,1113,564,194,1575
618,838,1552,1104,1269,374,640,1426,690,1417,1577
619,783,1024,1316,351,1498,1245,942,1359,1407,346
620,1675,980,1387,1446,1105,1417,1673,1211,1581,1256
621,1544,1362,1307,1105,744,1569,1565,1570,479,1160
622,1390,1498,1054,1255,266,1260,368,465,550,757
623,1362,1544,1105,1342,1569,1601,783,919,1620,1307
624,972,441,1362,816,1377,1307,980,1395,1401,530
625,1062,1205,1535,1585,1569,1158,944,1512,58,1521
626,1116,783,353,1282,780,617,1275,1084,373,1474
627,783,667,1535,1396,972,1362,1446,792,1601,602
628,1362,1552,1564,1544,1569,1601,1626,783,1104,1334
629,1586,1071,9,56,175,1201,374,1023,189,1621
630,1569,1607,1124,758,1533,783,862,1395,129,1601
631,1390,1468,1569,1552,1323,154,1358,1505,1124,550
632,1362,1581,1601,1552,1104,1610,1160,644,1446,1417
633,1569,1191,980,1158,5,1341,972,1581,1256,1084
634,1124,1601,1569,1389,129,1544,957,1607,1448,1323
635,1569,18,1586,1675,783,1601,1607,1063,1454,129
636,802,508,1044,606,749,964,718,258,1124,571
637,1389,1552,1565,1601,652,946,1311,1160,960,669
638,1544,1552,1362,324,786,1443,1358,1237,435,1104
639,1362,972,1601,1105,1342,1544,1673,1581,1124,730
640,1570,1362,783,1105,919,1544,972,915,1620,1359
641,1323,503,346,573,1498,1156,198,225,638,157
642,783,1620,1342,972,1570,1532,1544,1362,1498,915
643,1498,1565,1260,513,972,529,663,1396,1681,1621
644,1544,1274,1512,1362,1307,919,1401,1608,236,441
645,1160,1681,792,1565,1084,1651,802,1260,1552,1566
646,783,1498,1601,1390,1552,1681,1323,1160,1389,1362
647,333,1356,1655,1023,1065,292,527,1629,1544,769
648,1569,1124,1607,862,563,129,56,783,564,1601
649,1359,783,1390,1256,1620,1387,1498,599,919,1544
650,967,1569,1644,1105,1535,145,1658,1565,547,478
651,783,1569,1307,1124,1363,1570,1362,441,1387,599
652,1142,1282,360,1124,1307,1425,1569,882,1141,708
653,599,1390,1590,550,521,909,783,1326,1117,56
654,1362,667,538,1182,76,829,1183,680,838,1417
655,1105,1362,411,1250,836,1342,919,1673,375,543
656,783,1158,1535,1199,1430,1359,1057,1532,1585,441
657,1569,783,1054,1158,1512,1390,1585,1604,74,1255
658,743,1362,1198,783,1570,122,1140,1307,829,1141
659,480,1565,600,946,1054,1311,1512,247,967,23
660,783,1390,1498,1054,1569,1255,1353,1260,1344,1490
661,1359,1659,783,1387,441,733,1620,906,1608,1417
662,1446,1581,783,1105,1525,792,1565,1084,445,552
663,1054,1362,1512,1255,1544,1271,915,486,1452,1341
664,1359,1362,1387,1363,1105,1544,1584,1601,906,966
665,441,972,1362,1307,1570,1512,1535,1533,783,1585
666,1124,1334,1544,783,580,1362,1569,122,1105,1186
667,783,1565,1268,1570,1061,972,1363,1167,599,489
668,1512,393,1491,1340,361,1053,622,1390,1642,919
669,1552,1392,301,1274,1564,49,1140,1188,154,992
670,1675,204,83,0,944,251,1586,524,156,1335
671,1063,1544,1105,1535,1362,999,1387,1675,1417,1160
672,1681,550,1073,1082,1498,792,1160,802,1260,12
673,1569,1124,783,1158,56,1256,175,1566,1601,1456
674,539,1058,375,1082,1105,567,515,1152,854,1149
675,463,1425,1260,1610,465,1681,1077,1498,1256,259
676,1084,189,1411,1281,1268,1260,531,1191,363,1601
677,1569,1358,1552,1531,804,1544,1390,1607,986,1512
678,926,1565,1281,587,1256,125,1644,1608,715,1113
679,1105,1387,783,1124,1620,1082,1307,1359,972,1498
680,1124,783,1334,994,1210,862,1456,580,748,928
681,980,602,1673,543,1256,1474,1498,1105,792,1255
682,783,790,1544,919,1607,1608,1359,1275,1387,1620
683,1390,632,718,1140,1124,901,1585,425,396,783
684,783,1570,358,599,569,1147,1200,1569,276,360
685,1544,1362,1359,1063,1342,919,74,915,783,1512
686,1569,1565,5,838,783,1390,796,1362,1437,1552
687,1601,1124,1389,1160,1569,1565,129,1552,1581,1363
688,1581,1362,805,1256,1307,1313,1355,1341,36,1191
689,1193,792,1551,442,1158,1446,1535,504,65,1569
690,1569,1124,1307,1437,1585,715,1565,1059,783,1425
691,1124,1551,1569,1475,107,1535,101,1063,1125,1389
692,1535,571,20,400,441,834,667,1078,63,92
693,1565,1569,802,1498,792,1256,599,441,708,1390
694,972,1602,1570,1609,667,441,1659,932,1362,597
695,74,1512,1569,783,1585,896,1535,1484,796,442
696,441,1585,1390,783,718,1307,1425,1437,35,1498
697,1026,1024,1498,1245,258,606,425,1576,366,1523
698,783,667,1659,1063,1377,427,1105,1362,441,972
699,1211,1646,1533,964,1476,1673,1569,1342,889,814
700,1544,1569,1362,1512,1124,1334,783,1359,1063,1601
701,632,425,1045,832,1262,185,573,47,760,46
702,1446,1581,465,599,29,792,1464,1569,550,633
703,974,1274,1552,926,1544,1510,1113,1114,1358,1362
704,1590,1117,599,1498,921,1429,1390,761,1256,198
705,1160,1498,1301,1681,1260,1566,1462,1552,460,1565
706,577,1363,1535,426,1609,441,452,575,679,269
707,1124,1334,862,740,1569,367,1362,465,1681,635
708,599,708,1105,1158,1581,1124,552,783,101,1644
709,783,1362,1570,1274,1544,441,1182,1390,829,1259
710,441,122,783,1307,1512,35,1585,1082,1570,1363
711,1261,1586,1675,1316,1172,1395,1363,1160,1566,667
712,727,1341,869,802,1191,463,1371,1255,1673,1425
713,1581,599,36,421,374,1601,1673,980,1172,189
714,1054,1569,1170,931,1158,1581,950,1604,967,109
715,1390,1359,414,761,783,420,1585,1498,1323,441
716,441,1363,783,1544,1570,1307,1566,1387,1390,677
717,1569,1610,1586,1566,56,1629,129,1298,204,1529
718,1147,1544,120,1569,744,666,1455,1531,1449,1607
719,783,441,1498,1535,972,1063,792,1532,1446,1362
720,1498,783,792,441,246,1437,463,1585,1390,1425
721,1256,1569,1341,1651,1498,1260,1425,1084,278,463
722,1054,1256,1581,480,1124,1498,1662,1082,1359,1517
723,1488,820,1093,83,50,1311,756,1065,1391,0
724,1363,1565,1566,1160,1389,1307,460,1569,1166,235
725,73,674,1124,0,808,371,470,1334,333,535
726,1389,1601,1323,1455,600,1462,1200,1084,1544,734
727,783,1601,1565,1569,1570,599,1362,1268,972,1390
728,1607,1569,1531,343,758,130,1565,525,1124,1210
729,1054,109,1569,1147,969,1158,1604,605,211,481
730,271,1569,172,1065,1104,759,1658,1358,820,107
731,1569,1566,666,802,1651,758,564,1565,572,460
732,1307,269,1569,828,1082,539,1058,77,1124,1199
733,1529,465,635,107,1334,1551,1104,1279,1124,1063
734,1199,802,1569,783,1585,571,1307,1498,792,1566
735,783,1359,1057,441,1158,1105,1644,1535,915,1255
736,1512,1544,1533,1405,1413,1054,915,1570,1491,1307
737,1124,783,1334,1601,1260,964,1080,506,909,132
738,1488,83,1454,640,563,1629,1411,1552,740,1056
739,1124,783,1601,105,1569,56,599,1471,1644,1367
740,1544,1468,1358,1552,1569,1312,986,1620,1564,564
741,1512,1569,1544,1199,1057,1490,783,74,1186,1585
742,1387,1363,1307,35,441,1082,1313,1359,939,1566
743,1569,783,1531,74,1200,1544,1054,1275,804,1186
744,1607,758,949,1065,1089,294,75,707,804,1655
745,1124,1601,1569,1610,599,1389,1565,101,708,964
746,1620,829,1358,1274,1291,783,1312,1552,547,1198
747,1362,1307,1390,1054,783,1105,1569,1498,1581,969
748,599,1620,964,1256,1646,742,1147,1565,914,940
749,1673,1581,1569,465,504,1160,543,1646,1566,1517
750,537,1008,648,464,582,1225,1124,669,580,1125
751,1644,1281,1565,599,187,533,189,1084,1268,363
752,1334,235,1124,460,1521,1569,1082,973,1323,807
753,1363,759,1569,1307,865,1535,1566,1413,271,1512
754,1082,1566,465,1390,1569,1517,1498,1256,802,1307
755,1362,1124,1544,1607,1552,1601,1363,1570,1160,1389
756,1601,1342,1581,1569,599,1673,1105,783,1565,1620
757,1544,938,1570,1552,1358,1342,1601,1362,972,1564
758,599,1256,1389,1498,1565,1301,1610,1566,1390,1476
759,582,606,599,708,802,1565,550,1261,1291,792
760,1569,1147,599,107,1464,1565,323,125,1552,1651
761,783,1223,721,1200,1281,1113,1054,121,1644,241
762,441,1565,1307,1255,1256,35,802,1299,1401,1390
763,599,783,1437,708,441,1363,1569,1565,1362,1535
764,441,1535,1057,547,539,783,1359,1105,269,102
765,783,1063,1484,1446,1359,1544,74,919,733,1057
766,1512,1390,838,974,1544,393,1274,441,236,1569
767,1259,838,1390,1512,1544,236,799,1564,393,1023
768,792,802,441,1291,1535,972,1190,1569,278,1651
769,783,1446,1063,1535,441,667,416,1359,1387,733
770,1440,826,674,843,592,1261,1316,508,1007,1443
771,1260,1569,1552,1256,1390,1275,1334,1566,1544,599
772,1512,1307,1240,486,1533,907,1299,35,1054,1271
773,938,466,723,1447,846,215,66,790,288,360
774,1533,1570,1620,972,295,1644,1307,902,964,1565
775,783,1359,1105,1054,1124,1644,1158,1200,1126,358
776,783,1446,1105,980,602,1362,1498,309,1258,374
777,1268,836,756,1105,1084,1648,729,1191,1644,707
778,1498,792,1084,1389,980,1565,783,802,1455,278
779,465,1681,792,922,550,155,463,1019,633,1260
780,1274,919,909,1620,1260,783,926,39,974,1092
781,1160,1362,1477,1105,208,611,553,1239,1082,379
782,1498,1256,1260,1341,1362,1255,1390,972,1565,1191
783,972,1570,1260,1673,1371,1342,1565,1569,1552,1601
784,1569,1565,56,640,1390,783,1531,1601,1581,1256
785,1063,799,783,1552,1569,1323,1390,1681,1023,1544
786,1124,635,1610,107,1529,1334,1566,964,465,1363
787,1124,1569,1334,1199,1425,1607,783,862,1210,1531
788,783,1105,1255,915,1474,1158,1362,1446,1054,617
789,1446,602,783,980,83,1269,1675,842,374,1158
790,1363,599,1387,1620,1160,1105,1565,1359,1601,964
791,1498,783,1256,1236,1124,980,1425,972,1070,1255
792,1124,783,1601,1158,1569,1362,1359,109,1105,14
793,1544,783,1362,1512,1307,1570,1105,1359,1054,1569
794,1362,1544,1570,1395,1607,129,1512,1307,972,1552
795,132,1601,1260,1610,1124,909,964,1334,550,1681
796,889,1508,1569,944,0,621,156,1488,204,154
797,1117,1327,225,1662,546,600,1301,1458,465,1214
798,1512,1569,1544,986,1585,1307,1552,1358,564,1390
799,783,1362,1569,1390,1601,1552,599,1544,1446,1104
800,1581,1673,1160,1601,1675,599,980,1565,36,1342
801,805,816,1260,1621,1341,1191,684,1256,543,36
802,1512,1535,1307,441,1569,1299,1585,1190,838,597
803,1607,783,1124,1362,1601,1387,1610,599,1172,1390
804,1445,1182,838,651,1359,1362,1167,193,919,690
805,1570,783,1274,1362,1512,1401,1390,1544,1531,1307
806,441,1362,1535,1363,1082,1566,1581,122,1446,465
807,783,1531,1569,1054,1544,1236,1124,1601,1490,1455
808,1307,1299,1256,1569,441,1565,1408,227,1566,1147
809,1256,1569,1498,1260,783,1362,1601,1124,1390,1425
810,1565,972,1532,513,663,1525,1363,1160,1369,17
811,1160,1411,1601,980,719,1084,1586,1389,142,640
812,1446,1417,151,1529,416,678,1437,1569,783,1269
813,1417,838,1659,1437,690,1442,1454,1269,1435,545
814,350,348,1476,1498,1301,1646,1552,1023,12,1389
815,1601,640,1142,1260,783,1105,672,56,1462,909
816,1256,1498,1084,1389,980,1281,1565,257,725,783
817,465,1307,1517,247,486,155,1271,1371,727,576
818,783,1256,1620,599,1644,1124,1105,1359,1565,1147
819,564,1569,666,758,1533,1468,154,1490,1531,692
820,550,1681,783,1443,1552,1601,1468,1160,508,287
821,1533,1649,1307,1390,1512,1282,333,1054,1425,1570
822,1062,1512,1413,1158,944,1405,1585,783,74,1569
823,783,1570,1535,1071,667,525,1437,897,602,441
824,1552,672,719,640,513,1362,1621,261,1581,1569
825,783,667,1142,1172,4,1607,1048,1387,599,1601
826,1359,1389,1601,1569,1544,783,1124,1607,1256,1200
827,1113,552,926,1190,974,1092,701,1569,764,721
828,1512,783,1570,1390,972,1585,1498,166,74,1532
829,1334,1072,1124,1544,1008,183,964,1063,1029,1275
830,969,463,151,1124,1569,1054,633,1610,14,783
831,783,1569,602,1158,56,5,708,802,1585,1388
832,1092,1281,829,926,1113,1620,1671,1296,1291,1274
833,1569,1581,1124,1158,1601,1105,1673,1362,950,644
834,1544,1387,1607,1413,1512,1275,783,1023,875,1334
835,1544,1512,1569,1413,1199,783,1186,1275,1307,617
836,1387,636,1060,1620,452,622,361,288,534,1512
837,1620,783,1359,1387,1601,1390,1124,304,599,1358
838,783,1028,1434,84,1245,1048,1260,1626,100,396
839,1544,1063,1608,1620,1417,1362,1023,919,1461,1359
840,1565,1160,1363,1061,1311,1586,1268,1566,1172,897
841,783,441,1362,972,1498,246,1484,1437,1585,1535
842,1659,466,790,783,1560,309,776,725,66,234
843,1544,1569,1363,1362,1359,1160,1552,1124,1565,1307
844,783,1601,1124,751,667,938,819,1455,352,456
845,101,1620,1225,1601,783,537,1124,972,14,725
846,1395,1063,333,1476,1356,1032,1655,42,1045,771
847,1387,1359,1390,1316,1363,1362,1512,1313,805,1440
848,1569,1063,783,1256,1389,1601,1498,1390,599,1566
849,425,1301,832,1566,1323,460,632,1610,1390,550
850,516,340,783,1124,1256,1437,1390,1359,462,123
851,1565,1389,1160,1084,1569,1510,972,564,572,1552
852,1552,1358,599,960,1364,595,315,1445,1601,1565
853,1620,783,1405,1644,1461,1570,1359,1544,1105,915
854,783,1124,1569,1607,1531,1200,1256,1544,1282,1601
855,1569,564,1651,792,1084,1455,1160,1565,802,640
856,1255,1498,441,1390,1585,761,1256,783,1207,697
857,1105,1058,1413,836,1082,1535,1307,515,6,571
858,1387,1143,1359,906,966,141,102,1607,1242,209
859,1533,1570,1512,783,441,1585,1307,972,1274,1362
860,1363,1362,35,718,122,441,1566,1307,1535,465
861,1256,1395,1387,441,1566,636,1063,1032,1659,940
862,1403,1417,416,1446,151,784,861,442,1158,1675
863,783,1124,599,1158,1620,708,1105,1437,1601,1142
864,1533,1570,803,1307,1280,1413,907,1409,993,951
865,235,1363,122,539,460,1307,567,35,1082,441
866,1105,1362,1620,1544,1342,1601,919,1359,1608,1644
867,1307,1126,1409,35,668,1533,907,1054,358,40
868,783,1245,1281,1405,1255,74,1498,1353,1642,902
869,1570,1468,1358,1471,1620,1544,1424,1644,295,986
870,1362,1552,1601,663,972,1396,513,204,129,640
871,1681,640,1610,1552,550,107,1153,1651,1455,666
872,1566,1301,56,1586,1160,1124,1392,1140,1334,1607
873,1544,1362,1105,1601,783,1342,1620,1359,1124,1471
874,783,1620,1570,1105,1569,1644,1359,1544,1307,1387
875,1569,783,1124,1544,1390,1512,1359,1362,1585,1054
876,783,1105,1446,1362,1601,980,1158,286,1359,1498
877,1199,155,815,219,1255,657,368,576,1588,1054
878,1569,1566,1651,1158,986,1535,802,1199,1229,1124
879,1362,1544,1552,1274,1564,1570,1569,1358,1510,1531
880,1569,1425,1307,1147,618,998,1326,56,1390,1195
881,1390,1498,783,1359,1544,1552,1260,919,1256,1117
882,1362,1570,783,1313,1268,1182,1105,4,879,680
883,1512,980,72,1430,1359,74,915,1544,1043,393
884,783,1446,550,223,1477,1390,228,351,1681,1498
885,967,950,1581,1170,836,1362,756,1517,1151,782
886,747,309,134,329,783,76,1446,1105,389,1659
887,783,1124,1601,1569,1362,1359,1158,1544,1105,1334
888,1105,783,1082,1256,980,1307,506,617,1387,1362
889,1274,1620,1491,974,765,919,1512,1344,783,1490
890,1124,1569,1334,783,1610,1456,1607,635,1601,1529
891,783,1569,1544,1390,1362,1607,1274,1570,1552,1531
892,1565,1569,599,1581,708,792,550,802,783,1498
893,783,1362,1544,1275,1334,1186,1274,441,1569,1105
894,783,1342,1675,1498,1211,1359,980,1387,972,1390
895,1673,486,295,363,1462,1260,1054,674,247,1371
896,174,690,1362,374,1104,1063,1417,1342,1296,1222
897,783,1105,1601,360,1158,358,1644,1455,458,1362
898,1599,759,838,1512,1566,1022,1565,1552,1363,1544
899,783,1124,506,790,1334,1174,228,347,429,360
900,1552,1104,1426,652,527,1362,1610,1564,1160,1544
901,919,1266,1159,757,1390,240,13,783,974,772
902,1362,1544,1105,211,1614,256,1564,906,919,723
903,783,1104,287,1015,1468,550,1160,56,1446,799
904,1565,838,1274,1390,1544,1552,1362,1342,1445,1642
905,783,1498,792,1620,1063,1646,1532,1681,972,1565
906,783,1063,1601,1160,1362,1104,667,1105,1446,1124
907,783,1063,1023,799,1104,1544,1275,911,1601,346
908,1512,1390,1569,1585,783,441,1565,1570,1307,1363
909,783,1468,1359,1124,1521,1200,1277,1569,140,1057
910,1544,1358,1565,1442,960,1607,1389,1395,1608,1552
911,240,1250,1620,183,1058,1544,576,521,375,1135
912,1620,1471,1644,1105,964,1124,874,630,1058,1461
913,960,1449,1023,917,1544,1552,956,850,1114,914
914,1362,1395,1510,1552,1544,1607,1565,1608,805,1124
915,783,441,1512,972,1105,1362,1570,1377,1585,1405
916,1413,759,92,207,1160,1544,820,834,1535,120
917,350,1453,895,235,329,1008,631,234,257,988
918,783,1535,1446,602,1532,792,1154,489,1158,571
919,1142,1307,816,1158,1570,1533,1569,783,1123,591
920,1610,1124,333,1387,635,1529,1104,964,1140,787
921,1082,1498,1256,1387,1662,599,1105,1117,1590,1124
922,783,1362,1601,667,972,1659,1437,1569,1105,1544
923,783,1498,1245,1390,346,799,1344,1576,1275,1323
924,1417,1269,1581,1446,1624,1435,421,156,374,83
925,1569,1158,1147,1054,802,1307,1124,1565,1199,1256
926,1673,719,1260,513,1371,640,1462,1160,1388,663
927,441,1565,972,1510,802,1362,1498,1160,940,792
928,1446,1274,783,1569,919,1054,463,974,633,969
929,1359,1063,1256,467,282,1023,1112,227,1398,1193
930,783,1291,802,1569,564,441,1651,875,660,829
931,1512,1544,1274,1401,1275,974,1340,1053,1362,1341
932,1569,1531,1147,1124,1490,1017,1307,1199,772,360
933,1387,306,441,1362,612,1395,506,1021,1675,636
934,1124,1063,1601,673,1681,107,1104,783,1610,1505
935,1362,783,1182,1259,1564,743,667,1626,838,1544
936,1279,508,179,1390,1512,692,682,1440,1585,1466
937,442,603,1581,1417,1446,421,1474,1651,1642,1269
938,1569,1535,599,1565,1437,1566,783,441,1363,1256
939,838,1362,1601,1298,796,783,1532,207,1417,1564
940,783,1124,599,1601,1498,1620,1390,909,1569,1644
941,783,1063,1620,1498,911,1601,1334,1389,346,1681
942,109,140,1158,724,1601,931,1604,415,1124,481
