0,19,753,987,947,180,59,123,126,99,303
1,1481,1581,1457,1681,1656,1449,1547,710,1645,1499
2,1481,1681,1656,1457,1581,1499,710,1451,1563,1449
3,1656,1457,1581,1481,1491,710,1499,1563,1681,1121
4,1618,1612,1481,1306,1650,856,1666,1347,1653,676
5,753,987,947,180,19,303,126,99,59,123
6,1339,598,1491,1457,1415,1303,710,1145,1504,1571
7,1457,1581,1656,1481,1563,1449,1491,1499,1681,1598
8,1681,1581,1457,1623,710,1449,1656,1481,1535,1598
9,1457,1491,1563,1681,1656,1581,1449,1481,1452,1499
10,987,753,180,19,947,455,303,305,126,123
11,1481,1457,1656,1449,1581,1681,1582,1563,1618,1514
12,123,753,987,947,180,19,303,305,126,59
13,753,987,947,180,19,303,59,305,126,99
14,1457,1656,1581,1681,1645,1535,1481,1566,1598,1586
15,753,947,987,180,19,59,303,123,50,305
16,1481,1656,1582,1499,1563,1457,1581,1681,1449,1618
17,180,753,987,19,947,303,50,59,284,123
18,1581,1457,1481,1681,1656,1563,1449,1491,1514,1598
19,1656,1481,1581,1605,1449,1681,1457,1613,1673,1582
20,753,947,987,19,180,59,303,123,305,50
21,753,987,180,19,947,123,305,50,267,303
22,753,987,947,19,180,455,126,99,123,50
23,1656,1481,1581,1681,1623,1457,1449,1491,1499,1452
24,1681,1457,1481,1581,1449,1491,1563,1598,1623,1566
25,282,947,753,303,987,267,180,759,19,123
26,1656,1582,1481,1681,1499,1563,1449,1457,1121,1576
27,753,987,180,19,947,123,303,126,455,50
28,1581,1481,1457,1491,1656,1563,1449,1605,1637,1306
29,1491,1581,1481,1457,1656,1449,1499,1681,1578,1618
30,1656,1457,1681,1481,1581,1449,1535,1491,1673,1121
31,1581,1457,1656,1491,1481,1681,1449,1563,1499,1514
32,1581,1656,1457,1491,1514,710,1449,1681,1578,1481
33,1581,1656,1563,1499,1324,1457,1481,1681,1121,1613
34,1581,1656,1681,1457,1481,1566,1586,1499,1563,1235
35,1481,1457,1656,1499,1563,1582,1491,1618,1449,1121
36,1656,1457,1581,1491,1449,1481,1681,1563,1578,1613
37,753,987,947,19,180,59,303,123,305,50
38,1581,1563,1457,1656,1324,1650,1681,1481,1566,1499
39,1481,1656,1681,1457,1581,1449,1563,1491,1452,1499
40,1656,1481,1457,1491,1449,1581,1681,1499,1452,1563
41,753,180,987,947,19,59,305,99,123,126
42,123,753,987,947,180,19,303,59,50,305
43,1491,1581,1449,1457,1656,1481,1339,1514,1637,1605
44,1481,1656,1457,1449,1581,1566,1681,1491,1563,1452
45,1566,1581,1457,1324,1481,1449,1656,1563,1340,1451
46,1656,1481,1457,1581,1681,1449,710,1491,1347,1499
47,753,987,180,947,19,59,123,267,99,303
48,987,753,180,947,244,123,314,50,19,303
49,1457,1481,1491,1581,1563,1499,1452,1656,1681,1566
50,1656,1581,1457,1449,1514,1535,1645,1347,1613,1681
51,1457,1656,1566,1563,1481,1581,1514,1449,1121,1499
52,1656,1481,1457,1581,1449,1681,1491,1563,1566,1499
53,1656,1581,1481,1681,1449,1491,1457,1514,1499,1452
54,1581,1457,1656,1481,1618,1681,1449,1514,1491,1563
55,1457,1581,1656,1481,1491,1681,1449,1566,1578,1563
56,1656,1457,1613,1634,1190,1578,1576,1449,1617,1121
57,1105,1623,1620,1599,1452,1355,1542,1617,1603,1350
58,1145,1289,1504,1491,1576,1681,1449,1481,1603,1457
59,1457,1656,1681,1481,1581,1449,1563,1491,1499,1514
60,1581,1457,1481,1656,1681,1514,1598,1491,1563,1449
61,753,180,987,947,59,19,305,303,99,126
62,753,987,180,19,947,303,123,59,267,302
63,1457,1681,1563,1481,1656,1452,1499,1566,1121,1491
64,753,987,947,180,19,59,99,303,267,126
65,1481,1566,1656,1449,1457,1452,1581,1681,1563,1362
66,1656,1457,1481,1581,1681,1491,1449,1452,1623,1121
67,1581,1656,1457,1566,1563,1481,1449,1491,1402,1514
68,753,947,987,19,180,303,455,59,123,267
69,1654,1660,1681,676,1679,1509,1667,1307,1309,1460
70,1581,1656,1457,1566,1681,1514,1235,1598,1586,1491
71,126,753,987,19,180,59,947,267,455,99
72,1491,1457,1656,1563,1481,1581,1681,1499,1449,1452
73,1581,1457,1656,1481,1618,1681,710,1449,1598,1514
74,1581,1457,1656,1481,1681,1491,1563,1514,1449,1499
75,1681,1656,1581,1563,1481,1457,1121,1613,1491,1452
76,753,987,180,947,19,305,303,126,99,59
77,1457,1566,1581,1481,1681,1449,1598,1452,1514,1547
78,1656,1457,1581,1681,1514,1121,1563,1650,1613,1645
79,1656,1457,1581,1449,1481,1491,1514,1681,710,1121
80,1656,1581,1481,1681,1457,1449,1566,1514,1347,1121
81,1681,1656,1457,1581,1481,1563,1449,1499,1514,1535
82,1681,1656,1481,1576,1121,1449,1547,1347,1402,1457
83,1656,1581,1668,1562,1644,1514,1662,783,1402,1632
84,987,180,753,19,947,59,267,305,303,99
85,1581,1656,1457,1481,1681,1449,1451,1514,710,1566
86,753,987,180,947,19,123,59,303,305,50
87,1581,1656,1457,1566,1481,1449,1563,1514,1598,1624
88,1656,1402,1582,1568,1499,1452,1562,1372,1481,1662
89,1656,1457,1581,1681,1449,1499,1535,1645,1481,1613
90,753,987,180,947,19,59,126,99,303,305
91,1324,1306,1540,1546,1658,1481,1330,1650,1430,856
92,1457,710,1681,1491,1451,1481,1656,1581,1449,1121
93,99,753,987,180,303,123,947,19,50,126
94,1656,1457,1481,1581,1491,1449,1681,1452,710,1514
95,1581,1481,1566,1200,1624,1452,1681,1324,1563,1457
96,1344,1481,1514,1681,1449,1605,1519,1648,1582,1452
97,1656,1581,1681,1613,1457,1563,1449,1562,1514,1499
98,1581,1566,1457,1481,1656,1449,1618,1624,1145,1560
99,1656,1581,1681,1457,1566,1514,1235,1481,1535,1586
100,1457,1581,1481,1681,1656,1449,1491,1514,1563,1344
101,1656,1581,1457,1481,1681,1449,1563,1566,1514,1121
102,1457,1491,1656,1449,1499,1481,1347,1618,1581,1121
103,987,180,753,947,19,303,59,123,50,455
104,1457,1481,1656,1581,1618,1491,1449,1563,1499,1681
105,753,987,180,947,19,303,126,305,267,50
106,1457,1656,1481,1491,1581,1681,1452,710,1121,1563
107,1457,1566,1581,1563,1481,1656,1449,1598,1618,1491
108,753,947,987,19,180,123,303,50,305,59
109,1581,1656,1457,1481,1563,1514,1566,1449,1650,1499
110,1656,1581,1457,1613,1681,1563,1481,1499,1449,1645
111,987,753,947,19,180,123,455,50,59,303
112,753,180,987,19,267,59,305,686,99,284
113,753,987,180,19,284,267,50,126,455,302
114,987,753,180,19,947,303,267,123,59,50
115,1656,1457,1581,1481,1566,1563,1681,1449,1499,1121
116,753,987,947,180,19,303,59,305,267,99
117,1656,1457,1481,1681,1581,1563,1449,1491,1499,1121
118,947,987,753,180,126,99,303,455,123,305
119,1581,1457,1656,1481,1566,1449,1491,1514,710,1598
120,1656,1581,1457,1681,1481,1449,1613,1563,1491,1598
121,987,180,753,455,267,19,284,99,947,126
122,1457,1581,1566,1656,1481,1451,1563,710,1598,1449
123,1656,1581,1481,1681,1457,1566,1514,1449,710,1452
124,1457,1656,1581,1681,1481,1491,1449,1563,1514,1499
125,987,753,180,19,455,947,59,284,282,303
126,1457,1681,1581,1563,1656,1650,1598,1481,1613,1324
127,700,1599,1377,1478,1530,1102,1140,855,19,753
128,1656,1457,1681,1581,1499,1491,1481,1563,1121,1613
129,753,180,987,19,455,947,126,267,123,59
130,1581,1457,1656,1481,1681,1451,1566,1491,710,1514
131,1581,1457,1656,1681,1481,1491,1449,1514,1566,1598
132,1656,1581,1457,1449,1681,1491,1481,1514,1566,1563
133,1656,1581,1457,1481,1449,1681,1491,1613,1499,1578
134,1581,1457,1656,1481,1566,1449,1563,1514,1618,1598
135,1457,1449,1481,1656,1681,1491,1576,1645,1347,1547
136,1457,1656,1449,1481,1681,1491,1581,1563,1618,1522
137,1581,1457,1481,1656,1681,1491,1449,1514,710,1499
138,1581,1499,1656,1457,1595,1613,1673,1623,1563,1451
139,1457,1656,1581,1563,1573,1499,1598,1121,1566,1491
140,1563,1457,1656,1681,1121,1499,1582,1491,1481,1581
141,1581,1457,1656,1491,1481,1681,1449,1623,1452,1563
142,1481,1581,1491,1656,1499,1563,1452,1457,1618,1402
143,1481,1581,1328,1457,1586,1637,1514,1344,1582,1449
144,1656,1457,1681,1449,1491,1481,1121,1576,1581,1347
145,1457,1581,1481,1681,1656,1449,1491,1563,1514,1566
146,1457,1481,1656,1581,1491,1449,1563,1499,1595,1681
147,1481,1190,1681,1618,1457,856,1491,1582,986,1542
148,753,987,947,180,305,303,59,99,314,126
149,1656,1681,1481,1457,1581,1449,1645,1582,1650,1347
150,1566,1581,1598,1457,1623,1563,1656,1514,1362,1624
151,1481,1681,1656,1581,1457,1449,1514,1452,1499,1563
152,1581,1656,1563,1566,1514,1324,1457,1650,1562,1586
153,1656,1581,1457,1481,1563,1681,1499,1452,1514,1449
154,1656,1581,1481,1681,1563,1499,1582,1457,1344,1449
155,1656,1581,1481,1681,1457,1452,710,1491,1578,1402
156,1656,1457,1581,1449,1481,1566,1514,1645,1598,1681
157,180,753,987,19,455,947,305,50,59,123
158,1656,1457,1481,1681,1581,1449,1121,1563,1491,1547
159,753,987,947,180,19,59,305,303,267,284
160,753,987,19,180,59,123,455,50,947,99
161,1457,1656,1581,1563,1566,1514,1499,1481,1449,1598
162,1581,1656,1499,1491,1457,1481,1681,1563,1449,1566
163,1581,1481,1457,1656,1563,1681,1566,1449,1514,1491
164,1581,1656,1457,1481,1681,1563,1449,710,1452,1566
165,1656,1457,1449,1581,1481,1491,1618,1522,1514,1566
166,1457,1656,1581,1681,1491,1449,1563,1481,1566,1613
167,753,180,987,947,19,303,59,123,50,305
168,1656,1491,1457,1581,1481,1681,1121,1563,1499,1452
169,1449,1656,1566,1581,1514,1547,1624,1362,1504,1648
170,1581,1656,1481,1457,1681,1566,710,1563,1449,1499
171,1457,1481,1656,1449,1581,1514,1566,1563,1618,1491
172,1581,1656,1514,1457,1566,1586,1563,1681,1624,1481
173,753,987,180,947,19,303,59,50,99
174,1656,1581,1457,1481,1449,1681,1491,1566,710,1598
175,1656,1681,1457,1581,1481,1535,1645,710,1449,1613
176,1656,1402,1573,1618,1634,1562,1647,1308,1581,1522
177,1656,1457,1581,1481,1563,1449,1681,1566,1514,1491
178,1566,1600,1362,1665,1129,1200,1452,1351,1535,1556
179,753,987,180,947,19,303,267,126,99,50
180,987,753,180,19,455,267,99,126,947,284
181,1581,1566,1656,1457,1563,1481,1514,1449,1324,1547
182,753,947,987,180,19,455,303,305,126,123
183,753,987,947,19,180,303,123,126,50,305
184,987,947,753,180,303,19,99,305,59,123
185,753,987,180,19,947,126,305,99,123,59
186,1457,1623,1563,1613,1449,1656,1566,1581,1645,1349
187,753,987,19,180,947,123,303,50,59,455
188,1373,1505,1504,1630,1403,1453,1189,1320,1219,987
189,753,987,180,947,19,303,126,99,267,455
190,1581,1481,1457,1566,1449,1656,1491,1514,1618,1451
191,1581,1457,1656,1491,1681,1449,1481,1563,1514,1598
192,598,1571,1357,1320,1342,1637,1451,1095,1457,1303
193,1481,1681,1656,1449,1581,1457,1566,1563,1452,1645
194,753,987,947,180,19,126,284,99,455,50
195,987,753,947,180,19,59,126,455,99,305
196,753,987,19,180,947,59,123,305,455,99
197,1586,1617,1565,1365,1567,1370,1079,1623,1679,1328
198,1656,1581,1457,1481,1449,1566,1491,1514,1681,1618
199,1582,1563,1457,1568,1499,1656,1344,1514,1681,1524
200,1499,1328,1348,1306,1365,1649,1481,1491,1659,1356
201,1681,1481,1457,1656,1581,710,1452,1491,1499,1451
202,1581,1656,1566,1457,1563,1514,1449,1481,1681,1598
203,1581,1656,1457,1681,1449,1481,1598,1645,1535,1613
204,1457,1656,1566,1581,1563,1449,1514,1681,1598,1481
205,1563,1566,1324,1672,1581,1457,1491,1514,1452,1560
206,1172,1440,1348,1439,1474,668,803,1158,932,882
207,1481,1656,1491,1581,1449,1681,1457,1578,1452,1514
208,1305,1582,1155,1460,1541,1405,1240,1495,1546,986
209,987,753,180,947,19,303,59,305,267,123
210,1451,1309,710,1348,1457,1328,1095,1476,1190,1342
211,1581,1566,1656,1457,1650,1681,1481,710,1514,1563
212,753,987,19,59,180,305,282,947,267,164
213,1481,1457,1581,1491,1449,1681,1656,710,1618,1637
214,1581,1481,1457,1563,1499,1656,1681,1566,1491,1452
215,1481,1457,1566,1449,1656,1581,1681,1491,1452,1563
216,987,753,180,947,267,314,303,99,305,126
217,1581,1457,1656,1481,1681,1491,1563,1449,1598,1499
218,1656,1581,1563,1457,1449,1566,1481,1491,1681,1452
219,1581,1656,1514,1457,1449,1566,1681,1491,1481,1624
220,1581,1457,1481,1563,1656,1324,1566,1449,1451,1514
221,1563,1457,1681,1499,1481,1656,1491,1452,1121,1613
222,753,987,180,19,947,303,123,59,50,455
223,1309,1344,1582,1605,1654,1489,1328,1561,1677,1363
224,1457,1656,1681,1581,1491,1563,1481,1449,1514,1121
225,1656,1457,1581,1481,1681,1566,1449,1563,1645,1598
226,1656,1481,1457,1449,1681,1491,1618,1581,1347,1499
227,1581,1656,1457,1481,1449,1681,1514,1618,1598,1566
228,1563,1581,1656,1457,1566,1491,1499,1514,1452,1681
229,753,987,180,947,19,59,303,123,99,126
230,1656,1457,1481,1681,1581,1491,1449,1452,1525,1514
231,1481,1457,1449,1656,1681,1618,1581,1578,1491,1645
232,1656,1681,1481,1581,1457,1563,1452,1499,1121,1449
233,866,986,1154,1486,1460,1567,1287,1267,1079,1201
234,1656,1581,1481,1457,1499,1449,1491,1681,1563,1514
235,753,987,180,19,305,284,59,947,267,50
236,1481,1656,1681,1457,1581,1563,1452,1499,1491,1449
237,1581,1656,1457,1681,1491,1481,1613,1578,1449,1499
238,753,987,19,180,947,455,305,123,50,126
239,1457,1481,1656,1491,1449,1681,1618,1560,1581,1563
240,1656,1581,1457,1514,1449,1499,1586,1481,1598,1645
241,1581,1656,1514,1457,1650,1451,1645,1449,1481,1613
242,1582,1565,1497,1460,1662,1495,1568,1681,1658,676
243,1457,1481,1681,1581,1656,1449,1491,1618,1452,1563
244,1566,1324,1581,1563,1514,1656,1481,1582,1650,1344
245,753,987,19,180,59,455,50,947,305,267
246,1581,1566,1656,1514,1449,1481,1563,1681,1457,1344
247,19,180,753,59,123,284,987,164,455,50
248,1481,1681,1457,1656,1581,1449,1452,1491,1121,1566
249,753,987,180,947,19,126,455,305,99,123
250,1457,1563,1481,1581,1656,1449,1613,1582,1324,1645
251,1481,1581,1656,1457,1566,1449,1514,1452,1681,710
252,753,987,947,180,19,303,126,305,99,50
253,1605,1633,1419,1558,1548,1581,1617,1656,1668,1575
254,1481,1566,1457,1656,1449,1581,1681,1563,1491,1499
255,1457,1656,1581,1481,1681,1449,1491,1499,1563,1514
256,1681,1481,1624,1581,1457,1665,1200,1452,1449,1648
257,1656,1681,1449,1562,1581,1514,1344,1481,1582,1362
258,1581,1457,1656,710,1681,1481,1650,1451,1499,1563
259,1566,1581,1457,1481,1656,1449,1563,1598,1402,1618
260,1481,1581,1656,710,1457,1452,1681,1491,1449,1514
261,947,19,753,123,50,59,305,164,318,284
262,753,180,987,947,19,455,123,126,50,99
263,753,987,947,19,180,123,59,455,50,303
264,1656,1581,1481,1457,1566,1681,1449,1402,1563,1452
265,1656,1681,1457,1481,1581,1499,1491,1452,1563,1121
266,1681,1457,1656,1491,1581,1449,1481,1121,1547,1451
267,1566,1402,1351,1639,1373,1340,1558,1353,1306,1338
268,753,987,947,180,19,303,123,59,126,50
269,19,284,753,50,123,303,59,267,180,164
270,987,753,180,947,19,455,267,99,126,305
271,1563,1656,1581,1566,1481,1457,1452,1324,1449,1402
272,1481,1656,1581,1449,1582,1457,1618,1637,1344,1514
273,1581,1457,1656,1481,1449,1514,1681,1491,1566,1563
274,1618,1481,1457,1449,1522,1656,1402,1491,1362,1573
275,1491,1676,1594,1333,1289,1506,1641,1572,1681,1654
276,1656,1457,1563,1491,1499,1681,1581,1481,1121,1582
277,1656,1457,1581,1491,1449,1563,1566,1623,1514,1481
278,1656,1457,1581,1481,1681,1449,1491,1563,1499,1121
279,1402,1665,851,1493,1659,1661,1308,1620,1633,1446
280,1481,1449,1681,1457,1491,1547,1566,710,1452,1656
281,1481,1449,1457,1656,1681,1581,1566,1491,1618,1452
282,1581,1235,1656,1595,1481,1586,1681,1457,1328,1499
283,1656,1457,1581,1681,1481,1449,1563,1491,1121,1566
284,1457,1481,1563,1581,1324,1491,1560,1618,1656,1582
285,753,180,987,19,267,302,303,284,59,314
286,1481,1581,1681,1457,1656,1566,1452,1449,1491,710
287,1457,1481,1618,1656,1451,1357,1581,710,1650,1449
288,1656,1581,1457,1514,1481,1449,1566,1681,1491,710
289,987,753,180,303,947,305,314,267,19,123
290,1504,1624,756,1566,1581,1145,1634,829,1320,1416
291,753,987,947,180,19,303,126,305,99,123
292,1581,1656,1481,1457,1681,1566,1449,1598,710,1645
293,1481,1656,1457,1581,1681,1650,1645,1235,1566,1618
294,753,987,180,19,267,302,126,303,99,455
295,753,987,180,947,19,59,305,123,455,303
296,987,753,180,455,19,126,99,302,59,305
297,753,987,180,19,947,59,303,123,50,126
298,1506,1538,1622,1371,1383,1660,1249,118,1199,853
299,1481,1581,1457,1656,1563,1681,1499,1618,1491,1452
300,987,753,19,59,99,267,947,180,126,455
301,1656,1563,1491,1121,1499,1457,1581,1582,1402,1681
302,753,987,180,947,303,19,267,126,302,59
303,1656,1581,1449,1457,1481,1347,1514,1681,1491,1566
304,753,987,180,947,19,303,50,123,126,455
305,1656,1581,1481,1457,1491,1514,1449,1681,1402,1452
306,1656,1581,1681,1481,1514,1491,1457,1449,1452,1499
307,1656,1457,1581,1481,1563,1681,1491,1499,1449,1514
308,1581,1457,1481,1566,1449,1514,1563,1681,1656,1324
309,1481,1457,1681,1656,1581,1449,1491,1563,1499,1121
310,1595,1556,1568,1626,1638,1457,1481,1324,1563,1681
311,1581,1457,1656,1491,1514,1563,1449,1121,1681,1481
312,1457,1681,1481,1581,1656,710,1451,1491,1563,1449
313,753,987,947,180,19,303,123,267,50,59
314,1581,1656,1457,1481,1491,1563,1499,1681,1566,1618
315,1457,1581,1656,1563,1491,1499,1481,1449,1598,1324
316,1457,1656,1581,1481,1563,1499,1491,1618,1681,1568
317,1656,1581,1481,1457,1491,1681,1449,1499,1563,1452
318,1656,1481,1681,1402,1121,1563,1452,1576,1457,1499
319,1581,1481,1457,1639,1656,1566,1514,1451,1645,1235
320,753,987,19,180,455,126,303,50,99,947
321,1481,1581,1656,1457,1681,1449,1563,1566,1491,1499
322,1481,1581,1656,1457,1681,1566,1563,1499,1449,710
323,1656,1581,1457,1563,1566,1613,1681,1586,1499,1562
324,1648,1668,1675,1639,1548,1594,1522,1344,1514,1476
325,1457,1563,1566,1452,1656,1681,1672,1573,1491,1121
326,1581,1457,1656,1563,1681,1566,1481,1514,1598,1449
327,753,987,19,180,947,455,123,59,50,126
328,987,753,947,180,19,59,303,123,50,455
329,753,987,180,19,947,303,50,126,305,455
330,1457,1656,1563,1681,1566,1481,1452,1581,1449,1491
331,753,987,180,947,19,59,303,123,126,305
332,1681,1581,1656,1457,1481,1645,1514,1586,1449,1650
333,1457,1656,1581,1566,1481,1563,1449,1499,1491,1598
334,1581,1563,1324,1344,1656,1566,1457,1582,1514,1586
335,1581,1656,1457,1681,1481,1449,1578,1514,1566,1547
336,1457,1481,1681,1491,1656,1618,1449,1581,1563,1499
337,1476,1591,1275,441,1412,1320,453,1336,1159,1111
338,753,987,180,947,19,123,303,59,305,50
339,1457,1656,1491,1449,1481,1581,1681,1121,1613,1499
340,1656,1457,1581,1681,1563,1566,1481,1613,1121,1449
341,1457,1581,1566,1491,1598,1656,1449,1362,1524,1328
342,1491,1656,1457,1145,1452,1634,710,1681,1581,1578
343,1656,1457,1581,1481,1449,1681,1514,1563,1566,710
344,710,1457,1451,1581,1613,1650,1190,1645,1342,1095
345,1656,1581,1481,1457,1681,1449,1566,1563,1499,1452
346,987,753,180,267,284,302,19,455,314,50
347,1457,1656,1581,1491,1563,1514,1449,1499,1481,1582
348,1566,1623,1558,1452,1605,851,1155,1079,1234,1063
349,1656,1581,1481,1618,1457,1449,1491,1566,1362,1402
350,1656,1481,1581,1457,1681,1449,1499,1491,1563,1362
351,1656,1581,1457,1449,1491,1514,1563,1681,1481,1566
352,1581,1457,1481,1656,1499,1563,1566,1598,1449,1514
353,987,753,180,947,19,59,99,126,455,305
354,1481,1457,1582,1581,1328,1681,1637,1491,1563,1560
355,1581,1656,1457,1499,1681,1481,1563,710,1566,1491
356,753,987,180,947,303,19,123,126,99,50
357,1581,1656,1481,1457,1449,1681,1566,710,1452,1563
358,1656,1581,1457,1481,1499,1449,1347,710,1613,1578
359,1656,1481,1681,1457,1581,1499,1563,1449,1121,1452
360,753,987,180,19,947,123,303,455,59,50
361,1457,1581,1656,1449,1491,1563,1481,1598,1451,1514
362,753,947,180,19,50,987,303,126,314,305
363,1656,1457,1581,1681,1481,1449,1563,1491,1121,1568
364,1581,1656,1457,1639,1481,1419,1449,1491,1563,1514
365,1581,1656,1457,1481,1681,1449,1514,1491,1452,1618
366,1656,1457,1481,1449,1581,1681,1566,1563,1491,1499
367,753,987,947,19,180,123,303,455,50,126
368,1481,1681,1457,1563,1449,1582,1452,1656,1491,1344
369,1457,1481,1681,1581,1656,710,1499,1563,1121,1568
370,1457,1656,1491,1563,1452,1581,1681,1566,1499,1514
371,1650,1324,1200,1566,710,1653,1563,1481,1306,1547
372,1656,1581,1457,1681,1481,1449,1491,1563,1452,1514
373,1656,1491,1457,1618,1581,1499,1481,1402,1666,1637
374,1656,1457,1581,1481,1449,1618,1681,1491,1514,1522
375,1656,1581,1457,1514,1491,1449,1563,1481,1499,1402
376,1581,1566,1656,1457,1514,1563,1491,1586,1402,1481
377,1457,1656,1481,1581,1449,1491,1681,1566,1618,1514
378,753,947,987,180,303,19,123,50,305,59
379,753,987,180,19,947,303,123,126,50,305
380,753,987,947,180,19,126,99,59,303,305
381,753,987,180,19,947,59,303,126,267,99
382,753,947,987,19,180,126,455,99,303,123
383,1656,1481,1457,1681,1491,1449,1581,1499,1578,1121
384,1581,1566,1656,1449,1586,1563,1613,1457,1514,1598
385,1681,1457,710,1581,1656,1121,1452,1563,1491,1481
386,753,987,180,19,947,59,455,123,305,50
387,753,987,180,19,455,947,123,302,126,59
388,753,987,180,19,947,303,50,123,284,126
389,1656,1457,1563,1581,1566,1499,1121,1402,1681,1491
390,987,753,180,947,19,123,59,303,267,50
391,1656,1681,1581,1402,1457,1481,1499,1563,1121,1449
392,1656,1457,1681,1491,1499,1673,1481,1121,1449,1582
393,866,1075,1154,1314,59,947,164,320,26,753
394,1581,1457,1656,1681,1491,1449,1613,1514,1481,1563
395,753,987,19,947,180,303,50,126,267,305
396,753,987,180,19,947,126,303,59,99,267
397,947,753,987,19,180,59,303,123,126,99
398,1656,1481,1457,1566,1563,1449,1681,1452,1581,1576
399,1457,1613,1656,1681,1581,1650,1491,1563,1121,710
400,753,987,19,947,180,303,123,50,305,59
401,1566,1481,1491,1145,1578,1457,1449,1452,1581,1504
402,1457,1481,1581,1656,1563,1681,1449,1499,1618,1491
403,1457,1681,1656,1491,1121,1481,1563,1581,710,1451
404,856,389,1032,947,303,753,987,320,180,59
405,1457,1481,1656,1581,1681,1449,1595,1499,1618,1491
406,1581,1481,1457,1656,710,1618,1451,1235,1681,1566
407,1481,1449,1457,1656,1581,1566,1491,1681,1618,1563
408,753,987,19,947,455,180,59,123,99,126
409,1457,1481,1581,1656,1491,1449,1681,1566,1598,1499
410,753,987,947,19,59,180,305,267,284,282
411,753,987,180,126,302,19,947,59,123,99
412,1457,598,1650,1342,1634,710,1592,1645,1532,1535
413,1581,1656,1457,1514,1449,1566,1639,1481,1451,1491
414,1656,1581,1481,1681,1457,1563,1449,1491,1499,1452
415,1581,1457,1656,1481,1681,1491,1449,1566,1514,1563
416,753,987,19,180,947,303,123,59,50,305
417,1581,1457,1566,1481,1656,1514,1563,1449,1598,1681
418,1656,1581,1457,1481,1681,1449,1491,1514,1578,1121
419,1581,1481,1457,710,1656,1566,1451,1563,1681,1499
420,1581,1656,1457,1481,1681,1563,1499,1566,1514,1452
421,753,987,180,19,947,59,123,126,455,284
422,1581,1656,1457,1481,1563,1566,1499,1618,1449,1402
423,1581,1656,1566,1514,1457,1449,1563,1598,1613,1121
424,753,947,987,180,59,19,305,303,99,126
425,1649,1650,1568,1659,1666,1646,1499,1446,1681,1492
426,1581,1457,1481,1656,1491,1449,1681,1618,1563,710
427,1581,1457,1566,1563,1481,1656,1452,1499,1491,1402
428,1481,1457,1656,1449,1581,1491,710,1452,1618,1681
429,1581,1457,1481,1681,1656,1563,1491,1449,1499,1566
430,1481,1656,1681,1563,326,1324,1581,1582,1449,1566
431,753,19,987,180,947,267,455,303,284,59
432,1656,1457,1449,1491,1581,1681,1514,1499,1481,1535
433,1481,1457,1581,1618,1656,1449,1566,710,1681,1451
434,987,753,180,947,19,59,99,126,303,267
435,1457,1481,1656,1581,1449,1681,1563,1566,1324,1598
436,753,987,947,180,19,303,123,126,305,59
437,1457,1656,1581,1481,1491,1449,1563,1514,1681,710
438,1656,1581,1457,1514,1566,1481,1402,1681,1449,1563
439,1656,1581,1457,1566,1481,1449,1563,1499,1681,1491
440,1481,1581,1656,1681,1566,1449,8,1452,1514,1547
441,1639,1602,1678,1476,1357,860,1606,1353,856,1646
442,1681,1481,1457,1491,1581,1656,1563,1449,1452,1578
443,1581,1457,1563,1656,1481,1681,1491,1499,1598,1449
444,1656,1681,1457,1581,1121,1563,1514,1481,1452,1566
445,1457,1656,1581,1481,710,1449,1491,1681,1451,1563
446,1656,1581,1457,1449,1491,1481,1566,1514,1522,1637
447,1556,947,753,180,305,59,987,282,126,303
448,1581,1656,1457,1514,1449,1491,1566,1681,1598,1481
449,1481,1457,1581,1656,1449,1681,1618,710,1563,1491
450,1656,1457,1481,1681,1581,1491,1563,1449,1499,1121
451,1419,1363,1602,1417,1580,1409,1639,1548,1582,1605
452,753,987,947,180,19,303,455,123,50,126
453,1457,1656,1481,1581,1681,1449,1491,1568,1618,1573
454,1452,1681,1656,1499,1563,1481,1581,1121,1402,1457
455,1457,1581,1681,1563,1566,1481,710,1452,1451,1598
456,1581,1457,1656,1481,1449,1491,1681,1563,1566,1598
457,1581,1457,1656,1481,1563,1681,1613,1586,1499,1451
458,1566,1634,1402,1504,1145,1573,1340,1308,1522,1647
459,753,987,180,947,19,126,99,123,59,303
460,1581,1656,1457,1566,1481,1514,1563,1449,1499,1491
461,1656,1457,1481,1581,1681,1449,1618,1491,1499,1563
462,1656,1457,1481,1581,1681,1491,1449,1514,1499,1673
463,753,987,180,947,19,303,59,123,50,267
464,1581,1481,1457,1656,1566,1449,1618,1637,1563,1514
465,753,987,947,180,19,303,123,126,305,99
466,1582,1563,1481,1656,1499,1324,1452,1581,1566,1514
467,987,753,180,19,267,59,303,947,284,123
468,1656,1681,1457,1581,1499,1563,1582,1481,1491,1514
469,1656,1566,1581,1481,1457,1347,1499,1514,1449,1563
470,1581,1656,1514,1344,1457,1681,1449,1481,1586,1491
471,753,987,180,947,19,59,305,123,303,50
472,1457,1581,1656,1491,1481,1449,1514,1563,1681,1598
473,1656,1581,1457,1481,1681,1449,1491,1563,1499,1514
474,1457,1491,1656,1581,1449,1481,1681,1514,1522,1598
475,753,947,987,180,19,59,123,303,99,305
476,1457,1581,1656,1481,1681,1451,1449,1645,1650,1598
477,1656,1481,1581,1457,1681,1491,1499,1449,1563,1452
478,1457,1581,1481,1681,1656,1452,1566,1598,1563,1514
479,753,987,19,947,180,455,126,303,123,99
480,1656,1457,1581,1481,1681,1449,1514,1491,1563,1673
481,1656,1457,1581,1491,1449,1481,1347,1578,1681,1613
482,1656,1481,1581,1457,1449,1618,1681,1514,1499,1491
483,753,987,180,947,19,303,59,123,305,126
484,1481,1457,1449,1581,1656,1563,1681,1566,1324,1491
485,1656,1457,1581,1681,1452,710,1121,1634,1481,1402
486,753,987,19,947,180,59,305,303,123,455
487,753,987,947,180,19,305,59,126,303,123
488,753,987,180,19,947,303,59,455,267,126
489,753,987,180,947,19,305,303,126,267,99
490,1457,1491,1481,1581,1681,1656,1449,1563,1613,1499
491,1145,710,856,1190,1647,1491,1415,1625,1560,1666
492,753,987,180,947,19,303,123,267,126,50
493,1681,1656,1457,1491,1449,1121,1481,1576,1581,1563
494,1656,1402,1452,1566,1481,1499,1681,1563,1581,1514
495,1613,1457,1656,1581,1681,1491,1563,1121,1499,1645
496,1632,1581,1670,1656,1567,1457,1571,1618,1402,1573
497,753,947,987,19,180,59,123,126,305,455
498,753,987,180,947,19,303,123,50,59,305
499,1681,1457,1563,1672,1598,1581,1452,1324,1344,1514
500,1656,1457,1581,1481,1449,1514,1563,1681,1491,1566
501,1499,1328,1649,1491,1563,1365,1459,1659,1413,1586
502,1190,1613,1650,1348,1563,1121,710,1592,1653,1347
503,753,987,180,947,19,126,455,99,305,59
504,1491,1656,1578,710,1339,1681,1481,1620,1613,1634
505,1665,947,1321,455,19,753,123,298,987,875
506,1457,1656,1581,1491,1449,1481,1563,1499,1681,1121
507,1581,1563,1623,1681,1457,1362,1491,1656,1365,1499
508,1656,1402,1481,1581,1449,1514,1566,1457,1452,1563
509,1457,1656,1481,1499,1618,1566,1563,1581,1681,1568
510,1681,1481,1457,1581,1656,1324,1449,1563,1514,1344
511,1581,1656,1457,55,1514,1563,1681,1566,1624,1402
512,1481,1457,1581,1566,1656,1491,1563,1449,1451,1560
513,987,753,947,455,180,19,99,126,59,116
514,753,987,180,19,267,59,302,123,303,305
515,1656,1481,1581,1449,1681,1452,1491,1457,1514,1673
516,987,753,180,19,455,284,303,126,50,947
517,753,987,180,947,19,59,99,126,305,267
518,1594,1600,1305,1129,1361,1611,1351,1616,1599,1356
519,1457,1481,1656,1581,1449,1681,1491,1566,1452,710
520,987,753,180,19,267,455,284,50,947,303
521,1457,1481,1581,1491,1656,1681,1563,1499,1449,1582
522,1457,710,1481,1681,1451,1491,1581,1563,1499,1650
523,753,987,180,947,19,303,123,126,50,59
524,1620,1599,1483,753,987,180,19,302,284,342
525,1656,1481,1581,1449,1457,1681,1514,1491,1566,1618
526,1581,1481,1656,1457,1449,1566,1618,1514,1637,710
527,753,947,987,180,19,123,303,50,305,59
528,947,59,753,19,305,282,126,99,318,303
529,1581,1656,1457,1481,710,1491,1514,1563,1499,1681
530,987,753,180,267,19,126,99,59,302,342
531,1681,1481,1457,1656,1581,1563,1449,1582,1452,1499
532,1457,1581,1481,1563,1656,1681,1499,1491,1449,1324
533,1457,1481,1581,710,1656,1499,1563,1566,1121,1451
534,1395,987,753,303,947,180,267,314,123,258
535,987,753,180,947,19,303,126,99,455,123
536,1563,1324,1499,1457,1650,1681,1582,1581,1656,1481
537,1656,1581,1402,1514,1449,1605,1562,1481,1681,1452
538,1656,1581,1457,1514,1491,1449,1481,1681,1452,1402
539,1457,1342,1571,1637,1581,1481,1656,1341,1628,1626
540,753,987,180,947,19,123,59,303,50,284
541,1581,1457,1598,1624,1656,598,1491,1613,710,1504
542,753,987,180,947,303,19,305,126,99,50
543,1581,1656,1457,1449,1481,1681,1514,1491,1566,1563
544,753,987,180,19,947,267,305,303,59,123
545,1566,1563,1581,1324,1560,1672,1605,1624,1452,1579
546,1581,1457,1656,1491,1481,1514,1452,1449,1681,1563
547,1402,1499,1568,1362,1446,1586,1563,1649,1656,1535
548,1457,1656,1566,1449,1563,1581,1514,1672,1639,1491
549,1457,1581,1656,1491,1563,1121,1681,1514,1481,1449
550,753,987,947,180,303,19,126,305,50,99
551,753,987,180,19,947,59,303,267,284,50
552,1656,1662,1514,1485,1402,1581,851,1556,1632,1562
553,1581,1481,1632,1637,1362,1358,1457,1645,1598,1365
554,1481,1457,1656,1581,1566,1499,1563,710,1452,1491
555,1457,1656,1481,1581,1491,1449,1452,1566,1563,1514
556,987,753,180,947,19,455,126,123,99,305
557,1656,1581,1481,1457,1681,1582,1563,1499,1514,1449
558,753,987,947,180,303,19,123,305,59,50
559,753,987,180,947,19,303,59,50,123,267
560,1491,1328,1289,1572,1654,1582,1681,1344,1658,1452
561,1535,1681,1613,1659,1623,1634,1586,1308,1648,1620
562,1581,1656,1481,1499,1457,1449,1563,1491,1681,1362
563,1656,1681,1457,1581,710,1481,1121,1499,1563,1491
564,1656,1581,1457,1481,1681,1563,1449,1514,1121,1452
565,1581,1457,1481,710,1566,1656,1449,1563,1491,1681
566,1457,1563,1582,1656,1499,1481,1581,1568,1328,1595
567,1563,1324,1402,1566,1653,1672,851,1562,1518,1582
568,1509,1324,1566,1624,1595,1681,1289,1630,1338,1200
569,1402,1656,1344,1563,1514,1562,1582,1491,1121,1449
570,1481,1457,1581,1656,1681,1491,1449,1618,1578,1499
571,1457,1656,1581,1563,1481,1681,1121,1449,1491,1514
572,1481,1566,1457,1656,1581,1449,1563,1499,1618,1324
573,1656,1481,1457,1581,1681,1563,1566,1499,1449,1452
574,1581,1457,1656,1481,1681,1449,1491,1514,1344,1598
575,1656,1581,1402,1681,1481,1457,1499,1491,1452,1578
576,753,987,180,947,19,303,126,305,99,59
577,1481,1457,1581,1656,1449,1566,1563,1681,1514,1491
578,753,987,19,180,455,947,126,99,59,123
579,1581,1656,1566,1481,1457,1650,1681,710,1451,1563
580,1481,1457,1681,710,1656,1581,1449,1491,1451,1563
581,1361,1673,1446,1636,1491,1580,1499,1653,1656,1339
582,1656,1457,1481,1581,1491,1681,1449,1499,1451,710
583,1481,1581,1457,1449,1656,1491,1514,1681,1563,1566
584,1457,1656,1581,1451,1650,710,1681,1481,1645,1449
585,1656,1514,1623,1566,1452,1581,1681,1586,1563,1457
586,753,987,180,947,19,126,99,59,303,50
587,1656,1581,1481,1457,1499,1452,1681,1402,1491,1618
588,1581,1656,1457,1481,1681,1449,1514,1563,1566,1491
589,1481,1566,1581,1681,1656,1449,1563,1547,1452,1457
590,987,753,302,59,180,123,19,455,947,303
591,987,753,180,19,947,303,123,50,305,59
592,1656,1457,1581,1681,1613,1481,1491,1121,710,1449
593,1457,1656,1491,1449,1581,1481,1121,1681,1563,1613
594,753,987,947,180,19,123,303,59,50,126
595,1457,1656,1581,1514,1681,1449,1613,1645,1598,1535
596,1457,1581,1656,1681,1481,1449,1491,1598,1563,710
597,1656,1457,1581,1563,1681,1121,1613,1634,1491,1573
598,1457,1581,1566,1656,1481,1451,710,1449,1650,1624
599,1457,1581,1481,1656,1563,1566,710,1499,1449,1637
600,753,987,947,180,19,303,59,123,126,305
601,1457,1581,1656,1566,1563,1514,1491,1449,1598,1595
602,1581,1656,1481,1681,1449,1514,1563,1566,1452,1402
603,1457,1481,1491,1581,1563,710,1449,1566,1681,1656
604,753,987,180,19,123,305,303,455,50,318
605,1656,1581,1566,1563,1457,1481,1449,1499,1362,1491
606,1656,1563,1491,1457,1681,1481,1581,1121,1449,1499
607,753,987,19,180,947,455,123,303,126,50
608,1582,1656,1491,1662,1402,1637,1522,1548,1431,1361
609,1581,1656,1457,1566,1514,1481,1449,1681,1563,1586
610,1581,1481,1656,1457,1681,1449,1566,710,1563,1451
611,1581,1656,1457,1566,1514,1481,1449,1623,1491,1452
612,1324,1681,1563,1656,1650,1672,1481,1457,1581,1449
613,1581,1481,1656,1566,1457,1563,1514,1449,1491,1681
614,753,987,180,19,947,455,126,59,99,303
615,1656,1563,1457,1581,1566,1449,1121,1402,1491,1514
616,1481,1581,1656,1457,1449,1681,1491,1514,1618,1499
617,1681,1535,1481,1547,1649,1576,1665,1452,1121,1568
618,1457,1581,1656,1481,1449,1491,1451,1681,1514,1598
619,1581,1681,1481,1578,710,1656,1452,1306,1491,1457
620,753,987,947,180,19,305,123,303,59,164
621,1259,710,1655,1350,1531,1451,1631,756,1488,1551
622,1581,1481,1457,1566,1656,1449,1563,1681,1491,1514
623,1563,1613,1308,1672,1362,1592,1324,1598,1547,1579
624,1656,1581,1457,1481,1449,1491,1499,1563,1681,1514
625,1581,1656,1681,1457,1481,1514,710,1451,1449,1650
626,1656,1581,1457,1566,1481,1563,1449,1324,1681,1452
627,1581,1457,1656,1449,1681,1481,1491,1514,1547,1598
628,947,753,19,987,180,59,303,123,50,305
629,1656,1457,1566,1121,1402,1576,1563,1449,1491,1452
630,1656,1581,1457,1481,1566,1449,710,1618,1637,1402
631,1656,1481,1581,1457,1449,1618,1347,1566,1681,1491
632,1656,1563,1402,1491,1581,1499,1566,1452,1362,1514
633,987,753,180,947,19,59,303,123,99,126
634,1656,1581,1681,1481,1457,1499,1563,1514,1452,1586
635,1457,1491,1656,1449,1581,1681,1499,1598,1613,1481
636,1581,1566,1481,1656,1457,1449,1681,1578,1563,1491
637,1581,1656,1457,1566,1481,1563,1681,1514,1598,1449
638,625,1550,1664,1483,1526,1323,1321,1672,732,1143
639,710,1583,1306,1667,1351,1639,1419,1451,1339,1566
640,1656,1681,1563,1452,1491,1457,1499,1121,1581,1568
641,1581,1656,1457,1566,1449,1624,710,1491,1573,1514
642,987,180,753,302,455,267,303,123,99,50
643,1634,1457,1491,1656,598,1573,1613,1535,1636,1145
644,753,987,947,180,19,455,126,303,305,123
645,947,753,19,123,305,987,303,180,50,59
646,1481,1457,1656,1449,1681,1563,1452,1672,1491,1324
647,753,987,180,19,947,303,305,455,126,99
648,1656,1581,1457,1481,1618,1563,1499,1402,1566,1637
649,987,753,180,947,19,123,303,50,99,455
650,1457,1581,1681,1481,1656,1491,710,1452,1451,1514
651,1656,1681,1481,1581,1457,1449,710,1347,1645,1535
652,1457,1491,1581,1613,1656,1681,1449,1598,1563,710
653,753,987,947,180,19,59,303,305,99,267
654,1656,1623,1457,1491,1535,1499,1481,1449,1372,1640
655,1681,1481,1457,1581,710,1499,1563,1598,1645,1452
656,1681,1656,1457,1481,1563,1499,1582,1568,1449,1581
657,1481,1452,1681,1499,1491,1656,1581,1457,1563,1623
658,1566,1402,1351,851,1600,1063,1558,1361,1330,1364
659,1605,1579,1561,1306,1620,1644,1547,1617,1330,1558
660,1457,1581,1656,1481,1681,1449,1491,1566,710,1451
661,1457,1481,1491,1449,1656,1681,1581,1452,1451,710
662,1656,1481,1457,1563,1566,1582,1449,1324,1514,1121
663,753,19,987,180,59,947,123,284,455,50
664,1582,1344,1563,1491,1568,1605,1356,1562,1402,1576
665,753,947,987,19,180,59,123,455,50,303
666,1656,1581,1457,1491,1681,1481,1121,1449,1563,1499
667,1656,1581,1457,1514,1681,1491,1449,1121,1499,1481
668,1581,1656,1457,1681,1563,1499,1481,1514,1566,1491
669,1581,1457,1481,1491,1681,1656,1449,710,1578,1618
670,753,987,947,123,303,164,180,50,298,99
671,1656,1449,1581,1481,1457,1514,1535,1362,1491,1344
672,1581,1656,1457,1449,1491,1578,710,1481,1547,1514
673,753,987,180,303,947,19,123,305,267,50
674,1457,1563,1547,1598,1672,1645,1449,1566,1681,1324
675,753,947,987,180,19,59,303,305,282,123
676,1457,1656,1581,1481,1566,1681,1499,1563,1449,1598
677,1656,1457,1581,1481,1449,1491,1563,1566,1514,1121
678,598,1639,1457,1666,1613,1646,1645,1634,1637,1656
679,1581,1457,1681,1481,1656,1449,1491,1598,1514,1499
680,1581,1656,1457,1481,1449,1566,1618,1491,1514,1598
681,753,19,987,59,180,947,455,123,305,284
682,753,987,947,19,180,59,303,99,123,126
683,753,180,987,947,19,302,59,123,126,303
684,1581,1566,1656,1481,1681,1452,710,1457,1563,1200
685,1656,1581,1457,1481,1449,1514,1681,1645,1535,1347
686,1457,1656,1581,1481,1618,1499,1566,1563,1402,1573
687,1656,1681,1457,1449,1481,1581,1535,1491,1576,1645
688,1457,1563,1581,1681,1613,1656,1547,1121,1573,1481
689,753,987,180,947,19,303,126,59,123,50
690,1656,1581,1681,1457,1514,1121,1613,1491,1499,1402
691,1681,1344,1581,1586,1648,1563,1656,1457,1362,1598
692,753,987,947,19,180,59,305,123,303,267
693,1618,1457,1481,1612,1656,1491,1582,1563,1637,1581
694,1681,1457,1613,1656,1581,1645,1650,1499,1121,1563
695,1581,1681,1457,1563,1481,1514,1656,1566,1324,1650
696,1656,1402,1566,1581,1514,1452,1563,1481,1562,1499
697,753,987,19,947,303,180,50,267,59,284
698,753,19,987,947,59,123,180,305,303,282
699,1656,1581,1457,1681,1514,1481,1449,1491,1121,1452
700,1457,1681,1481,1656,1581,1491,1449,1499,1563,1452
701,1121,1491,1613,1457,1656,1347,1576,1578,1547,1563
702,1581,1656,1481,1457,1449,1681,1566,1514,1491,1563
703,1566,1581,1656,1449,1457,1514,1563,1481,1347,1491
704,1681,1121,1547,1576,1481,1656,1452,1650,1563,1347
705,1566,1656,1581,1457,1449,1563,1639,1347,1402,1481
706,1681,1328,1491,1499,1582,1563,1344,1568,1481,1452
707,1656,1481,1402,1681,1499,1347,1581,1618,1566,1121
708,753,987,947,180,19,59,305,303,99,126
709,1481,710,1457,1449,1602,1585,1560,813,1626,1342
710,1563,1656,1499,1566,1581,1457,1481,1681,1582,1491
711,947,753,987,180,19,59,303,123,305,267
712,1457,1656,1581,1481,1449,1618,1681,1491,1598,1514
713,1457,1481,1656,1566,1449,1581,1547,1563,1618,1347
714,1656,1681,1347,1121,1481,1402,1634,1535,1547,1449
715,1457,1581,1566,1656,1449,1481,1563,1598,1514,1451
716,987,753,180,19,947,455,267,99,126,303
717,1457,1481,1656,1581,1681,1491,710,1449,1451,1499
718,1566,1586,1617,1542,1670,1524,851,1493,1579,1587
719,1581,1656,1566,1457,1481,1563,1598,1650,1618,1624
720,1656,1566,1457,1581,1481,1563,1402,1452,710,1681
721,1481,1681,1656,1457,1581,1449,1499,1618,1535,1452
722,1656,1457,1581,1681,1481,1449,1491,1499,1613,1535
723,1499,1656,1563,1582,1481,1566,1457,1362,1449,1491
724,1656,1457,1681,1481,1581,1491,1514,1452,1499,1449
725,1656,1449,1576,1581,1121,1514,1563,1582,1347,1562
726,753,987,19,180,455,947,303,123,50,126
727,1481,1581,1457,1656,1618,1449,1566,1637,1499,1582
728,1656,1481,1581,1449,1566,1457,1491,1499,1452,1563
729,1581,1457,1656,1481,1449,1491,1681,1566,1598,1514
730,1656,1563,1481,1499,1581,1457,1582,1618,1402,1566
731,1581,1656,1457,1449,1491,1514,1598,1566,1623,1613
732,1581,1481,1566,1306,1451,710,1639,1650,1457,1200
733,1481,1457,1566,1449,1581,1656,1681,1491,1452,1598
734,1449,1672,1566,1547,1481,1457,1576,1656,1681,1347
735,1581,1656,1481,1457,1491,1681,1452,1499,710,1449
736,1581,1457,1491,1656,710,1681,1451,1481,1449,1578
737,753,987,180,947,19,303,126,123,99,305
738,1681,1491,1581,1457,710,1673,1613,1504,1451,1563
739,1581,1457,1491,1598,1563,1566,1449,1656,1681,1481
740,1656,1563,1581,1457,1362,1566,1598,1449,1514,1344
741,1457,1581,1656,1481,1681,1449,1613,1491,1598,1645
742,1581,1656,1457,1613,1563,1650,710,1324,1491,1499
743,1581,1481,1457,1656,1449,1566,1514,1451,710,1681
744,987,753,947,180,19,99,305,126,303,123
745,1566,1457,1324,1581,1650,710,1481,1563,1598,1672
746,1623,1457,1535,1481,1524,1681,1640,1585,1645,1341
747,1656,1581,1457,1514,1681,1481,1449,1491,1121,1452
748,753,987,180,19,947,59,303,126,305,99
749,1681,1581,1656,1457,1449,1491,1481,1499,1514,1645
750,1656,1581,1681,1481,1457,1514,1499,1452,1563,1491
751,1638,1234,1570,1495,1353,1537,1676,1541,991,1200
752,753,987,180,19,947,303,123,126,99,59
753,1457,1656,1581,1681,1563,1491,1449,1481,1598,1613
754,1481,1457,1563,1568,1452,1639,1582,1514,1491,1681
755,753,987,947,303,123,19,180,50,99,126
756,987,753,455,180,19,126,99,123,947,50
757,987,753,947,180,99,19,126,59,455,303
758,1481,1581,1656,1681,1499,1452,1563,1457,1566,1402
759,1639,1566,1402,1668,1562,1656,1419,1581,1548,1558
760,753,987,180,947,19,303,126,99,59,123
761,1481,1681,1581,1656,1457,1449,1514,1452,1563,1491
762,987,753,180,19,947,126,99,455,267,303
763,753,987,180,947,19,303,59,305,123,267
764,1581,1656,1457,1481,1491,710,1681,1449,1578,1451
765,753,987,180,19,947,303,267,50,305,126
766,1563,1481,1656,1499,1582,1581,1457,1566,1402,1324
767,1457,1656,1581,1681,710,1481,1449,1451,1491,1547
768,1656,1481,1581,1457,1681,1449,1514,1563,1491,1582
769,1634,1331,1600,851,756,1504,829,710,1610,1320
770,753,947,987,180,267,99,19,303,59,126
771,1656,1681,1581,1457,1481,1535,1645,1613,1499,1449
772,1656,1481,1457,1449,1581,1681,1563,1499,1491,1618
773,753,987,947,180,19,455,123,303,318,50
774,1481,1581,1457,1681,1656,1499,1449,1491,1563,1328
775,1481,1681,1457,1581,1449,1656,1547,1491,1645,710
776,1581,1656,1457,1514,1681,1449,1481,1452,1566,1491
777,455,753,987,19,180,123,50,126,99,267
778,1581,1457,1449,1656,1481,1491,1566,1514,1618,1522
779,1656,1581,1457,1681,1449,1481,1491,1514,1499,1598
780,1457,1656,1581,1563,1481,1566,1514,1681,1121,1449
781,1481,1362,1556,1449,1457,1595,1566,1672,1681,1535
782,1481,1656,1566,1449,1457,1452,1681,1581,1491,1514
783,1457,1656,1581,1481,1681,1563,1449,1650,1499,1618
784,1581,1656,1491,1481,1457,1449,1514,1563,1605,1618
785,753,987,947,180,19,303,59,123,50,305
786,753,987,180,19,123,455,50,305,284,947
787,753,987,180,19,947,123,303,50,59,455
788,1581,1457,1656,1563,1566,1681,1481,1514,1499,1452
789,753,19,59,987,50,947,180,123,164,284
790,1656,1481,1681,1581,1452,1457,1449,1514,1563,1582
791,1681,1457,1491,1344,1514,1449,1481,1648,1581,1451
792,947,753,987,180,19,59,303,305,126,164
793,1481,1656,1681,1452,1457,1499,1581,1449,1491,1514
794,753,987,180,19,947,59,303,123,455,126
795,753,987,180,19,947,455,303,123,305,50
796,1481,1656,1581,1457,1618,710,1449,1306,1681,1647
797,1681,1581,1457,1656,1481,1449,1563,1547,1491,1566
798,1563,1457,1581,1491,1656,1499,1582,1566,1449,1324
799,1656,1481,1449,1457,1566,1581,1681,1576,1347,1514
800,1581,1457,1481,1656,1566,1681,1563,1624,1491,1598
801,1581,1457,1481,1656,1681,1491,710,1449,1578,1451
802,1457,1481,1581,1491,1563,1656,1681,1452,1449,1566
803,1656,1402,851,1568,1639,1514,1562,1235,1566,1668
804,753,987,947,180,19,123,303,305,59,99
805,1656,1491,1457,1581,1618,1481,1402,1449,1522,1573
806,1634,1656,1402,1573,1504,1308,1145,1624,1567,1681
807,1656,1481,1581,1457,1582,1605,1449,1514,1637,1499
808,1581,1457,1481,1656,1681,1514,710,1451,1563,1566
809,1457,1581,1481,1656,1681,1449,1514,1491,1452,1547
810,1656,1566,1581,1514,1449,1457,1481,1452,1491,1639
811,1581,1656,1457,1681,1613,1491,1563,1481,1514,1449
812,1481,1449,1681,1656,1452,1491,1457,1581,1623,1566
813,1581,1491,1457,1578,1656,1504,710,1449,1613,1681
814,753,987,947,180,19,303,126,123,59,455
815,1457,1491,1656,1581,1681,1481,1449,1499,710,1578
816,1481,1457,1656,1581,1566,1563,1449,1681,710,1618
817,1656,1457,1581,1514,1449,1491,1566,1121,1452,1402
818,1457,1581,1656,1681,1645,1481,1535,1598,1449,1566
819,1656,1581,1457,1681,1481,1449,1514,1566,1598,1563
820,753,947,987,180,19,303,123,59,50,164
821,1656,1457,1581,1563,1481,1449,1514,1402,1499,1681
822,753,987,180,947,19,303,99,267,126,59
823,1481,1457,1581,1656,1582,1681,1449,1491,1618,1563
824,1656,1581,1481,1457,1681,1449,1499,1563,1452,1514
825,753,987,180,19,947,303,59,50,267,123
826,1656,1457,1581,1563,1499,1481,1491,1449,1121,1566
827,753,947,987,180,19,303,126,305,59,123
828,1481,1656,1681,1449,1457,1581,1452,1491,710,1673
829,1656,1481,1457,1581,1681,1449,1491,1499,1618,1563
830,1656,1457,1581,1563,1449,1481,1566,1362,1499,1514
831,1499,1656,1563,1681,1457,1121,1491,1582,1481,1581
832,1457,1656,1581,1481,1499,1681,1563,1491,1568,1618
833,1634,1491,1578,1656,1121,1347,1613,1339,1402,1666
834,1457,1563,1566,1672,1656,1449,1481,1581,1324,1681
835,1656,1457,1449,1581,1681,1499,1481,1491,1121,1514
836,1581,1457,1656,1481,1563,1681,1491,1514,1499,1566
837,987,753,180,947,19,59,267,99,126,305
838,1656,1581,1457,1481,1566,1681,1449,1645,1563,1499
839,987,753,180,455,99,126,19,947,314,302
840,1457,1656,1581,1681,1449,1481,1563,1514,1566,1491
841,1581,1656,1457,1481,710,1681,1491,1452,1578,1449
842,1479,753,320,303,267,19,26,305,947,759
843,1656,1681,1673,1121,1582,1514,1563,1613,1562,1499
844,1457,1681,1581,1481,1656,1491,1449,1451,1563,1499
845,1328,1550,1309,1236,1396,1348,1501,1074,1158,1313
846,753,987,947,180,19,303,50,123,455,126
847,753,987,180,19,947,126,123,303,305,59
848,1457,1581,1656,1514,1481,1449,1491,1563,1451,1681
849,1681,1481,1457,1449,1656,1581,1491,1452,1563,1514
850,1623,1372,851,1660,1640,1471,1105,1368,1506,1371
851,1656,1457,1581,1481,1491,1449,1514,1618,1681,1637
852,1581,1481,1457,1656,1681,1563,1566,1514,1449,1451
853,1562,1566,851,1650,1639,1308,1613,1547,1361,1514
854,1656,1563,1582,1681,1457,1449,1121,1581,1491,1499
855,1581,1457,1656,1566,1514,1598,1563,1623,1449,1586
856,1656,1457,1499,1681,1581,710,1121,1481,1563,1491
857,1481,1581,1457,1547,1306,1563,1566,1681,1449,710
858,1656,1581,1457,1449,1481,1514,1491,1566,1563,1681
859,1656,1457,1481,1566,1581,1449,1514,1563,1582,1681
860,1328,1582,1649,1652,1658,1660,1499,1635,1506,1509
861,753,987,180,19,267,284,305,303,50,126
862,753,987,180,947,19,123,59,303,305,50
863,1582,1460,1172,1147,1305,1409,758,753,947,987
864,753,987,180,19,303,947,305,267,123,50
865,1347,1481,1449,1656,1457,1491,1547,1618,1566,1121
866,753,987,180,947,19,303,99,126,123,305
867,1650,1566,1451,1347,1200,1499,1678,710,1547,1235
868,1581,1566,1656,1457,1618,1481,1563,1637,1402,1449
869,753,987,947,19,180,59,303,123,50,284
870,753,987,947,180,303,305,19,123,50,267
871,1623,1499,1563,851,1586,1328,1524,1568,1571,1535
872,1457,1581,1656,1481,1681,1449,1451,710,1514,1563
873,1656,1481,1457,1449,1582,1681,1563,1452,1581,1514
874,753,987,947,180,19,59,305,303,123,126
875,1457,1581,1566,1598,1481,1656,1452,1491,1514,1449
876,947,59,19,753,303,987,305,123,282,164
877,1681,1656,1457,1481,1499,1581,1190,1491,1121,1449
878,1656,1581,1457,1514,1681,1449,1563,1598,1452,1402
879,1581,1481,1563,1566,1681,1656,1499,1324,1586,1452
880,1303,1544,1150,591,1332,1298,984,455,302,753
881,753,987,180,19,947,123,126,455,99,303
882,710,1566,1200,1451,1481,1145,1324,1598,1504,1457
883,1481,1457,1491,1563,1499,1581,1582,1449,1656,1566
884,753,987,947,180,19,59,123,455,126,305
885,987,753,180,99,19,126,267,342,305,686
886,1566,1581,1457,1656,1598,1586,1402,1481,1514,1681
887,1457,1581,1681,1563,1656,1650,1481,1547,1566,1598
888,753,987,180,947,19,59,123,305,50,126
889,1457,1481,1681,1451,710,1581,1618,1491,1650,1656
890,1457,1581,1491,1481,1563,1681,1499,1656,1449,1582
891,1582,1568,851,1565,1341,1330,1493,1661,1562,1621
892,753,987,180,19,947,123,50,305,303,267
893,1566,1681,1656,1535,1481,1452,1623,1514,1581,1457
894,1481,1681,1457,1581,1656,1491,1449,1563,1452,1499
895,987,753,180,19,947,59,123,303,99,50
896,1530,19,59,753,284,267,318,947,123,180
897,1581,1656,1563,1566,1457,1514,1402,1499,1481,1586
898,851,700,753,987,180,302,19,284,342,305
899,1499,1121,1491,1563,1653,1457,1656,1582,710,1347
900,1457,1656,1481,1681,1581,1449,1491,1499,1563,1535
901,1581,1656,1566,1457,1481,1618,1499,1491,1563,1324
902,753,987,19,947,455,180,50,126,99,59
903,1656,1481,1581,1563,1681,1457,1566,1499,1452,1582
904,1457,1481,1581,1449,1656,1563,1566,1582,1344,1514
905,1581,1481,1681,1457,1656,710,1449,1451,1452,1514
906,1457,1581,1566,1656,1491,1449,1563,1598,1514,1522
907,987,753,947,180,303,19,305,99,59,123
908,1656,1581,1457,1681,1514,1449,1491,1481,1121,1613
909,1581,1656,1457,1481,1681,1650,1324,1563,1449,1618
910,753,987,19,180,947,59,50,305,303,284
911,1656,1581,1457,1481,1449,1491,1681,1514,1578,1566
912,753,987,947,180,19,303,123,305,50,126
913,1656,1491,1457,1681,1402,1452,1581,1481,1514,1449
914,1656,1481,1681,1457,1581,1618,1449,1650,1499,1563
915,1581,1656,1681,1457,1563,1481,1499,1121,1514,1491
916,1581,1656,1481,1457,1449,1566,1681,1623,1598,1362
917,1527,1440,1471,389,1409,1641,1348,573,1191,148
918,1656,1581,1457,1639,1491,1514,1522,1481,1449,1618
919,1656,1457,1581,1449,1514,1673,1491,1681,1481,1499
920,753,987,180,947,19,303,50,123,164,305
921,987,180,753,682,19,455,59,267,947,99
922,1499,1581,1563,1681,1656,1457,1452,1481,1568,1402
923,987,753,947,180,303,19,99,305,123,59
924,1581,1457,1656,1681,1481,1598,1449,1650,710,1618
925,1581,1656,1457,1481,1514,1491,1449,1637,1499,1563
926,1656,1457,1581,1681,1481,1121,1452,1514,1499,710
927,1656,1581,1457,1566,1563,1514,1499,1639,1481,1121
928,1449,1656,1362,1481,1457,1566,1347,1491,1618,1645
929,1457,1481,1656,1681,1449,1645,1535,1499,1581,1451
930,753,987,947,180,19,303,123,59,50,305
931,1581,1457,1563,1656,1613,1491,1499,1598,1637,1324
932,753,987,19,180,947,123,50,303,59,284
933,1581,1650,1457,1645,1451,1586,1342,1598,1328,1681
934,1656,1581,1457,1481,1681,710,1566,1452,1514,1451
935,99,987,753,180,947,19,126,303,123,305
936,1457,1449,1481,1656,1566,1581,1547,1681,1645,1522
937,710,1481,1581,1451,1639,1602,1476,1678,1200,1667
938,1499,1347,1653,1351,710,1650,1566,1563,1659,1452
939,1457,1581,1656,1491,1449,1563,1598,1481,1514,1566
940,1481,1656,1581,1681,1457,1449,1566,1452,1514,1499
941,987,753,180,947,19,303,123,455,59,126
942,1581,1656,1457,1681,1481,1491,1578,710,1514,1449
