0,18,113,510,1141,735,9,168,512,513,491
1,99,198,312,301,1612,343,58,5,479,184
2,320,901,520,213,249,513,288,646,9,918
3,0,1652,55,476,1021,735,752,155,128,958
4,108,52,1666,305,332,333,517,287,257,558
5,473,482,646,660,58,602,60,640,1141,133
6,1674,1666,23,5,14,935,1006,134,161,156
7,143,510,134,191,196,301,317,172,97,11
8,55,1652,1650,514,186,126,1571,188,662,181
9,1650,132,99,1674,1652,317,312,1612,222,1235
10,1664,675,346,431,484,305,268,1612,1571,581
11,1674,1664,1650,626,27,21,537,691,698,236
12,49,5,1020,660,1664,1650,462,463,99,427
13,1664,1650,171,1652,5,988,123,1068,989,133
14,18,135,944,704,132,640,161,182,610,602
15,1664,0,1650,27,920,98,871,78,95,97
16,314,428,271,11,126,1141,13,49,149,41
17,275,285,284,222,315,312,407,241,8,427
18,510,136,99,126,514,191,922,168,356,482
19,872,1235,595,82,142,254,327,132,274,450
20,49,477,486,468,501,428,126,143,135,510
21,1666,41,49,54,1141,1072,773,720,587,326
22,99,123,168,167,174,496,407,284,5,88
23,1666,97,428,297,125,179,168,177,314,315
24,1664,1612,301,168,257,346,11,314,63,49
25,312,1612,126,317,271,204,63,301,97,482
26,312,168,315,11,275,1612,314,407,173,271
27,1612,11,55,301,1235,182,155,97,402,88
28,126,63,1612,301,317,285,49,482,97,1615
29,63,47,1342,167,156,168,169,1038,407,1612
30,431,480,126,133,319,326,261,343,339,640
31,301,55,149,520,1612,49,1650,886,297,291
32,1612,1235,95,301,312,49,194,146,11,173
33,1062,174,1504,346,343,462,658,1023,881,291
34,312,142,290,484,299,1612,878,1015,0,496
35,49,1664,880,194,346,343,558,430,740,345
36,128,258,181,204,747,1524,525,519,527,288
37,11,7,1,0,65,1235,948,962,968,54
38,1650,1664,269,1615,49,227,201,274,1235,750
39,318,245,747,267,288,515,1650,523,268,8
40,126,49,345,167,429,150,174,170,479,660
41,1652,21,1235,143,132,750,94,116,484,519
42,94,82,314,315,317,514,1612,236,257,271
43,300,1612,49,326,431,515,430,172,314,529
44,7,63,123,526,49,886,168,171,173,314
45,1650,1615,675,1571,704,1612,343,317,8,58
46,1612,55,8,339,314,275,474,1666,10,271
47,168,99,7,510,660,602,527,173,496,193
48,113,241,223,285,581,343,652,491,480,473
49,897,1021,873,339,301,752,85,252,1100,474
50,11,1235,312,95,173,49,143,204,271,171
51,1664,1666,918,113,47,1674,126,689,696,1038
52,962,1571,97,196,426,63,602,696,1612,285
53,1666,474,55,32,1235,1359,353,512,520,115
54,312,204,1011,173,301,886,97,143,291,182
55,1615,1612,777,515,1235,301,201,734,11,349
56,0,63,735,314,315,1235,288,918,1612,168
57,80,1615,82,709,852,136,612,639,498,510
58,8,55,1666,63,49,600,56,58,59,301
59,63,1666,462,473,407,1578,517,512,515,247
60,312,346,168,299,173,49,180,1235,384,171
61,123,284,99,168,791,174,346,407,49,429
62,55,200,123,82,344,267,49,450,11,1136
63,126,11,49,123,250,301,55,1235,189,171
64,198,168,312,346,1612,131,899,1571,1504,96
65,325,312,1235,11,95,1612,146,49,271,171
66,1664,1674,16,432,168,149,339,249,1666,1612
67,407,428,152,167,285,130,223,489,170,172
68,22,97,126,513,171,181,179,173,134,520
69,1612,312,49,204,63,126,173,479,519,198
70,247,56,511,8,50,241,9,178,812,339
71,1674,126,1571,1005,1011,855,132,886,881,832
72,58,345,473,130,178,208,170,812,241,136
73,314,1612,315,168,271,317,63,356,514,21
74,1011,323,1331,339,337,330,1064,153,422,1650
75,97,99,660,133,126,520,134,602,1141,191
76,56,288,1141,326,473,528,918,113,300,749
77,55,495,704,510,514,1650,285,309,236,1524
78,918,113,136,257,241,245,473,514,9,288
79,55,285,126,514,317,128,204,186,356,191
80,749,478,198,97,126,526,522,525,518,177
81,285,312,407,1072,198,204,343,271,658,481
82,965,168,689,257,142,696,21,418,495,264
83,1612,431,407,515,113,18,271,300,317,305
84,1615,704,314,510,133,407,513,315,1650,168
85,1674,1064,1652,188,324,487,420,602,113,1612
86,49,317,315,314,327,312,731,143,168,496
87,1664,989,1612,675,241,245,115,85,537,1652
88,56,1666,0,41,4,5,44,942,1674,8
89,50,11,1066,56,59,58,60,1049,488,526
90,430,501,63,50,21,314,173,168,271,256
91,99,222,1612,55,407,1666,301,168,11,511
92,312,1612,115,587,285,128,1235,271,0,49
93,44,7,581,1193,133,514,168,855,136,749
94,174,422,168,49,1664,1008,1062,489,125,346
95,1664,194,1650,1674,5,66,1193,68,750,1524
96,5,2,49,75,662,50,654,59,328,330
97,196,897,899,935,1571,654,386,1612,85,1175
98,1666,762,1612,95,951,954,513,520,518,167
99,486,477,496,489,113,198,135,193,1615,640
100,312,1612,68,332,1235,21,299,143,63,116
101,301,515,1612,1506,1664,268,88,58,49,132
102,477,123,11,222,312,315,271,314,115,1612
103,886,49,520,171,291,302,173,312,301,180
104,222,11,301,82,271,1612,312,204,268,257
105,142,206,602,317,514,510,495,168,188,482
106,8,56,314,268,60,59,261,305,516,318
107,200,304,8,1615,169,513,704,314,245,305
108,201,1664,1650,132,872,221,226,227,750,777
109,1612,63,285,156,281,116,1571,1342,297,47
110,1612,301,257,268,739,1235,515,698,325,222
111,312,126,1612,97,749,78,519,1235,68,317
112,863,327,431,409,151,150,120,954,968,168
113,510,301,182,58,125,132,204,515,11,380
114,1666,301,56,291,275,99,345,1239,344,123
115,55,312,181,204,343,275,344,178,1506,126
116,63,1666,49,116,113,198,429,520,519,156
117,41,1666,0,1664,7,6,1235,735,47,1674
118,27,5,207,496,497,47,1664,918,1524,189
119,257,285,303,168,1612,1008,659,123,407,241
120,922,317,132,708,482,241,450,318,7,8
121,5,1652,1650,58,55,805,899,895,936,132
122,480,191,142,130,305,261,241,126,345,46
123,474,41,431,1612,22,1064,740,1615,513,520
124,0,965,968,87,94,704,747,1235,142,495
125,5,1664,922,108,99,7,123,708,696,174
126,1664,65,495,467,1568,567,894,1235,209,229
127,587,126,41,63,299,285,1038,297,287,514
128,285,18,132,602,689,658,478,184,656,377
129,1664,1652,1654,1650,21,22,1011,968,965,1100
130,886,250,749,291,285,343,312,241,284,1612
131,55,174,178,31,343,155,473,344,511,59
132,918,113,317,514,285,63,1612,1038,126,257
133,312,1650,495,236,691,747,14,936,325,750
134,1612,513,1615,113,1359,168,530,514,63,167
135,1612,846,261,168,514,581,113,136,13,310
136,1612,180,1666,1,5,1674,37,55,46,404
137,1666,63,479,49,134,126,482,301,182,11
138,126,1612,155,1504,181,312,343,55,198,156
139,1612,285,317,962,267,63,1571,1235,958,241
140,61,1674,950,325,257,691,495,401,420,391
141,356,1136,345,317,318,126,55,482,241,189
142,1524,1612,520,95,194,249,173,49,301,431
143,63,356,168,514,886,317,922,1612,650,21
144,404,47,66,1666,0,480,81,1615,63,454
145,749,50,275,271,659,356,330,1612,97,317
146,476,897,241,267,320,8,56,1612,311,250
147,959,944,82,80,94,864,704,135,143,639
148,301,294,184,222,297,291,312,174,179,658
149,115,149,312,285,297,49,11,10,314,41
150,113,150,88,80,1615,82,168,689,704,651
151,47,1664,125,1235,514,1268,495,1568,116,738
152,324,156,288,113,310,1175,18,285,1571,1342
153,134,181,640,174,179,126,275,312,22,55
154,1612,285,317,305,126,63,339,1615,514,962
155,513,196,653,198,480,473,1615,602,640,483
156,47,886,1141,420,429,878,483,407,489,193
157,55,1615,58,80,595,606,605,602,615,609
158,1674,23,11,992,954,948,142,154,127,950
159,55,479,356,525,1011,1021,522,126,511,507
160,314,315,16,1133,271,339,268,10,516,287
161,1612,301,291,1235,312,734,426,1504,97,507
162,315,49,171,173,180,271,312,314,886,63
163,965,68,81,95,299,86,750,355,923,120
164,1652,58,610,602,632,177,658,301,131,18
165,534,325,1235,301,728,120,1062,1612,312,715
166,1650,871,854,922,886,97,1578,115,879,88
167,43,392,156,484,738,377,154,514,277,285
168,1038,1235,168,1612,63,514,317,21,1615,495
169,1235,312,299,1612,281,321,325,886,519,116
170,49,171,168,918,510,126,1141,407,173,749
171,510,257,407,99,168,509,515,182,88,123
172,1064,1061,1021,27,13,11,1674,22,1049,651
173,946,58,1674,44,958,1010,935,8,50,59
174,495,63,317,285,271,97,21,482,68,49
175,174,304,268,222,220,55,275,284,267,524
176,55,275,11,186,204,312,95,271,126,356
177,49,21,172,312,82,1235,173,63,257,180
178,475,450,142,314,325,82,271,315,332,894
179,58,1674,10,1666,13,11,19,824,223,222
180,450,287,332,82,681,894,1235,257,65,236
181,1506,312,49,204,495,1612,271,142,135,173
182,1652,602,420,649,689,132,527,99,696,1193
183,169,241,284,261,305,1615,136,8,708,480
184,317,241,169,482,126,1615,1650,1612,512,305
185,0,5,47,63,1038,142,156,190,285,312
186,1612,63,482,407,706,130,1038,190,323,172
187,126,696,63,1674,285,1612,339,301,197,297
188,0,7,479,478,480,1359,1125,13,1128,11
189,49,171,173,1612,312,143,180,1235,63,182
190,312,1612,886,315,275,168,271,173,520,11
191,342,128,706,189,188,323,257,1136,9,82
192,1652,168,696,743,198,47,1175,113,156,284
193,126,271,275,312,1072,343,204,749,10,41
194,1664,173,168,346,1612,49,301,11,7,495
195,177,132,184,196,125,696,426,478,479,658
196,509,63,356,522,171,173,143,168,501,660
197,431,49,345,208,134,326,172,314,210,178
198,515,18,268,301,58,285,407,529,113,174
199,63,49,1650,1664,1674,1612,1615,173,177,1524
200,191,323,339,55,126,812,130,99,186,237
201,301,1664,346,325,715,606,1062,125,698,1650
202,248,1612,301,11,312,271,49,314,346,428
203,1021,59,58,897,291,301,771,268,178,184
204,315,288,314,267,8,271,245,273,14,523
205,49,256,318,249,495,490,510,180,171,172
206,314,315,317,271,1612,1615,495,526,142,63
207,918,314,47,63,495,514,156,168,407,68
208,9,123,473,429,288,918,922,344,510,511
209,135,482,495,317,315,704,63,49,1650,171
210,312,49,1524,171,180,198,173,0,750,81
211,169,236,314,315,495,735,747,288,305,317
212,1674,1666,6,41,54,523,167,1571,168,543
213,58,177,184,178,602,486,113,182,640,525
214,431,1612,198,49,496,479,168,1664,602,747
215,55,155,177,196,179,1359,514,474,268,356
216,56,812,50,1674,288,320,303,323,342,128
217,301,1612,97,177,113,515,18,268,150,184
218,106,128,113,115,968,178,181,844,812,751
219,312,271,1612,10,128,923,1235,285,317,204
220,1666,41,12,312,1504,320,1021,749,918,126
221,1666,1612,332,68,257,143,287,1235,63,923
222,1015,950,135,315,314,271,293,312,486,501
223,68,285,1612,21,63,281,495,691,14,78
224,49,1650,97,735,198,180,525,173,656,704
225,257,301,1235,606,342,1612,1136,11,659,1674
226,99,55,514,211,222,510,511,473,284,179
227,285,268,301,18,125,271,1612,154,935,426
228,487,771,241,184,897,343,1193,484,602,581
229,85,96,1612,1615,70,131,512,530,169,689
230,1612,1235,739,257,301,221,113,188,247,1674
231,80,1612,174,150,1615,431,491,60,407,346
232,55,1664,1650,110,63,457,8,698,482,386
233,480,482,49,646,704,198,473,660,133,207
234,1650,196,181,640,150,1615,55,515,653,204
235,18,558,675,1524,1159,958,876,881,920,923
236,602,99,168,1193,184,479,660,5,198,696
237,1612,63,271,297,11,301,285,21,1235,602
238,1652,41,31,6,22,8,9,11,967,964
239,8,56,314,305,317,315,923,515,10,1612
240,126,1612,271,312,285,63,55,356,204,1666
241,50,56,1612,515,430,1235,920,897,86,82
242,284,99,241,168,123,407,708,47,310,222
243,47,1666,41,566,356,317,305,320,318,304
244,142,82,450,1235,172,257,206,21,537,681
245,60,49,1128,735,428,489,150,301,968,323
246,1615,314,315,317,1612,168,735,510,245,528
247,1666,323,11,149,1612,41,271,287,155,301
248,55,1666,59,514,511,1021,168,155,523,407
249,1674,606,658,771,881,862,301,305,276,275
250,55,1359,1650,173,97,171,297,312,1664,962
251,63,49,11,602,181,97,179,173,168,527
252,132,1235,190,193,317,315,301,312,497,529
253,173,312,510,171,7,180,495,49,661,731
254,55,95,126,128,312,297,344,222,204,186
255,54,1664,1,1666,47,63,5,1652,7,1674
256,1666,49,63,59,5,275,646,168,190,483
257,0,132,495,377,1612,312,527,484,735,224
258,1612,431,326,1504,314,343,126,271,181,186
259,1612,95,146,549,225,1504,832,357,328,322
260,117,1219,696,1064,308,1504,272,297,534,457
261,339,301,606,241,142,1664,8,450,428,130
262,97,749,99,659,656,693,726,426,189,193
263,1664,1650,640,632,660,658,80,663,88,1612
264,1612,514,156,281,420,1038,696,469,116,21
265,123,284,514,99,168,7,222,510,407,922
266,55,1666,41,126,134,133,474,173,1504,168
267,1141,356,49,55,271,186,314,126,171,514
268,513,60,59,1020,855,198,512,1504,243,133
269,1674,0,1664,4,992,1011,962,968,965,933
270,126,510,97,63,317,49,356,173,171,514
271,1666,97,126,99,520,152,136,134,514,275
272,245,318,267,1615,169,241,901,8,305,1650
273,47,1666,1674,479,427,1342,482,407,511,510
274,1612,312,1235,198,1524,300,49,519,288,173
275,97,356,190,171,312,477,271,482,301,1506
276,271,1612,188,113,312,486,115,514,1652,268
277,135,126,142,305,1504,343,312,55,1612,285
278,61,52,1642,840,1168,543,523,541,1159,88
279,47,1666,1674,9,8,1168,1136,688,708,717
280,270,431,1524,1612,417,965,142,68,1654,747
281,1615,11,6,1612,314,486,177,510,60,301
282,0,6,1650,49,1652,8,9,1018,920,44
283,1612,267,113,245,1666,1615,174,1359,11,301
284,1612,312,95,11,49,55,431,287,301,41
285,63,49,326,213,205,1235,342,221,218,739
286,1666,1654,47,27,5,1674,113,958,962,128
287,32,1133,97,143,761,325,275,179,1612,662
288,312,299,156,384,116,204,271,143,264,1015
289,430,142,256,326,965,606,349,894,1235,172
290,47,8,1666,1650,962,41,55,918,530,1654
291,55,602,522,479,514,525,640,481,482,486
292,640,343,126,407,196,177,204,482,473,1141
293,63,1666,49,1141,1664,1359,314,428,95,97
294,1664,1666,1650,1652,1654,918,920,903,989,899
295,8,527,515,529,63,58,465,161,131,492
296,1612,323,301,11,113,706,606,812,130,188
297,0,49,63,173,171,186,526,168,126,312
298,8,428,301,123,1239,708,11,250,314,450
299,1664,75,626,1235,741,739,1571,240,353,285
300,95,1612,314,525,312,293,173,271,171,49
301,270,1612,306,923,326,1666,300,10,287,100
302,126,1359,356,427,704,133,477,482,210,315
303,325,11,173,661,312,95,143,1235,21,567
304,897,1008,735,1021,1009,708,696,918,922,113
305,123,704,497,492,312,271,407,284,315,8
306,1664,346,1136,1128,80,326,108,614,314,1008
307,99,523,88,55,237,257,432,188,167,6
308,257,275,325,1571,805,32,99,1612,631,728
309,343,285,123,749,1612,923,918,128,241,271
310,49,523,1235,180,173,171,214,1524,203,194
311,49,9,0,29,1650,169,131,132,133,670
312,198,479,431,312,343,518,525,176,1524,602
313,1100,989,1015,236,160,158,258,248,353,299
314,46,1650,1664,168,133,150,123,962,222,241
315,581,285,1008,897,370,1193,85,1021,241,211
316,288,300,1612,314,271,326,1235,256,430,49
317,50,21,47,992,142,944,935,154,743,771
318,49,1612,312,168,171,180,1235,172,173,95
319,1615,63,66,9,6,67,1342,513,86,188
320,132,602,527,656,113,196,486,478,1652,481
321,271,503,58,511,653,1175,275,1072,210,640
322,312,486,514,204,477,271,1612,314,315,11
323,1666,1652,899,95,82,94,67,86,78,155
324,59,58,1141,660,1125,491,640,301,213,905
325,327,343,326,364,753,276,132,300,312,965
326,55,895,1650,181,1615,304,704,186,653,22
327,63,407,514,1612,257,168,285,113,156,271
328,312,301,222,886,1612,49,123,962,291,55
329,1664,1,1650,1654,1652,27,7,55,1615,1674
330,55,1664,1650,1674,728,952,342,346,736,324
331,55,1654,1235,86,168,143,1219,1650,874,201
332,168,317,495,172,142,21,659,314,63,68
333,473,174,113,184,479,301,99,237,1020,22
334,41,1612,1504,301,343,431,10,213,248,312
335,49,660,1141,356,354,518,249,510,520,302
336,1674,1652,18,1342,899,196,184,195,177,188
337,512,184,897,487,1061,649,301,241,50,291
338,55,482,473,480,479,478,130,133,126,356
339,417,495,519,484,844,142,1524,1654,27,290
340,63,0,126,476,128,113,519,115,1504,1216
341,481,46,8,477,142,135,150,493,492,312
342,1666,55,56,8,58,59,1141,315,171,168
343,58,482,60,174,177,1612,1141,606,602,301
344,11,222,301,1612,428,315,168,427,99,125
345,115,113,116,1015,171,936,234,224,735,248
346,52,1666,66,72,63,68,75,1359,1612,1571
347,146,1674,49,1664,332,287,269,270,95,1235
348,1664,174,222,268,346,301,297,432,125,581
349,1652,519,479,527,514,113,190,126,1650,0
350,325,63,458,386,470,132,146,312,496,1342
351,132,886,1235,204,211,302,291,312,519,55
352,275,271,204,285,315,312,356,1612,317,407
353,123,708,473,241,115,113,646,735,512,19
354,54,1664,1666,1674,1650,55,1654,126,432,962
355,305,172,407,1072,1612,275,271,315,688,257
356,47,70,331,968,68,67,1015,314,0,312
357,897,873,1064,771,301,310,60,67,18,339
358,63,49,312,1612,168,173,407,171,180,172
359,113,99,514,407,284,356,473,168,511,241
360,99,922,97,602,1193,660,749,133,241,478
361,428,489,125,142,271,285,63,1612,301,315
362,170,3,49,123,113,395,323,172,174,1141
363,1612,1235,741,285,297,739,1664,269,325,236
364,482,55,97,130,126,191,184,323,63,301
365,10,1666,9,946,958,8,51,56,44,58
366,97,1666,6,1674,50,55,128,523,63,514
367,8,326,343,271,314,56,431,612,315,261
368,49,288,1235,1612,317,1524,63,128,180,885
369,515,301,58,897,606,482,862,602,50,734
370,21,312,332,1235,1524,1612,78,95,68,317
371,1674,1664,2,1666,11,10,41,965,120,146
372,968,477,168,115,267,293,317,63,314,315
373,68,5,21,27,116,886,143,1571,181,99
374,49,132,1235,606,312,301,173,1612,95,11
375,301,11,257,1612,63,125,515,177,734,97
376,49,602,1141,522,514,21,97,172,271,356
377,1612,312,305,495,317,315,407,477,1615,271
378,63,1612,1664,97,184,99,510,514,123,174
379,301,222,132,125,477,123,542,428,274,268
380,92,85,1664,704,653,115,113,651,9,656
381,1652,115,181,921,344,343,55,481,496,527
382,1666,47,426,167,152,513,514,489,136,99
383,1612,49,312,1235,95,173,171,168,55,288
384,1652,9,7,5,1038,45,19,47,237,136
385,299,1612,1235,312,470,384,54,11,113,116
386,23,918,7,5,126,123,128,194,191,134
387,1664,1064,1650,113,968,116,237,78,537,495
388,1615,482,473,480,527,481,487,115,895,85
389,1650,78,94,132,131,173,143,691,698,214
390,315,1359,735,284,314,513,1615,653,407,302
391,8,1650,56,55,749,920,126,317,59,316
392,254,300,327,1235,1612,1015,325,322,326,120
393,1168,150,516,142,1571,513,482,477,581,97
394,50,49,7,168,749,606,241,461,482,1136
395,1612,1235,1524,965,747,327,689,142,269,495
396,1650,653,660,1615,186,196,191,180,1359,171
397,97,526,529,126,923,749,495,49,63,68
398,1612,312,880,267,300,303,115,343,250,1235
399,1235,1612,222,420,297,312,55,257,11,95
400,132,161,689,325,401,307,273,257,510,494
401,63,1650,495,426,1612,422,1571,514,527,99
402,1664,885,49,113,1235,530,115,300,302,741
403,132,312,420,527,1652,595,525,1235,486,510
404,1664,70,337,287,49,134,606,750,68,339
405,49,51,55,58,1650,1652,5,75,1612,174
406,1612,1664,301,174,11,49,150,92,237,1506
407,115,706,274,735,968,486,477,200,142,1363
408,19,970,649,614,528,1062,581,509,462,521
409,1612,968,312,132,142,271,115,486,587,477
410,314,1612,326,49,168,1615,315,271,172,63
411,1612,204,126,312,49,271,173,1235,55,11
412,1612,126,317,55,312,274,267,285,514,222
413,55,63,49,482,126,97,305,514,317,113
414,918,317,267,1612,1524,171,49,288,513,512
415,27,99,97,7,854,82,78,844,86,88
416,477,115,431,515,245,305,1612,8,1615,268
417,332,257,82,287,285,450,923,267,14,537
418,63,1615,1612,407,150,135,142,193,428,602
419,123,189,128,812,241,222,113,706,708,922
420,1235,549,132,146,179,525,204,519,832,886
421,489,514,126,486,356,271,11,63,177,1612
422,275,886,511,1612,11,301,250,155,32,222
423,873,661,514,695,691,467,324,370,1169,211
424,474,1666,49,288,520,543,1141,513,205,259
425,482,85,897,895,1615,18,44,301,241,59
426,1666,1664,1,2,4,5,6,1650,1652,1654
427,27,1524,650,96,97,126,21,920,49,483
428,514,271,314,315,1612,1615,407,63,126,477
429,510,509,527,473,479,113,689,602,307,514
430,1612,312,1235,173,171,49,180,21,519,81
431,78,734,97,302,240,1021,291,1612,271,356
432,407,315,314,49,428,510,271,8,56,1615
433,1654,1187,1038,1064,1612,142,258,332,339,447
434,288,171,11,49,1612,302,520,1141,113,180
435,1100,1664,1235,325,332,312,1504,301,741,115
436,11,610,606,605,1217,603,149,92,655,1120
437,50,391,430,168,300,321,291,315,734,281
438,8,708,1615,506,315,312,317,271,1612,477
439,1666,0,1235,115,63,49,50,345,1141,1128
440,49,171,180,173,1612,168,1615,0,735,312
441,513,302,22,55,520,474,155,179,270,237
442,168,314,315,172,142,1612,63,21,271,537
443,1235,606,428,275,276,1062,172,168,11,88
444,126,285,191,68,186,339,345,356,63,901
445,291,301,1612,50,430,862,771,343,1062,1524
446,168,342,257,95,11,1674,99,134,182,197
447,59,88,90,55,58,211,487,482,473,241
448,58,60,428,426,489,482,427,486,136,130
449,47,63,1175,1038,602,1342,1612,434,689,386
450,50,594,219,288,277,430,293,364,349,894
451,5,27,19,844,90,871,750,1136,189,689
452,356,271,1666,1612,314,41,63,126,155,520
453,21,293,0,312,1038,1235,7,236,514,299
454,301,1612,602,63,97,11,184,479,482,173
455,47,651,407,516,168,314,305,275,261,1666
456,7,5,47,1612,21,1168,581,49,63,346
457,581,514,155,487,542,179,184,159,55,1064
458,173,180,1524,750,68,81,1612,1235,171,120
459,275,407,1072,113,511,343,310,58,749,99
460,315,314,271,275,168,250,13,1612,261,407
461,923,688,1235,698,691,738,734,240,1612,315
462,1062,222,515,675,174,257,226,220,496,254
463,55,58,482,486,497,523,510,854,204,1612
464,82,257,1612,188,514,200,8,55,274,314
465,22,135,1571,639,1612,301,275,213,337,339
466,1615,302,115,735,55,49,1650,1612,245,150
467,8,526,55,1615,63,271,200,49,317,304
468,1664,8,1652,13,514,168,610,603,602,605
469,1133,97,522,525,143,312,1011,301,356,426
470,454,470,1235,988,168,949,509,146,116,420
471,1666,1664,1650,2,1652,5,6,1654,8,1674
472,1615,1612,18,10,150,113,63,315,268,285
473,47,1666,749,5,426,659,482,654,134,901
474,312,343,261,275,8,492,708,407,749,490
475,41,47,63,1666,407,489,126,326,271,306
476,1666,1664,1654,88,922,94,918,1615,80,82
477,55,57,542,195,236,215,204,222,220,271
478,168,198,288,749,429,918,528,510,407,173
479,510,659,168,136,257,275,854,58,99,88
480,407,386,1571,491,473,512,241,675,5,18
481,1612,1235,312,299,519,1524,21,173,1674,78
482,747,918,227,327,879,510,5,282,288,704
483,750,86,95,81,1612,1674,7,5,27,21
484,285,18,184,241,1612,923,126,97,317,1193
485,55,922,7,49,510,482,886,511,493,1141
486,63,21,1652,22,11,527,602,525,519,608
487,430,50,1235,86,256,327,364,317,1612,173
488,1674,1664,4,5,6,1666,1652,30,968,965
489,339,213,320,108,126,1136,1239,49,7,250
490,1652,1612,743,511,11,168,407,486,222,198
491,123,879,288,267,918,55,126,749,12,49
492,68,1062,1612,944,914,688,134,135,659,613
493,1664,95,82,21,55,11,149,312,287,222
494,1666,2,1650,1664,885,873,876,862,871,865
495,612,8,749,56,708,344,343,326,1136,490
496,315,288,543,314,326,1612,300,41,271,520
497,155,178,345,113,176,184,182,1141,31,343
498,407,476,314,315,320,305,339,1004,250,261
499,55,320,31,520,197,1021,511,155,1666,9
500,1612,513,514,155,55,1359,168,1666,9,126
501,249,287,270,95,779,681,326,332,23,142
502,49,1664,479,473,487,465,464,962,750,739
503,1674,515,1235,1571,923,386,285,1612,268,771
504,430,968,1612,142,271,301,349,1216,606,965
505,1664,1650,143,1235,49,11,176,173,750,186
506,1664,62,1674,0,63,9,878,358,355,71
507,59,60,1612,1615,489,482,518,512,319,602
508,301,97,285,63,11,1612,297,356,287,21
509,1612,1235,312,173,21,49,171,63,209,180
510,0,85,27,923,81,97,844,1038,1021,126
511,41,1666,356,285,662,126,97,63,315,1359
512,1664,21,1674,1571,131,515,519,658,132,78
513,55,271,82,1612,923,317,257,1235,49,172
514,299,1235,342,95,1612,142,287,420,297,23
515,407,346,257,241,581,168,123,305,267,1136
516,1664,108,90,159,740,635,128,751,46,345
517,47,1664,1674,471,50,5,1613,1612,63,479
518,54,1664,1666,41,60,780,63,49,1615,70
519,285,113,241,115,1612,268,267,317,311,514
520,1612,300,301,1666,326,515,113,174,1141,343
521,178,134,479,126,473,480,184,174,660,99
522,63,1664,0,1650,1652,49,527,537,530,602
523,854,879,99,631,1239,511,886,126,128,317
524,257,1612,315,82,271,314,11,1235,332,312
525,8,130,317,542,514,55,271,126,241,204
526,1650,655,22,662,653,133,895,275,1615,312
527,49,1141,510,182,11,257,171,173,175,1235
528,0,81,1612,95,180,171,173,198,735,429
529,515,897,113,115,268,1612,300,739,301,1652
530,18,735,125,113,132,131,300,1612,301,285
531,63,55,68,78,4,5,1612,1664,49,1652
532,346,5,303,1062,222,1235,715,173,659,14
533,1666,41,67,454,430,116,127,878,332,476
534,1664,1650,5,1674,46,920,90,1654,1652,881
535,7,1664,49,696,314,1235,606,82,954,173
536,55,58,8,510,275,241,99,473,653,542
537,191,186,196,479,527,184,602,126,97,204
538,196,210,513,510,18,317,1615,169,386,581
539,168,1612,407,317,188,305,55,514,167,1674
540,82,780,606,688,1612,132,130,125,968,567
541,126,704,480,150,514,513,1615,167,196,169
542,482,1615,1612,523,1650,510,206,6,1664,88
543,301,49,312,479,171,658,1612,180,198,173
544,63,346,49,1141,543,314,520,171,180,1612
545,1666,2,773,1632,100,91,920,515,530,489
546,1136,8,312,123,241,407,55,250,49,1612
547,1674,1011,88,1018,1524,854,184,99,78,97
548,317,63,21,1235,1612,173,49,271,495,514
549,142,172,495,1612,63,285,309,305,68,180
550,1668,4,6,1674,10,38,1652,55,54,67
551,1612,1664,602,168,301,1615,696,317,63,426
552,1674,510,182,356,184,514,324,1612,88,113
553,1524,1612,312,68,317,495,49,173,63,18
554,1650,320,312,353,245,1612,1613,886,267,457
555,426,477,478,486,497,343,481,1072,356,317
556,47,5,1652,113,496,479,420,429,899,1612
557,1612,285,113,343,126,55,184,204,312,18
558,1666,505,491,431,1342,878,843,100,113,333
559,55,345,301,49,1136,1612,88,474,344,178
560,174,58,178,310,651,524,92,511,113,301
561,862,23,602,688,878,306,197,272,198,199
562,82,1612,332,312,1235,477,495,94,271,257
563,1235,1612,5,1524,168,312,173,327,1674,194
564,8,1664,1666,1650,2,1654,1674,745,6,740
565,156,9,126,191,196,1038,480,514,513,602
566,9,812,1652,41,92,113,178,155,200,208
567,46,1664,480,513,150,142,472,169,704,1615
568,168,407,317,495,305,285,1612,63,189,49
569,150,1615,968,704,431,477,18,142,135,495
570,1141,49,512,171,123,473,301,482,1615,735
571,267,115,312,55,245,8,271,222,268,315
572,514,1615,513,168,314,1612,317,356,407,206
573,923,1571,517,515,241,305,317,268,14,1612
574,204,299,21,525,312,486,271,143,142,1011
575,1612,173,168,1235,78,21,257,63,510,317
576,168,63,271,1504,281,219,317,321,315,1612
577,312,1612,299,1235,49,519,93,658,464,0
578,142,514,82,968,274,486,206,495,188,1038
579,1666,1612,720,901,314,49,249,287,339,332
580,918,130,708,126,261,343,326,9,208,200
581,58,59,645,646,1141,1193,614,133,123,113
582,126,514,356,113,482,63,55,1612,22,97
583,1235,312,1612,49,55,1506,88,344,222,1664
584,7,1664,643,602,650,649,603,606,615,212
585,1612,288,332,520,874,662,281,1524,530,353
586,204,55,1612,97,126,812,287,923,191,186
587,64,50,529,435,546,450,464,430,193,878
588,142,214,180,844,450,353,14,1654,332,312
589,749,343,285,291,241,113,897,59,123,250
590,301,241,184,602,1612,113,285,426,581,478
591,8,1666,477,474,473,486,482,427,426,126
592,150,689,495,515,285,221,1612,1506,63,18
593,1612,514,285,113,317,222,204,312,271,99
594,63,1666,47,489,505,512,520,167,581,514
595,1235,1612,312,353,95,1664,299,49,1654,741
596,1612,128,115,1235,1524,267,288,844,300,587
597,63,1612,113,156,198,918,288,519,1235,271
598,1,1674,1664,1612,101,168,1571,537,496,1568
599,805,317,962,356,1021,407,426,99,22,63
600,56,59,9,491,462,427,489,113,123,136
601,1650,95,171,1524,173,520,49,312,1612,55
602,49,8,7,450,123,1136,344,346,250,698
603,708,631,523,552,1092,450,341,136,696,339
604,886,97,1021,126,749,650,1193,723,426,514
605,431,1571,1235,88,923,1674,221,1506,55,227
606,204,510,55,271,8,477,514,11,82,178
607,97,1664,1169,649,626,1192,1064,356,330,342
608,688,244,275,305,14,675,1072,5,343,407
609,130,301,271,285,204,426,489,478,602,125
610,968,1612,130,142,305,301,285,188,241,223
611,285,1612,132,1235,222,115,658,312,299,274
612,49,1615,63,171,97,173,495,515,510,301
613,49,312,222,171,123,344,708,7,886,289
614,1615,63,482,49,177,126,356,210,1141,271
615,63,356,49,126,113,514,301,519,1235,1141
616,771,696,310,511,615,602,649,184,323,486
617,312,525,1612,204,63,519,495,317,68,1524
618,886,173,194,198,233,1235,146,182,184,301
619,1664,1612,63,1613,526,520,518,1615,50,530
620,1666,1612,918,530,885,520,901,49,257,249
621,55,344,326,315,11,49,95,312,275,271
622,7,123,193,708,509,49,312,168,497,198
623,55,407,123,1612,222,11,168,257,99,284
624,346,168,301,123,174,49,1664,222,11,7
625,123,477,130,510,11,427,284,174,82,204
626,527,595,609,478,485,484,525,480,164,918
627,55,1666,1664,1650,2,479,478,476,457,391
628,55,1674,49,495,143,510,1571,1524,1650,88
629,1612,325,67,486,272,762,1064,297,839,968
630,49,171,172,180,918,173,167,1612,63,168
631,180,171,172,49,173,510,482,317,189,495
632,312,1612,1524,1235,78,173,519,198,525,21
633,47,305,315,314,261,63,1612,271,407,168
634,314,1612,268,315,142,326,428,476,271,8
635,1674,1666,7,469,479,420,457,519,470,430
636,314,168,495,315,285,142,407,154,346,87
637,312,1612,299,1235,116,470,146,173,198,384
638,897,606,602,1285,706,689,323,739,205,905
639,1674,1666,8,1664,7,1650,6,55,479,477
640,304,339,431,314,275,261,343,305,8,60
641,0,5,541,1220,523,579,560,105,108,779
642,431,343,1504,1612,1615,312,133,482,326,479
643,1664,1654,992,965,131,132,1217,1216,142,1674
644,473,178,602,356,113,407,13,1141,640,284
645,1612,312,271,1571,515,923,1235,771,315,430
646,1612,168,312,1615,520,315,173,63,662,49
647,1664,7,37,499,822,49,1235,479,430,1216
648,299,312,1612,21,1235,95,81,173,519,68
649,301,1612,168,11,606,602,49,479,172,1664
650,1072,918,407,271,305,156,749,261,726,314
651,257,247,168,1612,315,325,1235,250,123,271
652,844,918,879,128,263,270,747,923,1524,288
653,63,377,142,21,0,1612,193,968,602,299
654,480,921,1504,895,633,431,133,708,343,602
655,431,895,1650,704,1615,133,213,49,344,632
656,514,1615,236,318,85,304,513,268,386,314
657,1612,312,135,11,271,1615,177,63,602,477
658,1664,1652,1650,142,150,135,1612,1064,1359,196
659,326,49,172,168,918,708,171,1141,489,314
660,482,173,510,186,49,171,317,312,7,180
661,1664,1650,1652,899,988,294,496,55,222,267
662,63,126,339,271,297,301,1612,426,285,11
663,49,473,343,510,312,198,204,640,529,407
664,267,1612,346,1664,245,305,1571,1666,1504,55
665,59,58,55,653,136,513,523,356,178,8
666,130,126,241,271,285,339,356,317,514,63
667,113,968,486,1049,297,301,150,735,115,606
668,285,150,968,495,18,63,704,135,477,271
669,132,312,343,527,613,658,301,204,198,1506
670,457,332,158,337,341,346,76,78,1571,152
671,287,1612,267,200,270,332,257,82,923,188
672,70,525,483,484,481,478,527,510,495,210
673,63,514,520,1342,523,156,723,143,356,314
674,22,259,305,1102,1141,133,653,431,513,516
675,495,491,1019,169,479,509,518,98,168,173
676,82,1612,1018,86,181,142,832,420,326,339
677,204,312,186,1011,181,525,198,126,99,173
678,923,18,345,1524,113,1612,288,128,285,343
679,271,168,1612,314,315,11,1615,407,63,113
680,735,878,198,271,918,1015,743,300,528,1612
681,513,918,288,1612,63,314,530,330,356,516
682,922,123,708,241,344,9,7,189,136,646
683,142,21,450,1612,1664,495,514,95,317,1235
684,302,777,1615,1064,301,1363,218,115,513,269
685,1674,514,524,1168,495,1571,135,99,491,492
686,1612,312,1235,55,317,332,14,128,8,923
687,63,1674,0,1632,1612,1664,7,1613,1615,50
688,1235,172,183,180,327,221,270,227,229,49
689,1011,1038,126,156,116,21,514,469,420,285
690,514,63,650,18,495,481,196,1524,169,177
691,288,267,1612,245,885,180,49,171,300,407
692,275,339,261,1504,320,457,314,631,168,315
693,1612,49,63,11,171,172,271,168,126,1235
694,213,301,740,345,880,474,873,558,1664,46
695,1666,476,474,126,514,923,1239,113,275,261
696,60,1666,63,54,3,6,57,80,9,1664
697,172,326,918,183,49,82,123,200,879,247
698,1664,301,1612,222,297,159,432,294,55,1674
699,49,171,180,271,63,1612,173,314,315,317
700,407,315,285,514,317,510,962,1615,63,257
701,257,143,173,312,3,510,227,94,222,171
702,68,1235,495,356,180,143,173,171,63,76
703,324,305,18,515,1506,196,210,317,495,58
704,1235,454,754,885,120,327,325,293,281,1135
705,301,1612,277,1235,606,11,739,125,696,735
706,55,1083,581,566,85,1664,1654,8,1136,1008
707,1235,317,495,143,271,257,264,195,21,1612
708,520,95,126,1612,68,81,63,1524,186,173
709,1615,482,895,1650,133,1664,602,921,431,22
710,59,1664,8,64,542,58,1615,51,897,610
711,1664,450,475,1013,698,219,1062,728,731,168
712,312,275,1504,1612,343,346,248,886,662,213
713,885,95,180,108,49,270,1612,1235,327,288
714,356,1612,1615,41,49,63,514,735,171,1141
715,1664,968,126,962,130,135,935,85,142,169
716,1652,958,886,899,115,812,854,88,99,1578
717,1612,1674,1571,1524,1235,257,324,299,332,312
718,291,285,268,240,301,897,132,923,18,734
719,1193,696,184,113,126,1038,662,1612,530,1359
720,346,63,1235,297,696,285,168,1359,537,1664
721,1650,1664,515,386,305,1615,245,267,268,1571
722,288,747,167,180,49,1615,885,245,168,171
723,314,312,315,171,271,49,180,94,11,173
724,675,222,285,1612,267,14,1571,294,312,1235
725,293,258,523,320,779,457,661,370,186,236
726,1235,312,271,82,315,1612,204,21,299,309
727,1612,312,1235,222,132,271,250,325,301,299
728,288,1612,267,923,332,1235,353,1654,14,885
729,1650,495,482,269,191,317,318,196,55,274
730,18,935,495,142,130,537,169,210,212,689
731,63,14,495,82,739,659,675,689,305,241
732,113,743,310,651,1175,18,1072,285,156,514
733,495,142,377,1615,293,450,70,735,968,317
734,285,271,1612,130,317,314,315,450,303,82
735,261,271,41,1021,126,339,918,343,1612,749
736,323,136,511,155,99,178,191,514,126,55
737,49,173,171,180,312,172,1612,194,168,1235
738,5,878,880,879,886,708,715,988,291,303
739,49,1612,271,312,63,315,171,301,526,285
740,126,271,204,317,514,285,312,356,63,186
741,271,514,204,356,315,11,314,510,126,511
742,174,92,113,115,496,473,55,1652,344,284
743,1612,285,113,63,602,184,301,514,696,97
744,696,954,323,277,272,127,197,11,1021,50
745,878,529,115,300,299,923,587,312,271,1235
746,8,58,22,318,317,344,343,339,291,296
747,1612,312,49,271,198,529,171,173,407,168
748,431,301,1524,49,1612,18,515,63,495,965
749,1612,314,49,271,180,171,315,94,1615,63
750,407,49,747,123,1136,172,327,510,317,473
751,142,326,172,431,270,968,606,615,305,1664
752,484,935,164,689,495,510,142,704,527,169
753,312,271,204,1612,315,299,309,275,222,1235
754,132,325,420,484,312,273,495,496,1652,195
755,651,168,454,314,306,326,167,127,407,1504
756,1612,11,1666,63,301,257,49,97,1235,197
757,9,55,0,1664,82,1612,7,1038,1049,1615
758,327,312,1612,325,94,1235,384,254,173,171
759,1664,142,150,606,689,269,270,739,968,537
760,68,1612,151,346,150,238,18,54,93,968
761,63,126,99,97,152,514,136,134,660,323
762,58,602,515,178,431,345,487,491,473,609
763,317,1524,63,495,1612,68,18,602,271,1235
764,1066,18,284,285,241,196,513,13,310,602
765,749,126,99,55,407,241,320,5,918,47
766,63,49,1664,5,1650,1674,495,317,479,1615
767,519,317,525,271,204,132,312,527,1612,1235
768,1612,301,1664,268,317,606,734,346,305,142
769,1674,1666,9,1152,18,608,1654,1652,1650,602
770,1615,675,8,587,169,341,747,320,698,537
771,63,168,173,1235,197,50,11,696,1612,1674
772,646,1128,346,407,513,9,491,261,480,473
773,515,300,302,259,431,268,18,1506,115,201
774,55,126,1666,1612,128,918,1136,250,326,267
775,7,5,99,126,168,922,345,172,429,1235
776,58,1664,1652,8,6,60,498,518,529,463
777,100,343,127,1141,155,333,306,326,23,198
778,1612,1235,293,1664,537,94,735,236,82,353
779,317,312,68,1524,168,173,495,309,180,214
780,97,134,1141,171,345,186,182,198,518,660
781,7,50,326,854,82,1235,657,612,708,430
782,49,55,270,301,1235,1612,95,1524,194,269
783,1612,291,301,1235,312,132,519,198,515,173
784,49,1612,171,1615,312,302,180,271,477,315
785,495,317,63,1612,18,285,268,515,1235,1615
786,156,288,99,523,511,420,168,312,222,198
787,99,696,168,749,5,511,1193,113,509,1612
788,213,344,55,312,95,181,345,194,275,126
789,312,1612,325,761,315,271,32,515,301,11
790,1612,142,688,309,312,315,299,271,587,168
791,918,407,171,180,326,168,173,528,198,288
792,1615,63,49,1612,126,530,314,317,271,267
793,99,1615,1612,653,646,656,602,640,514,513
794,344,55,523,88,267,496,168,407,646,245
795,95,82,94,142,450,168,510,173,188,1235
796,49,269,171,173,495,201,180,97,186,1615
797,0,1235,168,878,988,309,1015,299,327,384
798,168,210,315,63,11,271,257,314,356,275
799,1235,1612,312,519,222,301,97,173,132,21
800,332,82,287,257,587,300,1612,923,515,1235
801,1612,954,1235,95,146,168,454,342,384,543
802,356,474,126,113,184,155,653,97,63,22
803,7,95,173,168,171,1235,454,429,49,1612
804,1652,1664,6,60,9,1650,645,606,11,639
805,1615,1650,486,477,312,315,314,82,428,304
806,1664,1615,1568,168,832,173,523,1612,308,326
807,63,0,479,483,429,482,97,1524,171,173
808,168,142,314,1612,428,172,305,346,407,130
809,0,1664,1650,1652,962,47,1654,899,113,735
810,1664,1612,475,11,741,299,606,312,325,301
811,312,14,475,1235,587,254,332,1612,431,214
812,191,186,143,181,324,465,1674,55,134,196
813,301,1612,342,11,1235,1674,606,97,182,197
814,1235,132,115,123,128,844,85,113,529,587
815,1612,21,1235,0,606,81,142,95,317,49
816,1615,150,1664,1612,530,269,431,1064,270,602
817,49,173,171,180,1524,68,97,301,201,203
818,49,1666,0,1011,1021,10,479,478,41,22
819,1612,301,312,271,1235,11,149,250,297,285
820,1664,21,0,1652,1650,18,11,968,935,169
821,346,49,168,180,171,173,407,249,327,1062
822,1666,55,68,63,1612,47,1342,181,168,126
823,476,320,1612,312,1504,457,128,258,267,832
824,124,1674,4,5,1652,1664,988,1062,176,173
825,1666,95,886,1612,1062,1571,534,1674,275,332
826,1612,1615,268,1235,300,115,1664,301,245,271
827,60,602,653,615,1021,199,196,191,525,514
828,55,126,356,186,97,482,204,191,22,317
829,1652,769,131,125,123,182,198,193,656,115
830,95,525,233,186,171,661,886,173,312,1011
831,312,299,271,1612,1015,1235,21,514,156,116
832,487,480,134,159,191,176,184,345,615,22
833,97,63,654,315,301,271,734,1612,317,330
834,324,88,142,305,132,442,301,317,1571,188
835,132,99,113,97,204,198,179,182,184,602
836,245,282,735,747,288,267,241,169,689,1615
837,55,477,82,189,172,1615,1612,704,200,918
838,312,113,1612,299,1235,222,115,271,11,247
839,1674,1664,1650,1652,55,1615,479,482,159,150
840,257,689,739,430,50,277,303,1235,659,696
841,962,126,211,241,302,1650,55,22,18,1612
842,342,88,301,344,194,6,1235,249,182,11
843,1612,314,271,142,315,305,10,339,326,275
844,658,125,303,222,301,285,299,132,5,1612
845,1664,1666,1674,465,519,512,470,128,126,123
846,56,314,50,326,301,515,346,172,734,430
847,9,6,873,920,886,918,922,56,854,164
848,1664,1666,1650,1652,968,1654,6,27,965,1674
849,0,1654,120,965,1015,147,168,878,94,885
850,52,1571,149,91,95,662,886,181,520,194
851,1612,343,431,1504,312,142,168,602,484,135
852,49,1235,171,312,180,173,95,879,299,194
853,130,191,339,55,126,92,208,304,142,186
854,168,11,407,1612,314,356,511,315,197,1666
855,130,142,495,317,21,204,126,312,271,514
856,115,318,267,8,245,268,386,55,288,241
857,268,305,275,314,315,1612,304,8,515,271
858,115,476,146,174,1235,268,250,247,245,271
859,99,126,168,5,510,1674,407,317,482,189
860,735,268,274,484,968,495,603,331,897,895
861,58,1666,1664,60,61,6,63,50,67,1632
862,1666,923,824,99,812,808,1612,88,82,736
863,49,1674,63,1666,113,167,173,514,1612,55
864,136,123,168,1128,1008,250,174,284,323,12
865,288,513,901,318,245,317,314,516,958,530
866,1664,962,1650,885,108,918,920,90,85,88
867,513,520,528,1202,174,176,473,429,198,302
868,167,1615,55,429,513,473,302,480,704,646
869,126,186,55,191,204,482,356,345,317,97
870,457,520,662,294,1235,297,1674,1612,95,149
871,1235,332,312,299,1612,117,691,68,21,142
872,171,173,180,49,312,301,95,1235,209,81
873,1615,513,356,1141,314,63,97,302,514,113
874,431,58,407,126,134,473,646,305,178,167
875,514,1612,317,1615,285,495,63,169,315,407
876,522,530,198,519,520,356,314,317,300,302
877,314,315,407,918,491,528,489,13,749,305
878,63,330,271,315,314,257,1612,32,1666,356
879,1650,1652,704,895,132,662,131,1571,135,133
880,430,50,1612,364,602,965,1235,256,86,21
881,1674,1664,5,1650,422,419,417,403,377,431
882,59,6,155,176,631,168,645,1102,1109,1168
883,652,897,510,646,1061,515,1010,487,473,491
884,495,317,236,1612,21,514,312,1235,82,214
885,60,49,113,1578,146,115,836,175,180,1141
886,1612,1668,0,1,1613,1615,6,1642,9,85
887,63,962,173,123,113,168,514,171,180,169
888,1666,306,11,1612,10,41,271,314,923,275
889,99,92,791,126,133,168,660,135,134,191
890,1674,142,125,132,131,99,240,188,696,1235
891,1674,407,179,173,482,479,749,198,483,478
892,1612,173,49,312,171,1235,180,95,63,126
893,478,602,426,482,708,184,99,1612,631,486
894,49,168,245,407,1612,1615,735,267,315,314
895,510,126,271,314,204,49,171,172,173,315
896,1674,1664,965,117,142,1024,11,120,927,1235
897,431,314,339,1615,304,305,8,142,704,318
898,1664,301,285,1612,658,346,222,962,150,581
899,510,186,171,922,173,7,49,429,180,661
900,23,21,965,992,968,142,120,116,168,945
901,312,204,510,99,7,168,407,497,726,465
902,660,520,633,602,513,356,126,99,186,196
903,1038,923,844,1612,258,1235,236,219,317,741
904,301,1235,1612,11,49,95,291,312,182,250
905,285,1612,267,1571,113,581,1456,245,1359,962
906,1666,1664,1652,1654,4,1049,1064,1038,968,965
907,301,1612,606,1664,132,1235,317,482,142,1650
908,962,85,1136,99,92,82,90,1612,812,88
909,519,186,514,204,97,126,21,356,1235,1038
910,905,923,515,812,113,407,88,19,946,172
911,168,407,415,602,285,489,47,305,142,261
912,514,314,356,210,510,513,191,315,271,317
913,1064,297,1175,602,486,125,272,323,285,420
914,174,123,284,407,168,250,149,346,222,267
915,473,126,407,513,261,356,136,133,646,918
916,886,698,805,523,631,325,275,32,211,457
917,9,8,123,1008,450,241,250,631,708,284
918,142,595,317,1612,312,132,343,647,484,482
919,312,55,1506,1571,99,1650,1612,204,181,196
920,142,1235,312,1506,254,595,132,495,1664,681
921,327,314,168,346,1615,747,528,1612,407,735
922,97,99,1664,1674,301,55,1359,611,345,356
923,1615,1664,495,482,1650,317,1612,510,274,206
924,270,1612,1235,66,404,63,696,21,537,221
925,314,271,315,13,1612,8,267,115,250,268
926,1664,1654,82,968,709,142,183,681,417,450
927,1674,0,1664,5,6,7,8,1652,49,47
928,97,126,186,356,49,171,191,514,510,63
929,291,132,301,211,715,325,897,805,240,728
930,285,317,312,63,1612,271,514,21,68,315
931,487,473,407,483,123,99,482,134,510,497
932,407,198,284,204,473,99,749,1072,356,481
933,1664,1650,736,747,989,750,962,124,1571
934,285,99,1612,1235,325,14,741,420,1571,537,236
935,1674,8,1664,1650,633,609,632,630,581,652
936,267,49,171,180,312,123,257,346,55,11
937,63,49,1664,68,442,213,495,126,97,135
938,1664,0,1666,1652,1654,32,27,743,741,738
939,1612,420,325,222,1235,312,457,832,297,450
940,168,126,171,49,1612,285,514,271,317,312
941,1664,0,1038,962,126,68,7,285,190,422
942,0,41,10,1654,968,115,128,923,1235,844
