0,0,1681,1679,1678,1677,2,1675,1674,1,1673
1,291,2,1680,3,4,1677,5,1675,7,8
2,3,4,7,8,9,11,51,50,49,48
3,1657,0,1681,1659,1679,1678,1677,1676,1675,259
4,2,3,1680,4,1678,1677,1676,7,9,48
5,1665,1660,1661,1662,1680,1679,1678,1663,808,807
6,2,3,1680,1679,1678,1677,1676,1675,5,45
7,1471,942,133,1674,1673,1672,132,1670,1669,1668
8,2,3,1680,1679,1678,1676,9,1674,46,5
9,2,1681,1680,1679,1678,1677,1676,1675,3,5
10,3,4,5,7,8,1677,9,1675,49,47
11,0,1681,1680,1,1678,2,1676,1675,1674,1673
12,0,1681,1680,1679,1,1677,2,4,1673,3
13,3,1681,1680,5,9,1677,1676,10,46,45
14,1665,3,1681,1680,7,8,1677,1676,1675,1674
15,34,1657,1658,1661,1680,1662,1678,1677,1663,9
16,0,1,4,5,1678,9,10,50,48,46
17,3,4,1680,5,8,1677,1676,9,47,46
18,1656,0,1681,1680,1659,1678,1660,1662,1675,23
19,3,4,6,7,1678,8,1676,1675,1674,48
20,1656,1660,1681,1661,1662,1678,1677,1663,1648,23
21,0,1681,1680,1679,1,2,1676,1675,1674,1673
22,1471,848,1316,1674,1673,1315,1314,1670,1313,1668
23,301,268,1680,2,1678,1677,50,49,48,57
24,0,1681,1,2,3,1677,1676,4,5,1673
25,1,1680,2,3,1677,4,5,8,47,0
26,0,1681,1,2,1678,1677,1676,1675,1674,1673
27,1668,1,5,1680,10,1678,11,51,46,45
28,3,7,8,11,13,52,51,50,49,48
29,1,2,1680,3,1678,5,1676,1675,8,46
30,1,6,7,11,1678,52,51,50,48,46
31,0,1,1680,2,5,8,1676,9,1674,46
32,0,1681,2,3,1678,1677,1676,1675,1674,1673
33,1261,1676,903,1674,1673,1672,1671,902,1669,1668
34,2,1681,1680,1679,1678,1677,3,4,5,1673
35,1632,1633,32,1635,1636,1637,1640,15,14,11
36,2,3,1680,1679,5,1677,1676,9,49,46
37,3,4,1680,5,7,1677,9,10,49,47
38,0,1681,1,2,1678,1677,3,1675,1674,5
39,0,4,1680,1679,5,1677,1676,8,9,48
40,407,1,1680,1679,3,1677,4,5,9,48
41,0,2,1680,4,5,6,1676,7,1674,1673
42,2,1681,1680,1679,1677,1676,5,1674,3,45
43,1668,32,37,0,1681,38,39,40,829,828
44,1,1681,1680,2,1678,1677,3,1675,4,7
45,1659,0,1681,1680,1679,1678,1660,1676,1675,1674
46,1657,1658,1659,1649,1679,1650,11,9,8,23
47,0,1681,2,1679,1678,1677,1676,1675,3,4
48,0,1681,6,1679,1678,9,51,49,47,46
49,0,1681,1,2,1678,1677,3,1675,1674,4
50,1668,0,1681,1680,1679,8,10,1676,1675,48
51,2,3,1680,5,7,1677,1676,1675,9,48
52,0,1,3,4,7,1677,9,1675,1674,48
53,1677,1676,1277,903,1673,952,1671,1670,1274,1273
54,143,2,3,1679,1678,4,1676,5,1674,1673
55,0,1681,2,1679,4,1677,1676,5,1674,1673
56,2,3,5,1679,1677,1676,10,48,42,6
57,1681,3,6,1678,7,1676,1675,1674,0,1673
58,1,2,3,4,1678,5,1676,1675,1674,6
59,1,2,3,4,1678,1677,5,6,46,45
60,24,32,1656,0,25,26,27,1678,1677,28
61,1,7,1680,8,1678,11,1676,50,48,45
62,0,2,4,1678,6,50,49,48,5,44
63,1657,1664,56,1632,1658,32,1662,1649,9,23
64,1663,0,1681,1680,849,862,861,859,856,855
65,1656,9,1659,1680,1660,1678,1662,1676,1663,1648
66,0,1,2,4,1678,5,6,1675,1674,1673
67,0,1681,4,6,1678,7,1676,1675,1674,1673
68,0,1681,6,1679,10,101,1676,50,46,44
69,32,33,0,1681,34,36,1678,37,39,1675
70,2,5,1680,1679,7,1677,1676,9,1674,48
71,0,2,3,1679,4,1677,1676,1675,1674,6
72,0,1,1680,1679,1678,2,1676,1675,1674,1673
73,4,1681,1680,1679,5,1677,1676,9,49,47
74,0,247,1680,1679,2,1677,1676,1675,5,6
75,3,5,6,1679,1678,1677,10,50,48,45
76,2,3,1680,4,5,1677,1676,6,9,46
77,0,1681,1680,1,2,6,1676,1675,1674,1673
78,3,1681,4,1679,1677,7,8,9,48,5
79,1677,87,1675,88,90,1672,1645,94,95,1668
80,0,1681,1680,1679,1677,1676,3,5,2,6
81,1668,0,2,5,1679,1678,6,1676,1675,1674
82,1657,0,1681,1659,1679,1649,22,21,3,15
83,1656,0,1681,1680,1679,1678,1658,1659,1675,20
84,3,1681,1680,8,10,1677,1676,50,49,47
85,6,1681,12,1679,1678,51,47,45,60,59
86,3,4,1680,5,1678,1677,7,9,47,46
87,0,1681,2,3,1678,5,1676,1675,1674,1673
88,3,5,1680,8,9,1677,1676,10,49,46
89,0,1681,2,1679,1678,3,6,1675,1674,1673
90,2,6,10,1679,1678,12,51,50,44,58
91,1,1681,3,1679,1678,4,6,1675,7,47
92,0,1,1680,4,1678,1677,5,10,45,44
93,2,3,4,1679,1678,6,7,1675,1674,47
94,0,1681,1,1679,3,6,1676,1675,1674,1673
95,4,5,1680,8,9,10,1676,48,46,45
96,3,7,8,1679,9,11,51,49,48,47
97,1664,0,1681,1,1679,6,7,8,1675,1674
98,2,1681,3,4,1678,1677,1676,5,6,48
99,1656,0,1681,1657,1679,1661,1649,1650,23,22
100,0,1681,6,1679,1678,51,47,45,58,67
101,1656,0,1681,1680,1659,1678,1660,1676,1675,1674
102,0,1681,2,3,5,1677,1676,1675,1674,6
103,2,1681,1680,3,1678,1677,1676,1675,5,6
104,0,3,1680,4,5,1677,9,50,49,48
105,1656,1658,1681,1680,1679,1678,1659,1649,9,8
106,1668,1658,0,1659,1660,1662,1678,1649,1650,1
107,56,57,24,59,60,48,1680,1641,0,1654
108,312,5,6,10,1678,11,1676,50,48,46
109,3,4,1680,7,8,9,1676,1675,49,48
110,1656,0,1681,1659,1679,1678,1661,1662,1675,1674
111,1,3,1680,4,5,1677,1676,9,1674,48
112,2,5,1680,1679,1678,6,1676,8,9,48
113,1658,1659,1660,1680,1679,1648,1677,1676,9,21
114,0,1681,2,1679,4,6,9,49,47,46
115,3,4,7,1679,1678,8,9,1675,49,48
116,0,1681,6,1679,1678,10,1676,1675,48,44
117,0,1681,1680,1,1678,1677,2,3,4,5
118,1667,1,3,4,5,8,1677,9,47,46
119,0,1,1680,2,1678,1677,3,1675,5,48
120,25,1666,1665,1664,26,28,29,32,17,54
121,1666,0,1681,1680,1,2,1677,4,5,6
122,1471,970,1675,1674,1673,845,1671,1670,1082,1668
123,0,1681,1,1679,3,1677,4,1675,1674,1673
124,172,227,1,2,1678,4,1676,1675,1674,1673
125,1,1681,2,3,1678,4,5,6,7,46
126,1665,1,2,1680,3,927,925,924,923,936
127,1677,894,1087,1286,1673,1086,1671,1670,975,1084
128,1,2,1680,1679,4,1677,5,9,47,46
129,0,1,3,6,7,1677,1676,1675,1674,1673
130,1677,1023,1229,852,1673,1672,1671,1670,1669,1227
131,0,1,2,1679,3,1677,4,5,1674,1673
132,1667,1658,1659,1681,1680,1679,1660,1677,1649,23
133,2,3,1680,1679,1678,5,1676,1675,1674,6
134,2,1681,3,1679,1678,1677,1676,4,5,1673
135,1261,1676,987,1674,1673,1672,986,1670,1669,1668
136,2,1681,3,1679,4,1677,7,50,49,48
137,1670,6,1681,12,1679,52,885,884,880,879
138,32,1656,0,33,41,1651,1650,1648,1647,1646
139,34,36,0,37,39,41,1651,1650,1648,1647
140,3,1681,6,1679,1678,7,1676,9,49,48
141,0,1,3,4,1678,6,7,9,1674,48
142,1,4,1680,5,1678,1677,9,10,48,45
143,1657,1659,1681,1680,1649,1678,8,3,1664,15
144,1669,3,6,9,11,12,51,797,811,808
145,0,1,2,4,5,1677,9,1675,1674,46
146,3,4,1680,5,6,1677,1676,8,9,47
147,4,5,6,1679,1678,9,1676,10,48,46
148,0,6,1680,7,8,11,1676,50,49,48
149,1671,1657,1662,1649,1680,1650,1652,11,8,23
150,0,1,3,4,1678,1677,1676,1675,1674,6
151,2,3,1680,4,1678,1677,1676,5,7,8
152,0,1,1680,2,1678,1677,3,4,5,1673
153,0,1681,3,1679,6,1677,1676,1675,1674,7
154,0,1,3,1679,4,1677,7,1675,9,48
155,2,3,1680,1679,1678,1677,1676,4,5,6
156,3,4,6,7,8,1677,9,50,49,48
157,0,1,1680,2,3,1677,4,5,8,46
158,2,1681,1680,1679,1678,1677,1676,3,4,5
159,2,1681,3,6,1678,7,1676,1675,1674,48
160,1676,1664,3,1677,8,1679,1658,10,899,911
161,2,3,1680,4,1678,1677,5,7,9,48
162,1656,1661,1662,1680,1648,1650,1677,9,8,23
163,0,1,4,5,1678,1677,1676,1675,1674,1673
164,1,1681,3,1679,1678,4,1676,5,1674,1673
165,1666,0,1681,2,1679,1678,5,6,1675,1674
166,0,1,1680,1679,2,4,5,8,1674,1673
167,1656,1657,1659,1662,1649,1650,11,8,23,21
168,0,1681,1680,1679,2,6,1676,1675,1674,7
169,3,7,9,1679,11,51,49,48,47,59
170,0,1681,2,3,1678,1677,4,5,6,46
171,2,1681,1680,3,4,1677,1676,5,6,8
172,3,4,6,7,9,1677,11,50,49,48
173,2,3,1680,4,6,1677,1676,1675,1674,7
174,1471,1676,1675,1674,1673,1672,1066,1272,1271,1668
175,1666,0,4,1680,1679,5,1677,1676,867,866
176,0,1681,1680,1679,1678,1677,1676,1,1674,1673
177,1668,0,1681,1680,1679,1,2,6,1675,1674
178,1656,1662,1681,1680,1649,1650,1677,9,23,22
179,1657,0,1662,1663,1649,1650,11,9,23,22
180,3,5,1680,1679,9,10,1676,46,45,44
181,1677,1676,1247,1674,1673,1672,1671,1670,1669,1668
182,3,4,5,6,7,1677,9,50,49,48
183,1677,1676,933,1255,1673,1254,1253,1643,1252,1668
184,0,1,2,1679,1678,1677,3,4,5,1673
185,1,2,3,4,1678,5,7,1675,8,46
186,3,1681,1680,1679,4,6,1676,1675,1674,1673
187,0,1681,2,1679,3,1677,1676,1675,1674,6
188,220,343,4,6,7,1677,8,9,1674,47
189,0,1681,1680,1679,2,1677,1676,1675,3,5
190,1670,2,1681,1680,1679,9,10,1676,50,49
191,3,8,1632,10,13,51,50,58,57,54
192,1,3,1680,7,8,9,1676,1675,1674,47
193,1,188,1680,3,1678,5,8,9,48,45
194,343,2,6,1679,1678,7,50,48,44,59
195,0,1681,2,1679,1678,3,1676,1675,6,7
196,1677,765,1675,764,762,1672,761,759,755,754
197,1,3,4,5,1678,6,1676,7,1674,8
198,0,1,1680,4,5,1677,6,1675,1674,1673
199,0,1,2,4,5,1677,6,8,49,48
200,1656,1661,1681,1680,1679,1678,1648,1676,8,21
201,0,4,6,7,1678,8,1676,1675,1674,1673
202,2,3,1680,4,1678,7,9,50,49,48
203,0,1,1680,1679,1678,1677,1676,1675,2,1673
204,0,1681,1680,1679,1,1677,1676,1675,1674,1673
205,0,1681,3,1679,5,1677,1676,1675,1674,1673
206,1663,0,1668,2,1679,1678,6,1676,1675,1674
207,0,1681,1,2,1678,1677,1676,1675,3,4
208,2,3,1680,4,1678,1677,5,7,8,47
209,0,1681,1680,1679,2,1677,4,5,6,1673
210,1,2,3,4,1678,1677,5,1675,7,48
211,2,1681,1680,3,6,1677,1676,1675,9,44
212,25,1666,1665,1664,27,1632,29,32,30,40
213,2,3,1680,7,8,1677,9,50,49,47
214,3,4,5,7,1678,8,9,50,48,47
215,0,1,3,4,1678,7,11,50,48,45
216,1,2,3,4,1678,5,7,1675,9,46
217,0,1681,1680,1,2,1677,3,4,5,1673
218,1471,1075,842,1266,1673,900,1072,1670,1669,1263
219,0,7,8,9,11,51,50,49,48,47
220,1677,57,861,1674,1673,1672,55,46,1669,45
221,1261,911,1642,1091,1673,973,1290,1670,972,1668
222,1665,0,1681,1,1679,2,1677,4,5,6
223,1666,1665,1664,33,34,35,36,1656,37,40
224,1670,2,3,1680,4,1678,1677,5,9,48
225,1667,1657,0,1681,1658,834,895,894,892,891
226,1659,1662,1663,1649,1652,1678,11,23,15,14
227,3,4,6,1679,1678,1677,1676,1675,7,47
228,1658,1661,1681,1648,1679,1678,1677,1650,9,21
229,0,3,5,1679,1678,1677,9,49,48,45
230,1261,1676,1675,829,1673,1672,828,827,1669,1668
231,0,1,1680,7,1678,11,1676,49,45,44
232,2,1681,1680,1679,1678,3,1676,5,8,46
233,0,1,1680,1679,1678,3,5,9,45,44
234,2,4,1680,5,1678,1677,9,10,49,48
235,2,3,1680,1679,4,1677,5,9,46,43
236,2,1681,1680,3,1678,1677,1676,1675,5,6
237,1,1681,2,3,1678,4,5,6,7,1673
238,1667,0,1681,930,928,926,938,936,934,932
239,0,1681,3,4,1678,1677,5,6,9,48
240,0,1681,1680,1679,1678,1677,1,1675,2,4
241,2,1681,1680,3,7,8,1676,1675,1674,48
242,2,1681,3,4,5,1677,6,7,8,47
243,1658,0,1659,1680,1679,1660,1662,1676,1648,1674
244,2,3,1680,4,1678,5,1676,1675,6,7
245,1471,1045,1650,1250,1249,1672,1671,1670,1248,1043
246,0,2,3,1679,4,1677,1676,1675,1674,5
247,1261,903,1675,1674,1673,1672,1321,1118,936,1668
248,0,1,2,3,1678,1677,4,5,6,1673
249,1656,1660,1661,1680,1662,1663,1648,1676,9,8
250,4,7,8,1679,9,12,50,48,46,44
251,2,1681,3,1679,4,1677,5,6,9,47
252,1,2,3,4,1678,1677,1676,1675,1674,5
253,0,1,1680,2,1678,1677,4,5,6,1673
254,1,3,1680,4,5,1677,1676,7,8,47
255,1658,0,1681,1660,1679,1678,1677,1676,1649,23
256,0,1681,1680,1679,1678,1677,1,2,4,1673
257,1,3,1632,4,5,8,9,1681,47,46
258,1656,0,1681,1658,1679,1678,1659,1662,9,19
259,0,1681,1,2,1678,1677,1676,1675,1674,3
260,1,3,4,5,9,1677,10,46,45,44
261,1661,1648,1681,1680,1652,1678,11,9,8,23
262,39,1657,1658,1681,846,843,842,855,838,834
263,0,1681,1,2,1678,5,1676,1675,1674,1673
264,0,4,6,8,9,11,1676,49,48,47
265,1656,0,1681,1658,1660,1678,1661,1662,1675,1674
266,3,4,1680,1679,7,1677,1676,8,9,47
267,0,1681,2,1679,1678,1677,1676,1675,1674,3
268,1657,1661,1649,1650,1679,1652,11,8,23,21
269,1,2,1680,3,1678,5,1676,1675,8,48
270,0,1681,5,1679,6,1677,1676,1675,1674,1673
271,1471,1293,1675,1674,1292,1672,1088,873,1289,1668
272,1,8,1680,11,13,51,50,49,48,47
273,0,1681,1,1679,2,1677,5,6,1674,1673
274,1,2,1680,4,5,8,9,50,49,48
275,0,1,3,4,5,1677,10,1675,48,45
276,1665,3,1681,4,7,8,1677,9,1675,1674
277,0,1681,1,2,1678,3,1676,1675,1674,4
278,0,1,3,4,1678,5,6,1675,1674,45
279,0,1681,1,2,1678,1677,1676,1675,1674,3
280,0,1681,3,1679,1678,6,7,1675,1674,1673
281,0,1681,1,1679,1678,2,5,1675,1674,1673
282,1657,1662,1663,1680,1648,11,23,21,4,1664
283,2,3,1680,1679,5,1677,1676,9,49,46
284,3,6,7,11,13,52,51,49,48,47
285,2,3,1680,4,5,1677,7,8,9,48
286,3,4,5,7,8,1677,1676,9,49,48
287,1261,1292,1675,1674,1080,1672,854,916,1288,1668
288,1662,0,1681,3,5,1678,1677,1676,1675,857
289,1,2,1680,1679,1678,1677,4,5,9,46
290,1659,0,1662,1680,1663,1678,1648,8,21,19
291,2,1681,1680,3,1678,1677,1676,1675,4,5
292,1664,1,1681,1680,1679,868,867,866,865,864
293,0,1681,1,6,1678,1677,1676,1675,1674,1673
294,0,4,5,1679,10,1677,51,50,49,48
295,1666,0,1681,1,2,3,1677,1676,819,816
296,1656,0,1681,1657,1679,1659,1660,1662,1675,1674
297,3,6,7,9,10,11,1676,50,49,48
298,1658,0,1681,1680,1679,1678,1659,1676,1660,1674
299,1656,1662,1681,1649,1679,1650,1677,9,8,23
300,0,2,1680,3,6,7,1676,1675,1674,1673
301,1675,1678,896,910,907,906,903,902,901,899
302,2,3,1680,4,5,1677,1676,10,49,48
303,3,1681,6,1679,7,1677,1676,1675,1674,8
304,1,2,3,4,1678,7,8,9,48,46
305,2,3,4,1679,1678,1677,5,6,7,47
306,0,1681,1,2,1678,5,6,50,49,46
307,1656,1659,1681,1680,1661,1678,1649,1676,1675,8
308,0,2,3,4,1678,5,1676,1675,1674,6
309,1,3,4,5,1678,1677,7,1675,1674,46
310,1,2,1680,1679,3,1677,4,5,9,46
311,1,4,1680,7,8,1677,9,50,49,48
312,1677,1048,1247,1246,1673,1047,1244,1670,1669,1046
313,1677,113,931,108,1673,929,1671,1670,928,927
314,2,1681,1680,1679,1678,1677,1676,3,5,6
315,1,1681,2,3,4,1677,1676,1675,5,6
316,0,1681,1680,6,7,8,1676,50,49,48
317,2,3,1680,5,8,9,1676,10,49,48
318,1664,1,1681,2,1679,1678,3,4,5,6
319,0,1681,2,3,1678,1677,1676,1675,1674,4
320,6,1681,7,1679,1678,10,1676,49,47,43
321,1,2,3,4,1678,5,7,8,9,48
322,32,34,0,36,37,38,1678,1677,39,1675
323,3,1681,1680,4,1678,1677,1676,5,6,7
324,1,2,1680,3,4,1677,5,7,8,1673
325,1656,0,1681,1680,1659,1678,1651,8,20,19
326,2,3,1680,4,5,1677,1676,8,9,48
327,0,1,1680,4,1678,1677,5,9,48,47
328,1668,33,1656,0,35,37,1679,38,1669,40
329,3,4,1680,1679,1678,1677,5,9,46,45
330,1657,0,1681,1680,1679,1658,1677,1676,1659,1674
331,2,1681,3,5,1678,1677,1676,1675,6,1673
332,0,1,3,4,1678,6,1676,1675,1674,7
333,2,1681,3,1679,1678,1677,1676,5,6,7
334,1666,0,1,1668,2,6,7,1655,1675,1674
335,1666,3,1681,1680,4,5,1677,1676,7,8
336,0,1,1680,1679,6,8,1676,50,49,46
337,0,5,1680,8,10,11,1676,50,48,46
338,58,60,24,61,63,0,51,1641,1655,1653
339,0,1681,1,1679,1678,1677,2,1675,5,6
340,0,2,3,4,5,1677,6,9,49,48
341,0,3,4,5,1678,6,9,48,45,44
342,0,1681,1680,1679,3,1677,1676,4,5,1673
343,1,3,4,5,6,1677,1676,1675,1674,1673
344,0,3,4,6,7,1677,8,1675,1674,48
345,2,1681,1680,1679,1678,1677,1676,3,4,5
346,1471,858,857,53,1673,1672,52,854,1669,42
347,6,1681,1680,1679,1678,11,1676,49,47,45
348,0,1,4,1679,5,1677,6,9,1674,46
349,1261,1280,1675,1674,1673,1672,1671,1670,862,1668
350,4,7,1680,1679,1678,8,1676,48,47,46
351,0,3,4,6,7,8,9,49,48,47
352,0,1681,1,2,1678,4,6,1675,1674,7
353,1,3,4,6,1678,1677,1676,1675,1674,7
354,0,1681,3,1679,1678,6,1676,1675,1674,7
355,3,5,9,1679,10,1677,1676,49,47,46
356,0,1681,1,1679,1678,2,1676,1675,1674,1673
357,0,1,4,5,6,1677,9,47,46,44
358,56,57,24,58,59,0,60,1680,1679,48
359,1668,32,34,0,1681,36,1679,37,39,40
360,0,1681,1680,3,4,1677,1676,5,1674,6
361,2,1681,1680,3,1678,1677,1676,5,7,8
362,1,2,4,5,1678,6,1676,1675,1674,7
363,1669,0,1681,6,1679,12,51,49,47,58
364,1667,2,1681,3,1679,1668,6,1676,7,8
365,0,1,2,4,6,7,8,47,46,44
366,1634,1635,32,1637,1639,1640,1642,1679,15,12
367,0,1,1680,3,4,1677,5,1675,7,1673
368,0,1681,1,1679,1678,1677,2,4,5,1673
369,2,1681,3,1679,1678,1677,1676,1675,4,5
370,0,1,3,5,1678,6,10,1675,48,45
371,1,3,1680,4,1678,1677,5,7,9,47
372,3,4,7,8,9,11,1676,50,49,48
373,0,1681,2,1679,1678,3,1676,1675,1674,6
374,3,4,1680,6,7,8,1676,1675,1674,48
375,0,1681,1,1679,1678,2,5,1675,1674,1673
376,3,5,1680,10,1678,11,1676,48,45,44
377,0,1681,1,3,1678,1677,4,1675,6,7
378,1261,860,1675,1674,1673,1672,1302,1301,1659,1668
379,1,4,1680,8,10,12,51,46,45,58
380,1657,1658,1681,1680,1679,1659,1660,1676,1648,1674
381,2,3,1680,5,1678,9,1676,10,49,46
382,1471,970,76,1295,1673,1672,1086,1670,73,1085
383,1663,0,1681,1,2,1678,6,1676,1675,1674
384,0,1681,1680,2,6,1677,1676,1675,1674,48
385,0,1,7,8,10,11,50,49,48,46
386,1,2,1680,3,4,1677,5,7,8,47
387,0,1681,1,1679,1678,1677,2,1675,1674,3
388,1,3,4,5,1678,1677,7,9,1674,48
389,1261,1676,1675,1674,1673,1672,826,823,1669,1668
390,0,3,4,7,8,10,11,50,48,45
391,1658,1659,1650,1651,1679,1678,11,10,9,20
392,1,2,3,4,1678,1677,5,1675,6,46
393,0,2,1680,1679,3,1677,1676,5,6,46
394,0,1,2,3,4,5,1676,1675,1674,1673
395,0,1,2,3,1678,4,1676,1675,1674,1673
396,56,59,24,48,52,1643,1641,1655,1654,1636
397,33,34,0,35,37,1679,38,1677,39,1675
398,0,1681,2,1679,3,1677,1676,5,6,1673
399,2,3,1680,1679,4,9,1676,10,49,48
400,3,7,1680,1679,1678,9,1676,1675,48,45
401,0,1681,1680,1679,2,1677,1676,3,5,6
402,3,1681,6,7,1678,1677,1676,1675,8,48
403,2,4,1680,1679,5,1677,1676,10,48,45
404,1656,1659,1662,1680,1663,1678,1651,8,2,14
405,0,1,2,3,1678,1677,1676,1675,4,5
406,3,5,1680,9,1678,1677,1676,10,49,46
407,2,1681,6,1679,1678,1677,7,1675,49,47
408,1669,32,1656,0,34,35,37,43,1649,1647
409,0,1,5,1679,6,8,1676,50,49,48
410,1471,1282,1281,1674,1673,1280,1671,1670,1072,1278
411,35,1656,0,1681,40,1679,41,1677,1676,1648
412,0,1681,3,1679,4,1677,5,6,9,45
413,1677,945,1675,1259,1258,944,1671,1048,943,1254
414,1667,1657,1658,1670,1680,1679,1659,1677,1676,1675
415,1665,1664,56,1657,1660,32,1661,0,1662,1663
416,1670,1632,1634,32,1656,1636,1638,1639,1640,1678
417,0,7,11,1679,12,52,50,49,48,46
418,0,1681,1,3,1678,1677,1676,1675,1674,4
419,3,1681,1680,5,6,1677,1676,8,9,48
420,0,1681,1680,1,1678,1677,1676,2,3,1673
421,3,4,7,9,11,51,49,47,46,45
422,1658,1661,1663,1650,1652,1678,11,10,9,23
423,1656,1657,1659,1680,1679,1660,1677,1661,1648,23
424,2,1681,3,6,7,8,1676,1675,1674,48
425,0,1681,1680,1679,1678,1677,1676,2,3,4
426,0,1,2,3,1678,1677,4,1675,5,6
427,1666,1670,1681,907,906,917,916,913,927,925
428,1,1681,3,4,1678,1677,5,6,9,47
429,1,2,3,4,1678,1677,1676,1675,5,6
430,2,3,1680,1679,1678,1677,1676,4,5,46
431,34,1656,0,35,38,1651,1649,1647,1645,1660
432,3,1681,1680,7,1678,9,1676,1675,49,48
433,1,3,4,5,1678,1677,6,1675,7,46
434,1668,1,3,4,7,8,11,51,50,49
435,0,1681,1,2,1678,4,6,1675,1674,1673
436,38,1656,1650,1648,1663,1671,1643,1642,1641,1640
437,3,4,5,7,8,1677,1676,9,48,47
438,1,3,1680,7,8,9,1676,1675,1674,48
439,0,1681,2,1679,1678,3,1676,1675,1674,1673
440,0,2,1680,1679,4,5,9,50,49,47
441,2,1681,1680,1679,1678,6,1676,1675,1674,7
442,0,1681,1,1679,1678,2,1676,1675,1674,1673
443,1658,1659,1661,1680,1679,1678,1648,1676,9,21
444,3,7,1680,8,9,11,1676,50,49,47
445,0,1681,1,2,1678,6,1676,1675,1674,1673
446,4,8,1680,1679,9,10,1676,47,46,45
447,0,1681,1680,1,2,1677,3,4,5,6
448,0,1,2,3,1678,9,11,49,45,44
449,3,1681,6,7,8,1677,1676,1675,49,48
450,3,4,5,6,1678,7,1676,1675,1674,8
451,1658,0,1681,1680,1679,1678,1677,1676,1675,1659
452,0,1,2,1679,5,6,1676,1675,1674,1673
453,2,3,1680,1679,4,1677,1676,7,8,1673
454,1,2,3,4,1678,5,6,1675,1674,7
455,3,1681,1680,1679,10,1677,1676,1675,45,44
456,3,1681,1680,6,7,8,1676,1675,49,48
457,1656,1661,1681,1662,1679,1648,1677,1649,9,23
458,1677,974,1645,1291,871,909,1671,1670,1643,1287
459,1658,1659,1648,1680,1679,1652,11,10,9,21
460,0,2,1680,1679,4,5,1676,6,1674,1673
461,0,1681,1,3,4,1677,1676,1675,6,7
462,4,7,8,9,1678,11,51,50,48,46
463,0,1681,1680,2,1678,3,5,1675,6,1673
464,0,1681,1680,1679,2,1677,3,5,9,48
465,1664,0,1681,1680,2,3,6,1676,1675,1674
466,0,1681,1,2,1678,6,7,1675,1674,1673
467,2,1681,1680,1679,1678,3,1676,6,7,48
468,1664,0,1,1680,1679,2,1677,5,8,1674
469,1,2,3,4,1678,1677,5,9,48,46
470,3,1681,7,8,9,1677,1676,1675,49,48
471,0,1681,1,2,1678,4,6,1675,7,1673
472,1677,904,903,76,1673,901,75,74,72,897
473,0,1,2,5,6,7,1676,1675,1674,8
474,1,2,1680,3,5,1677,1676,1675,1674,6
475,0,4,1680,5,6,1677,1676,8,49,48
476,1656,0,1681,1680,1679,1659,1677,1676,1675,1674
477,1471,898,1266,1265,1673,1672,1671,1670,959,63
478,0,1681,3,1679,5,6,1676,1675,1674,46
479,1665,1664,56,1657,1662,32,1663,0,1648,1680
480,0,1681,1680,1679,1678,2,1676,1675,1674,1673
481,0,1681,1680,1679,5,1677,10,1675,49,48
482,2,1681,1680,3,1678,6,1676,1675,7,8
483,0,1681,1680,1679,1,1677,1676,3,1674,1673
484,0,1681,1,2,4,1677,5,6,8,47
485,0,1,3,4,5,1677,6,1675,1674,7
486,1677,1250,894,1043,1673,1672,1671,869,1669,1041
487,1657,0,1681,1680,1659,1660,1677,1662,1675,1674
488,56,57,24,59,60,0,49,1680,1641,1651
489,0,2,4,1679,6,8,1676,50,44,57
490,3,5,1680,1679,9,1677,1676,10,49,48
491,0,3,4,1679,5,1677,1676,6,9,46
492,1668,0,1681,1680,1679,2,5,1676,1675,1674
493,0,1681,1,3,6,7,8,1675,1674,47
494,0,1681,1680,2,1678,5,1676,6,1674,1673
495,1261,1071,1675,1272,1271,1270,98,1670,958,1668
496,0,5,1680,1679,6,1677,1676,9,1674,48
497,1649,1650,1681,1653,1679,12,10,9,23,21
498,0,1681,4,1679,5,1677,1676,6,1674,1673
499,1261,1036,1035,1247,1246,931,1033,1670,1032,930
500,0,2,1680,1679,1678,1677,1676,3,4,1673
501,2,3,4,7,1678,9,50,49,48,47
502,0,1681,1,3,4,1677,1676,1675,1674,5
503,1,3,1680,1679,5,1677,9,10,45,44
504,3,4,5,6,7,8,1676,9,1674,48
505,0,1,3,4,5,1677,9,10,49,48
506,1666,0,1681,2,1679,1678,6,1676,1675,1674
507,3,4,1680,5,9,1677,11,49,47,46
508,889,839,884,883,882,876,873,872,854,836
509,1669,32,33,920,917,915,914,927,926,923
510,1,1681,1680,2,1678,1677,1676,1675,3,6
511,1,3,4,5,1678,6,7,1675,49,48
512,1660,0,1681,781,780,794,793,792,789,801
513,1658,1660,1661,1680,1662,1678,1663,1676,1648,1674
514,1672,1657,1662,982,981,980,978,976,1646,1644
515,2,3,1680,5,1678,9,1676,1675,1674,46
516,0,1,1680,2,1678,1677,4,5,8,1673
517,3,4,5,6,1678,9,10,48,46,45
518,0,1,6,1679,1678,7,10,1675,57,56
519,4,8,1680,1679,10,1677,1676,50,47,46
520,4,7,1680,8,52,48,47,61,59,57
521,0,1681,1,2,1678,1677,3,1675,4,1673
522,2,3,4,6,7,8,1676,1675,1674,48
523,2,1681,1680,3,1678,1677,1676,4,5,6
524,3,4,7,9,11,1677,1676,49,48,47
525,1677,1676,232,1674,1673,1672,233,235,1669,236
526,0,1681,1,3,4,1677,6,1675,1674,7
527,1,1681,1680,2,3,1677,4,5,6,8
528,1665,1656,0,1657,1661,1662,1663,1677,1654,1653
529,1,2,1680,1679,1678,1677,3,4,5,46
530,1665,0,1,2,4,1678,1677,6,1675,1674
531,0,1681,1680,1679,1,1677,1676,1675,1674,1673
532,1671,1659,866,913,924,923,841,855,854,833
533,2,3,1680,1679,4,1677,1676,5,8,1673
534,2,1681,3,4,1678,1677,1676,5,6,7
535,1677,1676,1254,1253,1673,1252,1671,1670,864,1028
536,2,1681,4,1679,1678,6,7,1675,1674,1673
537,1656,0,1681,1680,1657,1659,1677,1676,1675,1674
538,0,5,1680,1679,8,9,1676,10,49,47
539,1,2,1680,1679,1678,1677,1676,3,1674,1673
540,0,1,3,4,5,1677,1676,6,1674,1673
541,1656,0,1681,1680,1659,1678,1660,1676,1662,1648
542,2,3,4,1679,1678,5,1676,6,1674,7
543,2,3,4,7,1678,1677,9,1675,49,48
544,1669,0,2,12,10,9,24,23,22,21
545,0,1681,1680,1,1678,1677,1676,1675,1674,1673
546,0,1681,2,1679,1678,3,1676,1675,1674,1673
547,1677,1676,1675,987,986,885,1299,1670,1097,1096
548,1471,1019,1328,1327,1673,1018,1325,1670,944,1323
549,0,1,1680,5,1678,10,11,48,45,44
550,1,2,1680,3,1678,1677,5,9,46,4
551,0,11,1680,1679,12,1677,50,48,49,47
552,0,1681,3,1679,1678,6,1676,1675,1674,1673
553,1,2,1680,3,1678,1677,1676,4,5,1673
554,1662,0,1681,2,1679,1678,5,1676,821,820
555,0,1681,1,2,1678,1677,4,1675,1674,1673
556,1664,0,1681,3,1679,5,6,1676,1675,1674
557,1666,0,1681,1,1679,1678,1671,6,1675,1674
558,1657,0,1658,1680,1659,1661,1662,1676,1663,1674
559,0,1681,2,3,1678,1677,1676,1675,1674,1673
560,1657,0,1659,1680,1651,1678,11,8,20,15
561,1657,1658,1681,1680,1679,1659,1677,1676,1660,1648
562,38,1656,0,1681,1657,1660,1661,1677,1662,1675
563,1662,0,1681,2,1679,1678,825,823,837,834
564,1677,1649,1675,1674,1673,1672,1671,1272,1075,1668
565,1,1681,1680,2,1678,3,1676,1675,1674,6
566,0,1,3,4,1678,5,6,1675,1674,7
567,0,1681,1,2,3,1677,4,1675,5,1673
568,1261,1053,1263,1674,1673,893,841,870,946,1668
569,1,2,3,4,1678,1677,5,1675,6,7
570,0,1681,1680,1679,2,1677,1676,1675,3,6
571,0,1,1680,4,5,1677,1676,6,1674,1673
572,0,1681,3,6,7,1677,1676,1675,1674,1673
573,1656,1660,1681,1680,1679,1663,1677,1676,1649,23
574,1,1681,1680,1679,10,1677,1676,46,45,44
575,2,1681,3,1679,4,1677,1676,5,6,7
576,3,1681,1680,1679,1677,1676,8,9,48,7
577,1658,1659,1648,1680,1679,1650,1651,8,23,21
578,0,1681,1,1679,3,1677,1676,1675,1674,1673
579,2,1681,1680,3,5,1677,1676,9,45,43
580,0,1681,1,2,3,1677,4,1675,5,6
581,1681,1679,1678,4,1676,1675,2,1674,0,5
582,0,2,1680,3,1678,1677,1676,4,1674,5
583,1632,1633,32,1656,1635,1636,1637,1638,1678,14
584,0,1681,1,1679,2,1677,3,4,5,6
585,0,1681,1680,1,1678,2,4,6,1674,1673
586,1663,0,1681,2,1679,1678,4,1676,839,853
587,3,4,1680,1679,5,1677,1676,9,1674,48
588,1656,0,1681,1657,1659,1660,1663,1676,1675,1674
589,2,1681,1680,3,7,8,1676,50,49,48
590,0,3,4,6,1677,8,9,49,48,7
591,2,3,4,5,1677,6,1675,1674,7,0
592,3,4,1680,1679,1678,1677,9,49,7,48
593,1656,0,1681,1657,1679,1659,1677,1676,1675,8
594,0,1681,2,1679,1678,1677,1676,3,5,6
595,1,2,3,4,1678,5,6,1675,1674,7
596,0,1681,1680,2,4,1677,1676,6,1674,1673
597,2,1681,1680,1679,1678,3,1676,1675,6,8
598,0,1,4,6,1678,7,11,50,48,45
599,1261,1243,1675,1674,880,1672,932,879,1239,1668
600,6,1681,7,1679,1678,8,1676,50,49,48
601,1658,1659,1661,1680,1662,1678,1649,1676,1675,20
602,0,4,1680,1679,1677,51,50,49,47,11
603,1656,0,1681,1659,1662,1678,1651,19,2,1
604,1669,33,1656,0,35,1672,1679,40,1649,1647
605,1681,1680,1,2,1677,4,5,7,0,1673
606,1656,1658,1660,1680,1661,1678,1662,1663,1649,18
607,1,2,1680,1679,1678,1677,3,4,5,45
608,1261,1071,1274,1273,1673,55,1070,1670,1270,903
609,2,4,1680,1679,1678,1677,5,10,46,45
610,1666,1,1681,1672,3,1678,4,5,9,46
611,0,1,2,3,4,1677,5,6,9,45
612,1681,2,6,1678,1677,1676,1675,1674,0,1673
613,2,1681,3,4,1678,1677,5,6,9,48
614,1677,1676,1675,886,1017,1672,1237,1236,885,1234
615,1656,0,1681,1657,1679,1659,1677,1676,1675,23
616,1657,0,1662,1663,1650,1652,11,9,8,23
617,1677,65,1302,1097,1673,1300,1671,1670,1299,1298
618,0,1681,1680,1679,2,1677,1676,3,4,5
619,1261,38,1675,1674,1673,1672,849,848,1669,1668
620,0,1681,1,2,4,1677,6,1675,1674,7
621,1658,0,1659,1680,1679,1678,1660,1676,1663,1648
622,1,1681,1680,2,1678,1677,1676,3,5,6
623,1677,749,746,745,1673,1672,743,742,1669,1668
624,0,1681,2,1679,3,1677,4,1675,6,7
625,1,3,4,6,1678,1677,7,1675,9,48
626,1677,945,1316,1315,1113,1112,1650,1312,1311,944
627,3,4,5,6,1678,1677,7,9,49,48
628,2,1681,1680,3,5,1677,7,8,9,48
629,1,4,5,9,11,1677,49,47,46,57
630,3,5,1680,7,8,1677,1676,1675,1674,46
631,2,1681,1680,1679,3,1677,1676,5,9,46
632,0,3,5,1679,1678,6,1676,1675,1674,1673
633,2,7,1680,8,9,12,50,49,47,46
634,2,1681,1680,3,1678,6,1676,1675,7,8
635,3,4,1680,5,9,1677,1676,49,48,47
636,2,1681,1680,3,1678,6,1676,7,8,48
637,0,1681,2,1679,1678,3,5,1675,1674,6
638,1664,2,1681,1680,3,5,6,1676,1675,8
639,3,1681,1680,4,1678,1677,1676,5,1674,6
640,0,1681,2,1679,1678,5,10,1675,44,57
641,1,3,4,7,1678,9,10,1675,49,46
642,1,4,1680,7,8,1677,1676,1675,1674,1673
643,1,2,1680,3,1678,1677,1676,4,5,8
644,3,1681,4,6,7,8,9,49,48,47
645,2,3,1680,4,1678,1677,1676,5,7,48
646,1673,56,57,24,60,50,0,1643,1654,1653
647,1,3,1680,5,1678,8,9,48,45,44
648,0,1681,1680,1679,3,1677,1676,1675,1674,6
649,1677,1676,1675,1286,1285,961,873,1066,1281,1280
650,0,1681,2,1679,1678,3,5,1675,1674,6
651,2,4,1680,1679,5,1677,6,8,46,42
652,2,3,5,1679,1678,6,1676,1675,7,8
653,0,1681,1,6,10,52,51,50,46,60
654,1261,858,1675,1241,1029,1672,857,927,1669,1668
655,1,1681,3,4,1678,6,7,8,1674,48
656,0,1,1680,1679,2,1677,4,5,9,46
657,56,61,24,63,49,0,50,1680,1640,1655
658,1471,1000,1675,1674,1673,1672,1671,1670,936,1668
659,1667,909,906,905,952,903,902,901,922,921
660,3,1681,1680,1679,7,1677,1676,8,49,47
661,3,1681,4,1679,1678,1677,1676,5,6,7
662,27,29,1665,1664,16,17,18,32,41,40
663,1656,1657,1662,1649,1650,1678,11,9,8,23
664,0,1,1680,2,4,1677,5,8,1674,1673
665,0,1681,1,3,1678,1677,4,1675,5,6
666,0,1681,1,2,1678,1677,3,1675,1674,4
667,0,1681,1,1679,1678,6,1676,1675,1674,1673
668,1668,0,1,1669,3,1678,1677,4,1675,5
669,1661,1,1681,1680,1679,2,1677,1676,3,4
670,0,2,1680,1679,5,10,1676,50,49,48
671,1658,0,1681,1680,1679,1659,1660,1676,1662,1674
672,0,1681,1,4,6,7,8,50,49,48
673,2,3,1680,6,8,10,1676,1675,46,45
674,0,1681,1680,2,1678,1677,1676,1675,1674,3
675,1261,1676,1675,1674,1673,1672,945,694,695,1668
676,1657,0,1681,1659,1679,1660,1662,1676,1649,23
677,2,1681,1680,1679,1678,1677,3,4,5,7
678,2,1681,3,4,5,1677,6,7,8,47
679,2,3,4,6,7,1677,1676,1675,1674,8
680,2,3,1680,4,6,7,1676,1675,1674,8
681,1672,35,849,861,860,855,854,869,866,864
682,33,1656,0,34,35,36,37,1677,38,1675
683,1677,971,1675,1272,856,1672,1671,914,1066,1065
684,1668,1,3,4,1679,1678,5,9,10,46
685,0,2,1680,6,1678,7,1676,1675,1674,1673
686,1663,1648,1652,1680,12,9,5,4,3,2
687,0,1681,1680,2,1678,1677,1676,1675,3,5
688,1633,1634,32,1635,1639,1642,1643,15,11,26
689,0,1681,4,1679,6,8,1676,1675,1674,1673
690,2,3,1680,4,1678,1677,1676,5,7,8
691,0,1681,2,3,4,1677,1676,1675,1674,6
692,3,4,1680,7,8,1677,1676,9,47,46
693,0,1681,2,3,4,1677,1676,5,6,7
694,1471,1638,1675,859,972,1269,1671,1670,908,1072
695,3,1681,4,6,1678,7,1676,1675,1674,48
696,1,2,1680,3,4,1677,1676,5,8,46
697,0,1681,1680,2,4,1677,6,10,49,47
698,1,1681,1680,1679,2,1677,3,4,5,1673
699,1,1681,1680,2,1678,3,4,1675,5,6
700,1,1681,1680,2,1678,1677,3,1675,5,45
701,1,1681,1680,7,1678,1677,1676,8,48,47
702,1,1681,1680,2,3,1677,1676,4,5,6
703,0,1681,2,3,5,1677,1676,1675,1674,6
704,27,28,1665,1664,30,18,43,42,41,40
705,1662,0,1681,1,1679,2,4,5,1675,1674
706,0,1,6,7,1678,11,51,50,49,48
707,1,1681,3,7,1678,8,1676,1675,1674,48
708,32,1656,0,1681,33,1679,34,35,36,1675
709,0,1681,1,2,1678,1677,3,1675,4,5
710,1,2,3,4,1678,5,6,1675,1674,7
711,2,3,1680,1679,1678,5,1676,9,48,46
712,2,1681,3,1679,1678,4,1676,1675,1674,6
713,3,1681,1680,7,8,1677,1676,9,49,47
714,2,1681,3,4,5,1677,1676,1675,6,7
715,1,2,3,5,1678,6,1676,1675,1674,7
716,2,1681,3,5,1678,6,1676,1675,1674,7
717,31,891,889,888,900,897,894,44,873,871
718,3,4,1680,5,1678,1677,1676,9,48,46
719,0,1,2,1679,1678,4,5,6,1674,1673
720,1,2,3,4,1678,5,1676,1675,1674,6
721,1659,0,1681,1680,1679,1678,1677,1676,1660,1674
722,1,4,7,8,10,52,51,50,48,46
723,1656,0,1681,1658,1679,1678,1677,1676,1675,1659
724,0,5,1680,6,10,1677,1676,1675,49,48
725,0,1,2,3,4,1677,5,1675,6,48
726,1667,3,4,1680,1671,8,1677,9,10,49
727,0,1,2,4,5,1677,6,1675,1674,1673
728,1656,1660,1681,1661,1662,1678,1663,1649,1675,23
729,0,1681,3,7,8,1677,9,1675,49,48
730,2,1681,1680,1679,1678,3,1676,5,9,48
731,1656,1660,1661,1662,1679,1663,1677,1648,1649,23
732,2,1681,3,1679,1678,1677,4,5,6,7
733,1,3,4,6,7,8,1676,9,1674,47
734,0,1,4,6,7,11,50,49,48,44
735,0,1,6,7,10,11,1676,50,48,46
736,1665,2,1681,1680,3,6,856,854,853,852
737,1,3,4,5,1678,1677,6,1675,7,45
738,877,921,920,870,868,867,913,873,887,886
739,0,3,4,5,1678,6,7,9,1674,48
740,1658,1648,1650,1680,1679,1652,11,9,8,23
741,1663,0,1681,2,3,1678,6,1676,1675,1674
742,0,1,2,4,6,1677,7,8,1674,47
743,0,1,1680,1679,3,1677,4,5,9,46
744,1677,1676,1659,1674,1673,1672,1671,1658,1669,1668
745,0,1681,1,1679,2,1677,4,5,6,42
746,0,1,1680,2,4,1677,5,8,9,48
747,0,1681,1680,1,1678,2,1676,1675,1674,4
748,1633,1634,32,1656,1638,1681,1639,1679,1678,1677
749,0,1681,1680,1,3,1677,4,5,8,1673
750,1677,1676,1246,1245,934,933,1671,1670,1029,1241
751,1666,34,35,0,1681,37,1667,1678,1677,40
752,2,3,1680,1679,1678,5,9,10,48,45
753,1656,1659,1681,1680,1679,1678,1660,1676,1649,8
754,3,1681,4,1679,6,1677,1676,1675,7,47
755,2,1681,1680,3,1678,1677,1676,1675,6,7
756,31,32,1656,0,1681,35,1679,1678,36,1676
757,3,4,5,7,9,1677,11,49,48,47
758,0,1681,3,1679,5,6,1676,1675,1674,1673
759,1656,1660,1661,1680,1662,1663,1648,1676,23,22
760,1663,0,1681,2,1679,1678,1677,1676,3,5
761,1677,859,1675,1086,1286,1285,1671,869,979,1668
762,3,4,1680,5,8,9,1676,10,49,46
763,1657,1658,1675,1674,1659,1672,1660,1662,1663,1668
764,3,4,5,10,9,1677,11,49,47,46
765,0,1681,1680,2,1678,1677,1676,3,4,1673
766,2,1681,3,4,1678,1677,1676,1675,5,6
767,1665,1664,56,1662,1663,1649,1651,10,22,1
768,0,1681,1,1679,1678,3,1676,5,1674,1673
769,0,1681,1,2,1678,3,6,1675,7,48
770,1664,0,1681,1666,1679,3,1677,1676,1675,1674
771,0,1681,1680,1,2,1677,4,1675,1674,1673
772,1,1681,1680,2,1678,1677,1676,3,4,1673
773,1471,984,1675,1674,1673,1672,66,1670,65,1668
774,3,1681,6,1679,7,8,1676,1675,1674,47
775,1,2,1680,3,1678,1677,4,1675,7,48
776,0,1,1680,2,1678,10,1676,1675,48,46
777,3,4,1680,5,7,8,1676,9,1674,46
778,1,3,4,5,7,1677,8,1675,9,46
779,32,33,0,1681,35,1679,36,1677,37,39
780,1657,0,1681,1680,1679,1660,1677,1662,1648,8
781,3,7,1680,8,9,1677,11,49,48,47
782,1656,1662,1681,1649,1650,1678,11,10,23,3
783,0,1681,1680,1679,5,1677,1676,10,49,48
784,0,1,3,4,5,1677,6,1675,1674,1673
785,1656,0,1681,1680,1658,1678,1677,1659,1675,1660
786,0,1681,1,1679,1678,1677,1676,1675,2,3
787,0,3,1680,4,5,1677,9,49,48,47
788,0,1681,5,1679,6,12,51,50,49,48
789,1,1681,2,3,1678,1677,1676,4,5,1673
790,0,1681,1680,1679,2,1677,1676,1675,1674,1673
791,0,5,9,1679,10,1677,51,48,47,45
792,1664,1,1681,3,4,1678,1677,5,1675,6
793,0,2,3,1679,1678,5,1676,1675,1674,6
794,891,890,889,888,900,897,47,46,864,873
795,0,1,2,3,1678,1677,1676,1675,1674,1673
796,1,1681,2,3,1678,4,1676,1675,1674,6
797,0,1,2,4,1678,5,6,1675,1674,1673
798,0,1,6,11,1678,51,50,48,45,57
799,3,4,6,1679,1678,7,1676,1675,1674,48
800,2,1681,1680,3,4,1677,1676,1675,6,8
801,2,1681,1680,3,6,1677,1676,1675,7,8
802,1659,1660,1648,1680,1679,1651,11,8,23,21
803,32,34,0,1681,36,1679,37,39,1649,1648
804,1656,1657,1658,1680,1679,1648,1677,1649,9,8
805,2,1681,1680,1679,6,7,1676,1675,1674,1673
806,2,1681,3,1679,1678,1677,4,1675,6,7
807,1657,1658,1661,1663,1650,1652,11,9,23,3
808,1677,1258,938,863,1673,1043,1671,1670,1254,1253
809,0,1681,1,1679,3,1677,1676,1675,1674,5
810,3,1681,4,1679,5,1677,6,7,9,48
811,2,3,1680,4,5,1677,7,9,49,46
812,1663,0,1669,3,1679,4,1677,5,6,1674
813,32,1656,0,1681,34,36,37,39,41,1645
814,3,1681,1680,1679,5,1677,1676,8,9,46
815,56,59,24,63,49,50,1641,1653,1635,1634
816,0,1,4,6,1678,7,11,50,48,45
817,0,1681,3,4,6,1677,7,50,49,48
818,26,32,1656,27,31,16,17,18,41,55
819,0,1,2,4,1678,1677,5,6,1674,1673
820,2,1681,1680,1679,4,1677,1676,5,6,1673
821,1677,1676,1054,1053,1662,841,1272,1670,1271,1270
822,3,5,1680,1679,1678,9,11,49,47,45
823,2,3,1680,1679,1678,1677,1676,4,7,8
824,0,1,2,1679,5,6,10,1675,46,57
825,0,1681,1680,1,1678,1677,1676,1675,2,3
826,0,1681,1680,1679,1,1677,2,1675,3,1673
827,1,2,1680,3,1678,1677,4,5,9,48
828,0,1,4,5,6,8,11,50,49,48
829,1658,1659,1681,1680,1679,1678,1677,1661,1648,8
830,1,3,1680,4,5,1677,7,8,1674,48
831,1,3,4,5,6,1677,7,1675,9,46
832,3,1681,6,7,1678,9,1676,1675,1674,47
833,2,1681,1680,3,7,1677,1676,1675,8,48
834,3,4,1680,1679,5,1677,1676,9,46,45
835,1666,1,2,1680,4,8,10,1676,1675,46
836,1658,0,1659,1680,1679,1678,1661,1648,1675,1674
837,0,1681,2,3,1678,1677,1676,1675,1674,6
838,1658,1660,1649,1680,1679,1650,11,10,9,23
839,0,1681,1,2,1678,3,4,1675,1674,1673
840,1657,1659,1649,1650,1679,11,23,21,15,92
841,1,1681,2,1679,1678,1677,3,4,5,6
842,1,4,1680,1679,8,1677,1676,9,47,46
843,0,2,1680,1679,5,1677,1676,10,49,45
844,2,3,1680,1679,4,1677,5,9,49,46
845,1,3,4,7,8,1677,9,1675,1674,48
846,0,1681,2,1679,3,5,1676,1675,1674,1673
847,1656,0,1681,1659,1679,1662,1677,1649,23,21
848,0,1681,1680,1,2,1677,1676,1675,6,7
849,2,1681,1680,3,4,1677,1676,5,6,7
850,0,1,2,4,1678,1677,5,1675,1674,6
851,3,1681,4,6,1678,7,1676,9,49,48
852,0,3,6,11,53,51,50,49,48,47
853,2,1681,3,4,1678,1677,5,1675,6,7
854,0,1,4,5,6,7,8,50,49,48
855,0,1681,2,3,1678,5,1676,1675,1674,6
856,3,4,1680,5,9,1677,1676,10,49,48
857,3,4,5,7,9,1677,11,50,49,48
858,2,3,4,5,6,1677,1676,7,8,48
859,0,1,2,3,1678,1677,4,1675,1674,5
860,0,1681,1680,1679,2,1677,1676,3,4,6
861,0,1681,1680,1,2,1677,1676,3,4,1673
862,2,3,1680,5,9,10,1676,49,48,45
863,1660,1661,1662,1680,1648,1678,1677,8,23,21
864,0,2,6,7,8,11,1676,50,49,48
865,1677,42,40,854,1673,1672,39,852,851,37
866,1666,1656,0,1681,1658,1679,1678,1659,1661,1648
867,56,57,24,59,0,60,1680,1679,58,61
868,1659,0,1660,1680,1662,1663,1648,1676,1675,1674
869,4,5,7,9,1677,10,49,48,46,3
870,0,1681,1680,1679,1678,1677,1676,2,3,5
871,3,1681,6,1679,1678,7,1676,1675,1674,48
872,3,1681,1680,1679,7,1677,1676,8,9,48
873,1656,0,1681,1659,1679,1662,1677,1648,23,21
874,1677,131,1675,1674,1673,1672,1671,126,1669,1668
875,0,1,1680,1679,1678,1677,2,4,5,1673
876,1658,1661,1650,1651,1679,1678,9,3,2,1664
877,2,1681,1680,3,5,1677,1676,6,8,45
878,60,63,24,50,51,0,1641,1654,1668,1644
879,2,3,4,5,1677,6,1675,7,8,1
880,0,1681,1,2,1678,6,1676,1675,1674,1673
881,1658,1660,1661,1680,1679,1678,1648,10,9,19
882,1658,1659,1681,1649,1651,1678,9,8,22,3
883,1657,1660,1661,1680,1662,1663,1677,1676,1648,21
884,0,2,1680,3,1678,1677,1676,1675,1674,4
885,1656,1657,1681,1659,1662,1649,1650,8,23,19
886,2,1681,1680,3,1678,1677,4,5,9,46
887,3,1681,6,1679,1678,7,1676,1675,1674,8
888,1,2,1679,4,1677,1676,5,1674,1673,0
889,1669,1657,1658,1660,1661,1662,1663,1677,1649,9
890,0,3,1680,1679,5,1677,1676,9,49,46
891,0,2,3,1679,1678,5,1676,1675,1674,6
892,1657,1658,1681,1680,1679,1659,1677,1676,1675,8
893,1,2,4,5,1677,9,10,46,8,45
894,4,7,11,52,51,49,48,47,62,59
895,1658,0,1659,1680,1679,1678,1660,1662,1675,1674
896,0,1,4,6,1677,8,50,49,47,7
897,1656,0,1681,1680,1679,1659,1677,1676,1660,1662
898,0,1681,3,1679,1678,4,1676,1675,1674,1673
899,0,1681,1,2,3,1677,4,1675,5,6
900,1471,187,1675,1674,1673,973,972,971,970,1668
901,0,1681,1680,1679,1,1677,2,4,5,1673
902,1657,1658,1661,1648,1650,1678,1677,1676,9,8
903,2,1681,1680,1679,1678,3,1676,1675,6,7
904,1,3,4,6,1678,7,1676,1675,1674,8
905,5,9,1680,1679,10,1677,1676,49,47,46
906,0,1681,2,1679,3,1677,1676,4,1674,1673
907,0,1681,1,1679,1678,2,5,1675,1674,1673
908,3,1681,6,7,8,11,1676,50,49,48
909,1667,1666,1665,27,29,1632,30,32,40,52
910,0,1681,2,3,6,7,1676,1675,1674,48
911,0,2,1680,3,5,1677,1676,6,1674,1673
912,2,3,1680,4,1678,5,1676,7,8,48
913,0,1,2,1679,1678,4,5,6,1674,1673
914,2,1681,3,6,1678,7,1676,1675,1674,48
915,0,1,1680,1679,2,1677,1676,4,5,1673
916,2,3,7,11,1678,12,51,50,48,49
917,0,1,3,4,1678,1677,5,1675,1674,6
918,1677,1076,1075,1074,1282,1281,1671,1670,1280,1279
919,1672,57,1632,24,59,48,0,810,807,806
920,1658,1664,56,1632,1660,1662,1663,1648,1649,23
921,0,1681,1680,1,1678,1677,2,1675,3,4
922,1664,1,2,3,4,1678,6,7,1675,1674
923,3,1681,6,7,8,11,1676,50,49,48
924,1656,0,1681,1659,1679,1678,1660,1662,1675,1674
925,0,2,3,4,1678,1677,5,1675,1674,6
926,1,3,1680,5,1678,9,11,49,48,46
927,2,3,1680,4,5,1677,7,9,48,46
928,1668,0,1681,1669,1679,2,1677,1676,3,1674
929,1,3,1680,4,5,1677,8,9,48,49
930,0,1681,1680,2,1678,1677,1676,1675,1674,1673
931,1,3,1680,1679,4,1677,5,9,45,46
932,0,1681,1,1679,1678,1677,2,1675,4,5
933,0,1681,1680,3,6,1677,1676,1675,1674,7
934,0,1,2,3,1678,1677,4,1675,5,6
935,0,1,1680,1679,4,1677,1676,5,6,1673
936,0,2,3,4,1678,5,6,1675,1674,1673
937,3,1681,6,1679,1678,7,1676,8,1674,1673
938,1656,1659,1663,1649,1679,1678,1651,8,23,22
939,1666,2,1681,1667,1679,1678,4,1676,5,6
940,1261,65,1014,1127,1324,1126,1125,1321,1320,1319
941,0,1681,1,1679,3,1677,1676,4,5,6
942,1656,1657,1681,1680,1679,1658,1677,1676,1660,8
