0,323,301,895,99,1141,651,275,1066,674,407
1,484,519,495,222,274,656,514,63,301,312
2,901,332,339,305,959,314,874,91,100,275
3,168,1129,82,1348,513,113,188,222,165,55
4,298,174,515,651,252,301,127,291,627,181
5,656,284,1141,261,640,123,268,647,510,658
6,1011,133,269,288,245,275,250,190,899,526
7,97,518,1141,199,63,529,1348,479,196,221
8,918,55,10,113,178,126,303,287,168,189
9,317,1348,514,126,602,271,63,97,113,11
10,47,285,886,484,879,675,132,1666,274,735
11,257,1038,495,627,515,47,325,689,728,484
12,513,1141,134,876,429,420,213,168,323,646
13,735,108,174,49,7,651,903,0,429,150
14,749,241,204,169,165,69,495,317,659,637
15,173,81,479,135,356,233,126,97,317,49
16,55,345,343,172,149,200,241,175,88,749
17,285,886,13,250,113,284,514,47,274,492
18,135,495,968,150,484,196,7,704,610,274
19,326,269,417,7,464,495,299,142,162,484
20,304,233,186,156,123,99,1066,506,645,208
21,901,314,275,213,18,315,305,651,267,245
22,268,524,477,261,245,1136,656,488,222,1021
23,1129,315,901,271,1485,356,317,314,529,97
24,1348,82,1129,189,314,1485,257,172,1038,113
25,126,204,660,186,312,191,99,527,49,168
26,257,11,1547,486,172,63,9,1038,297,520
27,515,301,237,181,291,268,143,54,522,11
28,49,171,172,180,113,407,168,167,285,173
29,317,271,514,1348,63,602,285,426,301,99
30,640,252,446,1064,133,176,431,174,1141,135
31,267,520,257,149,297,55,95,171,901,182
32,1348,11,1485,189,95,21,315,1038,173,346
33,301,1129,339,462,155,99,11,476,332,529
34,299,688,878,312,1348,113,146,306,331,679
35,537,631,301,741,234,16,1024,745,515,37
36,55,312,248,301,49,270,222,178,146,171
37,150,552,523,81,142,698,689,324,277,288
38,252,651,55,267,432,1348,95,245,901,249
39,300,55,318,24,468,168,210,434,181,427
40,407,918,49,777,167,178,150,174,486,113
41,309,312,49,173,495,264,204,519,171,180
42,291,1348,343,317,300,514,241,177,97,55
43,49,1497,407,113,126,134,748,660,152,1348
44,168,301,55,222,284,113,429,99,407,312
45,1129,317,271,315,1348,257,462,63,195,8
46,196,97,8,237,356,315,271,426,179,602
47,99,407,525,126,660,1348,191,297,123,173
48,59,649,653,19,220,136,581,60,58,855
49,178,52,55,318,1129,252,1136,90,871,918
50,171,172,49,180,175,173,150,21,68,1348
51,317,1129,1348,8,285,113,271,195,63,168
52,312,281,63,301,317,124,519,99,745,1348
53,55,41,40,511,210,91,886,520,178,762
54,326,204,175,345,182,202,199,524,749,1141
55,95,194,346,21,182,332,180,901,173,97
56,745,515,484,301,291,18,1348,590,185,281
57,903,23,9,330,343,285,47,241,206,409
58,344,55,345,323,1141,267,901,474,275,52
59,1129,662,346,1159,323,133,275,1485,651,250
60,180,49,312,171,346,299,1011,173,63,68
61,520,1141,429,486,97,918,524,510,22,49
62,918,178,9,812,11,319,55,113,1136,10
63,49,125,204,431,519,477,484,656,47,511
64,495,484,135,131,317,168,519,165,229,527
65,171,49,180,194,11,299,10,97,312,1011
66,267,249,257,1129,323,113,1485,222,12,962
67,172,749,241,136,407,200,150,267,305,330
68,1136,267,245,172,49,204,126,55,186,918
69,482,1348,407,317,11,49,177,510,189,486
70,113,1348,749,462,514,317,285,1129,271,407
71,339,457,275,99,333,474,1038,301,321,1159
72,178,918,126,56,749,660,524,88,113,812
73,314,1348,315,356,271,317,285,63,312,1038
74,886,285,172,651,257,267,245,60,18,294
75,1141,1066,510,427,344,123,44,177,640,135
76,268,291,115,477,488,637,261,1136,172,247
77,495,8,241,18,142,261,285,196,426,484
78,174,127,47,1136,54,285,237,496,920,178
79,1129,1666,312,317,1348,55,63,356,99,168
80,257,312,99,63,654,301,1038,315,491,309
81,407,168,513,18,1348,302,527,429,165,49
82,325,21,279,315,312,689,391,254,81,309
83,1348,125,514,113,285,172,484,47,241,165
84,168,513,186,302,482,407,356,126,133,704
85,7,282,49,135,735,274,486,426,428,477
86,495,309,312,484,49,173,63,257,14,519
87,747,1129,1348,18,310,844,715,457,920,606
88,762,146,301,409,291,484,515,287,269,470
89,299,291,326,602,1129,487,920,92,250,660
90,1348,330,314,315,21,407,202,189,275,143
91,113,178,126,271,11,222,317,1348,97,63
92,299,291,484,1011,222,537,125,250,476,935
93,178,1136,250,59,9,319,58,133,660,524
94,99,257,301,325,627,428,515,476,486,268
95,134,81,339,0,356,133,346,85,190,672
96,199,1485,1129,341,824,1348,614,844,150,88
97,300,8,55,506,135,343,196,241,514,481
98,155,901,339,301,312,297,55,248,171,332
99,344,68,1066,173,21,356,315,317,526,171
100,312,21,143,525,173,194,68,315,204,171
101,168,407,1348,1129,113,55,529,88,252,165
102,285,172,1136,1348,267,125,514,82,55,49
103,899,180,171,49,346,901,173,526,1141,874
104,99,257,301,297,190,63,1038,520,315,126
105,318,172,1136,125,267,317,495,612,482,8
106,237,305,314,1485,315,200,268,339,208,60
107,285,581,317,8,356,407,1348,482,113,56
108,95,293,681,194,404,218,203,287,341,171
109,309,312,132,317,495,484,274,315,21,14
110,257,627,747,897,1129,63,1348,185,734,745
111,275,1666,314,317,312,343,901,285,1348,47
112,429,229,213,151,168,1348,747,745,227,54
113,1141,284,49,749,1011,640,198,524,529,301
114,275,407,134,178,126,155,88,174,55,31
115,204,172,267,55,175,189,125,749,245,149
116,1348,407,55,49,113,168,901,88,171,180
117,197,245,237,1485,11,41,267,149,515,167
118,879,886,285,113,168,537,484,211,260,222
119,132,8,317,257,1129,195,271,285,63,734
120,749,115,305,646,482,204,317,288,47,462
121,318,320,245,886,261,288,1136,484,267,300
122,55,514,581,343,241,285,465,527,191,284
123,252,1129,323,651,41,298,515,11,688,197
124,180,689,327,49,21,81,173,171,288,750
125,899,346,49,252,291,342,301,180,95,1129
126,880,303,741,537,298,429,894,194,95,1024
127,8,9,250,85,0,190,241,903,346,476
128,305,581,339,271,479,473,285,639,426,356
129,495,190,681,16,8,287,300,377,95,741
130,476,297,99,301,13,271,312,63,339,285
131,55,474,345,427,99,663,515,511,275,522
132,343,47,407,269,173,7,49,330,527,204
133,68,293,341,312,95,21,203,173,691,236
134,271,356,196,315,317,97,1485,63,426,479
135,58,1348,315,314,56,1066,208,200,177,1485
136,270,1015,429,992,537,384,227,116,168,878
137,1348,314,55,407,168,1072,356,315,202,177
138,275,314,55,1348,272,202,465,345,343,155
139,285,168,113,886,302,132,1666,317,1129,1348
140,325,689,288,277,332,315,32,471,14,21
141,1485,422,962,468,315,257,520,68,49,526
142,332,10,315,6,1038,81,325,21,312,23
143,168,49,482,173,422,495,317,407,0,7
144,407,127,777,54,918,227,1348,150,329,82
145,23,1348,1038,92,712,99,47,689,458,314
146,317,241,8,482,285,514,271,426,356,18
147,431,136,305,1629,285,18,19,302,115,318
148,343,55,275,407,314,285,1348,330,156,99
149,55,113,178,918,172,267,49,88,168,171
150,305,18,47,285,241,1348,514,115,407,343
151,689,675,142,315,277,325,285,47,18,309
152,300,728,55,515,745,58,681,514,325,675
153,178,179,126,22,356,150,186,134,55,46
154,901,305,8,285,339,288,356,346,49,899
155,134,123,135,177,653,196,640,133,479,512
156,47,55,343,301,181,285,49,99,407,173
157,269,7,250,282,190,660,1021,1485,142,288
158,688,312,146,297,299,95,679,1038,21,901
159,55,474,345,297,275,291,126,11,9,181
160,1066,297,323,520,315,314,337,257,275,474
161,299,312,688,222,1348,128,1129,1038,95,11
162,68,312,317,63,315,21,356,271,332,97
163,312,1129,1348,326,327,321,529,120,299,462
164,689,1348,327,21,317,1129,315,1485,920,314
165,332,748,346,312,331,327,325,1038,299,679
166,55,1004,353,429,135,150,463,168,704,229
167,495,343,264,173,165,527,193,484,312,256
168,113,168,1348,125,222,172,82,165,407,429
169,299,1348,116,291,146,878,745,312,1038,343
170,49,97,204,483,63,171,518,210,172,11
171,97,182,1141,1066,312,520,143,222,55,99
172,314,1348,55,315,343,631,317,356,168,1485
173,23,1008,11,712,749,688,241,1038,1072,314
174,317,68,312,21,271,236,14,63,315,142
175,339,474,41,59,520,237,22,1129,1485,197
176,55,126,88,178,407,1141,181,202,113,179
177,495,312,257,21,173,49,204,264,525,63
178,325,894,457,297,747,337,368,332,590,124
179,885,886,1129,285,323,747,1629,220,1666,311
180,68,495,81,251,236,734,681,422,526,135
181,168,429,49,222,303,171,55,612,519,312
182,181,55,168,186,511,480,434,196,429,151
183,581,302,1193,482,523,133,8,7,131,288
184,132,250,190,899,1129,422,662,8,1159,284
185,285,343,1666,18,281,878,747,241,745,358
186,282,486,257,11,524,658,918,428,1062,49
187,285,306,113,1348,514,920,291,745,178,271
188,8,1136,241,318,250,164,284,85,7,482
189,312,287,63,172,21,171,49,189,317,1348
190,343,356,241,317,233,55,1348,271,291,8
191,257,268,237,428,282,261,60,693,658,1136
192,18,285,1666,13,241,317,675,169,514,310
193,11,97,63,271,268,126,749,312,204,149
194,407,285,49,173,317,1348,356,314,171,482
195,1485,302,609,523,653,186,325,324,662,135
196,495,135,81,177,98,173,131,647,403,193
197,431,49,483,134,1141,326,529,204,482,518
198,204,305,356,47,514,241,172,317,343,115
199,431,97,194,49,1485,346,326,332,95,1129
200,191,126,275,660,204,339,186,55,409,184
201,269,627,257,301,899,49,515,173,194,428
202,257,11,486,1021,524,149,182,152,282,1062
203,136,275,56,343,513,92,1072,345,645,123
204,97,68,1348,317,195,69,315,734,8,1129
205,126,155,55,213,356,178,186,46,271,63
206,484,495,274,135,675,886,514,481,519,434
207,495,968,135,150,658,229,536,484,214,418
208,7,135,191,184,479,123,487,426,274,133
209,323,1129,128,962,168,126,1485,422,297,56
210,343,513,344,18,1348,314,169,407,708,241
211,288,318,495,300,169,24,165,482,172,708
212,1348,407,189,326,660,126,1497,113,186,202
213,291,515,300,177,196,479,602,631,135,640
214,49,222,182,1141,299,95,168,312,165,171
215,520,315,97,63,271,257,99,356,126,474
216,291,343,300,475,335,218,1348,345,1072,69
217,11,660,1072,97,1066,1348,208,524,197,268
218,55,326,343,345,199,291,812,515,136,431
219,55,514,317,1348,356,271,63,312,126,97
220,306,275,55,113,474,178,339,342,901,346
221,143,315,312,68,63,186,55,126,213,214
222,343,330,233,312,525,290,299,21,23,384
223,68,21,344,526,14,450,689,495,288,317
224,431,1485,134,49,315,186,126,483,133,204
225,749,172,171,918,11,297,312,49,63,113
226,513,492,168,1021,704,136,527,275,164,284
227,315,271,285,689,317,254,21,356,409,257
228,291,234,300,55,241,18,329,343,46,447
229,132,685,317,14,312,309,68,285,332,368
230,320,222,132,312,1129,299,688,346,24,1666
231,651,19,1129,323,662,708,136,1020,134,1141
232,168,1129,886,662,196,495,962,513,422,135
233,302,482,56,646,407,581,1193,133,134,523
234,302,168,55,196,318,150,1136,18,653,482
235,1666,132,1129,317,747,989,311,195,68,1308
236,222,113,301,407,165,749,1129,462,99,168
237,55,285,1666,312,476,297,222,1129,301,1348
238,284,899,342,446,474,994,252,615,1011,235
239,474,149,143,97,63,55,300,78,237,210
240,125,918,172,285,514,1136,82,241,55,113
241,1348,142,150,675,315,314,514,285,257,968
242,174,284,301,631,529,511,473,134,123,640
243,1136,546,918,319,285,267,1485,315,314,288
244,1348,82,325,142,1015,537,920,106,1027,872
245,486,428,282,257,268,152,488,11,515,663
246,288,1485,257,1348,1129,168,886,267,172,482
247,55,345,183,688,149,749,11,812,291,222
248,314,1348,315,275,8,9,319,920,271,333
249,1497,603,653,660,523,188,1193,302,649,325
250,126,356,186,134,315,97,317,63,49,179
251,55,343,356,204,317,233,514,312,1348,126
252,495,165,172,97,291,656,135,658,125,69
253,495,327,431,68,312,309,899,120,519,21
254,218,194,287,149,55,183,95,181,143,171
255,513,844,1348,659,1129,1159,325,257,1066,56
256,285,55,113,314,1666,1348,168,302,356,178
257,142,1348,285,317,169,312,18,659,65,303
258,314,1348,155,315,275,113,271,126,356,407
259,300,252,197,901,889,1072,100,1066,515,16
260,146,95,16,346,301,297,299,897,209,291
261,288,250,1008,1129,8,546,688,920,317,346
262,47,257,428,526,99,492,749,317,495,482
263,520,135,1064,150,268,257,237,962,1485,261
264,297,894,332,325,337,457,81,10,315,124
265,284,49,8,317,190,13,99,63,271,422
266,314,315,1348,275,407,1485,126,186,356,55
267,305,275,407,55,204,113,482,356,133,474
268,261,60,58,282,339,59,428,237,208,1136
269,964,172,149,261,268,267,923,854,282,259
270,204,99,315,63,317,186,312,356,126,257
271,1141,186,176,181,522,126,182,510,143,660
272,1485,150,901,267,172,314,708,315,245,1348
273,55,241,268,172,343,514,291,300,656,1348
274,95,312,173,209,49,346,21,317,68,1348
275,49,126,11,171,356,271,97,55,173,179
276,514,285,55,1348,317,241,63,271,13,18
277,918,189,271,317,1348,514,113,11,9,10
278,879,886,881,992,994,984,106,1024,1021,854
279,113,918,188,189,812,9,948,297,250,605
280,306,125,688,113,270,55,222,303,299,312
281,149,474,275,345,143,55,181,182,615,197
282,901,899,1129,100,346,1485,49,529,173,483
283,1348,314,1129,1485,901,920,315,515,177,651
284,270,55,343,181,194,173,95,227,407,1015
285,8,1217,824,805,127,835,630,1129,1485,844
286,343,54,55,285,18,1348,514,241,291,300
287,8,474,356,196,897,427,498,339,300,237
288,1015,748,309,270,331,312,116,330,1348,269
289,689,180,346,21,290,173,407,1348,482,299
290,267,275,315,474,1038,99,314,288,317,55
291,55,267,1348,189,186,514,315,126,287,660
292,204,356,126,196,179,660,1141,646,479,97
293,49,171,55,356,173,901,271,180,315,63
294,132,1175,113,1592,920,886,288,285,1129,314
295,326,854,632,198,165,527,168,431,656,222
296,288,305,47,275,115,8,462,250,339,317
297,134,173,407,81,49,315,133,689,317,603
298,1021,222,323,1129,250,1016,1136,420,1011,1547
299,745,291,252,55,222,1129,353,303,298,146
300,49,269,173,180,171,256,899,194,209,47
301,245,270,431,267,306,41,288,320,180,748
302,55,8,150,356,204,172,267,315,49,171
303,312,95,143,182,173,78,233,525,97,175
304,305,462,115,646,689,56,241,407,512,1008
305,241,749,343,55,514,356,291,164,344,1348
306,918,167,113,49,249,172,213,407,180,178
307,1021,178,126,9,270,188,1497,189,660,250
308,1348,325,297,743,23,301,515,99,156,314
309,812,488,462,291,11,222,113,749,486,268
310,168,317,482,312,68,173,343,95,55,1348
311,1021,1011,132,299,422,8,250,190,251,274
312,899,1141,442,134,529,509,301,483,326,198
313,1045,257,139,269,325,288,300,495,93,484
314,178,59,1136,113,285,284,918,528,653,167
315,689,285,1008,747,325,715,311,462,50,1129
316,88,1348,407,126,113,189,11,97,178,1018
317,299,317,241,343,312,1038,935,1666,897,99
318,312,745,55,1348,285,281,1666,886,301,168
319,430,95,67,469,287,146,745,21,143,10
320,431,632,326,302,288,536,649,505,523,317
321,99,301,181,196,186,126,511,184,191,522
322,271,356,204,97,126,63,49,11,317,171
323,55,805,514,1348,9,8,318,291,82,1129
324,178,284,646,791,133,1021,167,1136,245,918
325,1011,420,257,899,627,637,854,769,1021,149
326,288,150,1485,1064,200,315,506,186,233,133
327,312,317,1348,749,1038,285,63,21,271,1666
328,314,1348,99,356,275,315,407,202,301,317
329,747,1348,303,1129,745,63,168,514,82,222
330,333,323,297,55,52,275,474,9,520,345
331,100,332,1485,431,2,901,1129,95,97,194
332,1348,312,659,21,257,309,691,317,120,180
333,1129,59,1365,651,99,58,740,301,250,1497
334,291,342,343,411,252,320,16,899,55,95
335,688,312,332,10,1008,178,11,346,271,306
336,300,1348,515,135,968,291,177,326,610,196
337,99,301,284,123,462,655,196,855,134,752
338,524,178,1129,97,59,473,179,113,115,407
339,142,495,872,254,293,418,303,65,70,391
340,515,291,429,168,181,151,477,54,300,879
341,1136,9,287,46,542,879,812,1016,261,212
342,284,49,178,132,8,171,1141,346,429,640
343,186,660,653,126,99,407,123,513,191,208
344,241,482,492,656,1348,177,268,514,343,169
345,326,227,226,407,431,229,312,49,113,429
346,143,181,155,41,49,762,204,312,91,332
347,267,222,172,1129,95,257,1348,11,97,182
348,285,323,1129,314,13,275,333,310,211,920
349,7,133,191,284,126,407,134,482,190,473
350,1038,325,1129,1159,1348,471,420,346,331,110
351,312,126,299,128,481,332,55,480,519,63
352,312,285,49,180,271,309,317,63,171,21
353,47,136,513,206,492,7,261,879,123,241
354,1129,288,920,1348,1485,113,132,1308,1159,1666
355,332,21,67,688,11,97,271,10,257,315
356,1348,82,189,172,168,113,188,54,407,477
357,288,285,132,581,311,920,1159,431,320,130
358,312,49,1348,180,113,407,171,317,173,63
359,271,317,356,8,97,11,749,126,514,462
360,513,407,482,284,133,749,646,56,356,136
361,312,297,299,476,301,285,23,99,11,1038
362,303,291,299,241,381,268,812,488,234,222
363,1348,315,356,271,18,314,317,55,447,514
364,656,291,210,261,484,524,1136,274,237,326
365,55,41,9,59,812,353,1136,871,1129,640
366,11,297,9,189,1348,1038,10,113,222,250
367,305,23,342,901,330,306,688,407,314,113
368,312,346,317,1348,172,222,63,171,49,113
369,689,515,99,1066,428,269,208,660,11,1348
370,1348,312,55,275,1666,314,317,343,202,901
371,318,132,320,1136,346,1485,431,288,484,958
372,172,257,125,82,106,267,247,477,918,180
373,484,495,481,446,135,434,326,300,181,176
374,312,49,171,525,126,204,63,173,1011,519
375,97,11,291,268,1129,488,271,1348,63,602
376,1348,168,49,407,356,514,271,317,18,479
377,886,285,317,495,132,168,47,1666,284,482
378,196,514,495,63,135,317,168,274,271,886
379,689,646,1485,282,968,177,512,482,510,428
380,8,708,284,1141,640,899,135,506,177,85
381,291,9,812,457,487,252,324,496,894,805
382,282,60,288,261,58,274,649,693,428,653
383,1348,1129,168,291,317,113,515,514,165,482
384,174,178,381,640,291,529,252,134,473,19
385,1348,285,537,317,514,312,63,271,745,142
386,407,88,133,660,674,342,136,633,275,270
387,194,332,81,49,180,171,21,269,287,173
388,1021,250,184,1136,812,261,656,640,7,190
389,7,142,484,291,537,212,299,495,477,168
390,196,315,356,314,58,18,99,186,427,522
391,431,135,899,131,98,204,495,483,196,49
392,537,484,325,745,1015,142,240,274,353,139
393,315,189,1485,126,186,257,267,287,1348,314
394,899,901,708,346,177,1129,1141,8,482,512
395,326,300,291,920,135,1348,523,431,1166,142
396,186,150,522,315,196,156,356,513,123,99
397,495,135,150,214,704,236,173,204,68,215
398,285,325,277,920,288,1159,1038,609,1348,211
399,95,49,173,899,171,194,495,11,190,209
400,300,288,96,495,343,728,161,386,24,675
401,99,312,495,301,168,63,317,886,434,527
402,143,300,95,201,55,343,78,203,173,1348
403,325,142,254,1348,392,257,391,731,0,63
404,70,368,258,23,392,81,46,0,315,530
405,1011,446,899,346,291,320,342,299,339,306
406,1348,49,150,172,168,1485,171,82,189,482
407,300,168,343,55,165,513,1348,704,201,172
408,99,323,284,56,301,462,476,752,297,1066
409,1348,142,343,381,156,78,18,173,407,233
410,285,49,47,180,173,171,301,172,1348,317
411,901,173,49,233,55,343,171,275,143,474
412,7,482,168,142,212,49,407,735,612,429
413,11,41,178,524,97,126,149,268,222,155
414,356,315,271,317,305,1348,21,49,314,68
415,257,495,63,312,125,172,1062,222,658,514
416,315,285,317,271,172,63,267,1348,257,21
417,287,257,10,259,894,218,11,558,258,402
418,482,47,426,317,177,131,135,495,602,196
419,8,339,317,581,356,271,250,426,315,132
420,326,299,312,525,342,343,204,126,182,291
421,546,8,267,250,288,346,323,344,317,1008
422,268,13,257,172,241,267,1547,206,149,1066
423,897,1159,132,300,8,484,495,662,899,1059
424,298,41,529,431,511,474,178,901,237,181
425,274,132,250,735,462,130,1129,284,8,271
426,55,110,1348,314,876,992,349,1015,116,384
427,257,1129,627,1348,1038,325,301,63,515,120
428,49,173,171,526,901,204,1141,172,180,356
429,658,317,271,274,514,97,63,486,1062,480
430,1348,317,312,18,514,63,68,356,271,285
431,55,267,172,125,245,745,1348,762,300,240
432,284,513,55,528,99,168,301,13,241,18
433,872,370,681,513,429,747,303,55,168,467
434,55,172,918,171,267,49,88,175,345,901
435,297,457,894,520,287,55,128,1129,126,323
436,132,8,958,303,897,13,284,18,429,739
437,312,299,495,519,222,688,97,63,21,291
438,8,346,250,285,344,288,132,317,318,422
439,82,113,918,651,188,1348,407,249,528,174
440,1348,173,315,1485,314,21,317,689,1066,356
441,181,178,55,150,1064,227,179,431,49,1485
442,305,180,689,346,49,21,901,171,314,327
443,342,339,81,899,479,426,233,305,271,11
444,300,55,343,506,411,345,233,356,318,344
445,291,320,515,326,306,854,149,47,41,125
446,49,180,407,245,171,301,11,173,750,269
447,1011,476,301,433,183,899,284,708,951,99
448,339,649,123,653,99,515,208,1365,602,85
449,484,274,514,886,317,132,63,495,1038,519
450,688,297,189,337,948,272,182,1348,11,21
451,1008,128,92,936,189,660,688,182,749,485
452,49,41,171,901,180,155,474,178,149,339
453,142,312,309,173,21,254,264,495,14,256
454,168,1348,407,312,173,49,113,222,99,301
455,275,285,306,113,178,155,55,514,204,517
456,1485,431,482,315,135,97,483,1348,177,317
457,812,1021,513,660,92,56,126,481,492,212
458,688,189,113,172,918,1348,249,749,82,552
459,275,136,343,345,1348,314,55,514,220,58
460,132,1129,8,422,962,317,482,113,130,250
461,68,317,8,195,97,63,734,271,312,514
462,431,968,518,326,529,515,196,610,213,134
463,1348,222,168,55,63,656,165,514,97,317
464,407,9,212,1348,381,709,7,189,903,142
465,23,301,155,156,16,748,330,881,1015,901
466,181,186,176,55,304,275,143,269,150,692
467,288,1485,150,315,1064,135,245,100,495,526
468,8,317,1129,271,482,56,478,426,514,356
469,312,63,55,97,210,317,271,126,519,356
470,265,291,299,258,897,1024,537,142,146,476
471,989,747,1239,146,901,920,885,113,1592,306
472,257,315,1485,267,172,97,150,63,1348,968
473,356,317,312,204,63,271,126,55,97,315
474,233,9,498,218,23,200,85,633,8,1064
475,312,11,126,49,99,301,271,63,317,171
476,188,1129,1348,189,82,605,920,1485,325,113
477,55,514,542,241,484,879,191,99,13,495
478,177,291,268,515,123,127,1141,1348,777,510
479,492,291,656,515,854,164,261,1021,769,268
480,97,482,182,510,524,1129,135,495,962,656
481,1348,343,55,291,407,317,95,97,165,356
482,150,7,879,429,229,212,142,49,477,278
483,168,172,165,49,495,245,659,612,173,704
484,326,188,245,918,515,477,693,812,174,167
485,481,491,612,962,492,495,261,520,1021,656
486,1040,315,325,186,513,1348,150,968,213,660
487,312,117,326,229,429,168,165,120,221,303
488,407,1348,343,633,672,126,290,614,314,330
489,178,342,339,1011,11,49,239,183,588,184
490,515,301,47,1348,407,518,462,529,479,512
491,513,56,344,18,169,356,317,296,510,749
492,314,315,143,1348,330,173,201,21,689,343
493,287,10,63,11,97,312,271,55,171,218
494,291,300,301,127,631,155,237,762,54,518
495,918,113,178,270,249,306,285,546,258,319
496,257,314,1348,249,180,315,327,332,49,1485
497,59,22,178,174,653,520,179,199,213,155
498,275,344,241,1666,13,288,136,749,708,223
499,323,1129,252,90,651,1239,920,314,9,59
500,218,520,55,41,894,287,10,237,197,97
501,287,681,332,259,218,10,249,52,402,824
502,498,506,1136,135,958,482,150,318,293,200
503,325,1129,1348,745,515,1038,920,1308,1485,457
504,21,142,326,288,299,689,317,204,154,312
505,186,326,126,199,194,176,660,81,227,287
506,989,332,688,901,100,95,1129,346,252,128
507,133,136,288,275,581,250,646,407,482,47
508,269,486,218,11,184,287,268,191,99,194
509,312,173,299,95,49,21,264,194,171,143
510,55,514,812,1136,222,125,9,918,10,250
511,343,407,136,305,314,1348,482,55,275,708
512,312,21,317,68,173,495,63,97,326,315
513,285,886,267,1136,245,587,1348,113,1497,484
514,332,194,346,95,10,312,171,146,299,49
515,285,113,1666,314,1129,1348,317,407,168,223
516,291,301,515,518,268,11,486,488,462,627
517,1348,659,688,1072,69,272,267,257,1066,469
518,54,292,257,330,294,669,174,314,143,788
519,317,241,8,689,285,271,526,21,195,142
520,41,257,245,49,517,11,267,155,180,67
521,49,178,301,134,126,11,271,486,99,171
522,689,1348,271,317,81,142,315,177,426,21
523,323,275,55,989,1666,420,297,1129,1159,24
524,55,172,182,267,149,95,1066,1141,245,222
525,285,241,581,903,142,8,339,85,99,284
526,150,149,200,233,186,171,175,1064,49,170
527,515,143,1348,173,156,343,301,49,268,269
528,1348,745,1129,1015,240,267,55,168,222,113
529,897,8,317,426,271,142,291,241,63,514
530,1159,132,735,627,1129,317,495,897,281,886
531,63,495,312,287,257,21,11,97,1062,658
532,168,429,422,312,420,132,229,303,222,495
533,407,346,1239,270,431,1348,113,920,306,49
534,587,704,168,1021,1136,630,429,523,86,7
535,180,49,327,299,291,142,1348,484,21,125
536,275,55,284,511,474,285,99,191,514,13
537,196,126,97,479,204,356,610,480,519,135
538,495,513,968,142,135,18,527,169,177,482
539,407,1348,314,189,113,1485,133,126,168,88
540,291,299,125,477,656,172,247,637,268,270
541,407,47,133,285,284,305,482,581,356,113
542,135,630,1129,523,487,1485,662,168,704,1064
543,301,99,155,474,275,156,339,55,191,126
544,747,1129,1348,303,113,271,63,49,429,327
545,41,901,298,288,247,245,172,267,320,430
546,312,317,356,63,271,49,68,204,171,1666
547,181,326,270,515,176,1018,11,660,1244,272
548,63,312,97,1348,317,11,21,49,271,222
549,748,1015,1348,309,312,331,116,257,515,155
550,40,1009,1064,1047,920,959,135,181,196,326
551,1348,514,1129,222,113,515,291,602,168,63
552,1348,199,326,271,660,11,10,97,189,188
553,173,495,317,312,315,49,81,21,899,135
554,8,317,688,346,97,68,55,1129,312,113
555,204,275,8,126,356,97,317,660,184,99
556,1129,113,323,252,178,174,90,1239,346,407
557,113,55,168,1129,1348,529,407,222,284,178
558,312,47,285,309,113,1666,132,886,49,317
559,429,168,49,88,640,1141,178,133,134,468
560,407,136,305,462,473,178,1365,113,220,660
561,689,748,854,47,326,191,269,301,515,428
562,288,495,257,315,526,317,190,282,49,426
563,182,95,495,21,173,128,899,326,96,312
564,47,407,305,285,113,314,1348,920,23,454
565,285,465,126,55,514,855,513,99,581,407
566,812,291,326,446,921,252,615,630,843,318
567,9,56,407,381,297,844,85,633,189,922
568,495,482,317,47,204,527,315,426,177,135
569,134,213,150,407,302,186,513,653,522,356
570,49,301,268,284,171,407,11,749,123,1141
571,8,241,506,18,85,9,310,708,13,513
572,339,237,196,426,8,315,271,356,498,99
573,300,291,747,739,515,745,18,897,1348,78
574,343,291,241,345,514,300,233,204,305,268
575,1348,189,21,968,326,315,660,495,482,177
576,288,689,1129,1348,1166,1485,346,169,115,1363
577,299,312,384,55,95,878,116,1015,343,146
578,63,495,317,142,486,172,658,241,82,169
579,901,346,180,332,320,558,49,327,762,874
580,55,9,174,407,46,381,903,85,168,22
581,11,660,407,524,126,462,155,99,88,133
582,250,190,482,660,8,11,126,317,271,133
583,312,327,331,309,257,180,281,49,285,63
584,1021,92,660,56,58,481,513,492,261,325
585,332,297,681,1015,747,1348,1592,314,55,52
586,250,948,126,1021,9,190,422,660,297,1193
587,327,291,1363,311,688,716,498,747,219,68
588,312,293,303,741,68,1015,236,299,327,709
589,172,284,47,492,49,528,136,241,513,261
590,8,339,356,581,317,426,271,506,498,85
591,190,55,275,356,204,126,186,315,317,49
592,747,18,213,1348,675,968,238,195,514,54
593,317,63,97,271,514,312,356,222,495,1348
594,8,55,474,356,498,339,1136,901,271,958
595,312,317,1348,173,68,21,315,63,356,281
596,303,688,55,299,222,312,291,125,10,11
597,1348,285,113,82,317,659,21,172,514,314
598,457,299,422,312,297,420,303,63,537,124
599,520,97,962,524,1129,210,63,491,182,222
600,41,431,320,267,288,115,60,245,959,167
601,173,1015,49,1348,95,168,312,209,203,992
602,312,346,1129,688,332,303,113,132,178,299
603,343,474,55,275,285,241,881,300,18,1666
604,55,168,178,429,126,468,1136,210,612,918
605,901,1485,346,315,288,100,314,874,1129,173
606,55,126,812,97,199,222,56,524,749,88
607,1348,257,259,747,805,520,947,745,432,894
608,513,747,1348,213,202,168,659,18,429,302
609,317,660,56,92,1008,189,11,271,1348,948
610,23,275,936,1348,330,297,688,189,9,407
611,484,142,274,47,495,7,854,317,291,514
612,172,49,749,171,168,222,63,113,97,11
613,476,299,1011,11,301,190,735,486,346,897
614,135,656,168,284,196,495,527,482,647,123
615,49,168,407,173,1348,171,0,82,95,482
616,291,299,342,812,184,11,191,486,92,660
617,312,126,309,204,332,480,317,326,422,588
618,128,182,1021,312,420,143,384,659,750,749
619,90,346,249,1485,288,1129,253,258,251,824
620,285,178,113,312,309,49,180,306,332,155
621,55,125,241,343,303,514,749,113,918,222
622,495,899,135,173,426,177,198,193,637,204
623,113,1348,1129,168,407,317,222,514,188,1497
624,49,1129,529,134,431,1485,168,483,346,899
625,513,168,126,186,55,429,612,213,302,493
626,431,326,496,524,518,342,282,777,178,610
627,297,1348,325,314,116,743,271,315,272,745
628,312,55,63,222,495,519,168,613,125,317
629,297,146,747,287,1015,745,116,1348,325,594
630,343,204,1348,21,172,317,173,49,312,165
631,299,49,899,291,171,180,173,749,346,1011
632,81,897,301,0,99,95,173,209,203,1038
633,275,315,55,314,901,1348,312,1038,63,143
634,282,317,11,115,482,97,524,250,49,658
635,1348,55,168,222,63,745,312,143,78,515
636,285,749,407,305,18,689,169,241,1348,317
637,180,49,256,244,901,95,185,146,172,745
638,142,381,689,324,523,7,777,715,920,968
639,323,297,520,12,1129,11,257,222,168,1348
640,339,474,291,639,178,237,55,305,179,498
641,39,1011,132,353,346,448,429,420,285,735
642,126,181,49,186,133,99,190,301,178,184
643,1348,537,1129,113,299,82,920,878,142,168
644,133,660,653,1365,126,186,178,302,407,191
645,1348,325,514,1497,312,728,467,495,515,1038
646,55,1129,97,210,222,63,168,962,1348,312
647,194,257,269,162,49,486,1011,180,417,429
648,312,233,317,293,299,95,356,68,173,236
649,407,49,777,113,482,1348,291,47,82,305
650,204,191,356,99,343,156,317,522,514,271
651,688,312,132,332,276,317,1129,346,21,288
652,407,134,529,878,113,1348,301,327,582,381
653,1348,326,177,515,660,479,606,968,486,944
654,275,250,133,1021,961,992,211,191,186,1130
655,1066,177,510,614,708,407,1485,85,304,506
656,55,323,297,344,8,9,318,450,56,1348
657,343,186,522,495,143,173,196,55,356,233
658,457,297,513,844,168,186,135,614,487,1129
659,257,172,49,180,167,267,249,171,245,213
660,204,49,173,482,495,171,168,317,407,172
661,1159,257,58,752,261,492,627,1547,1129,739
662,126,312,134,178,49,529,326,181,155,332
663,191,407,527,126,168,204,514,660,113,656
664,1129,271,1348,274,514,920,317,10,63,178
665,302,1348,407,113,513,653,188,314,1193,168
666,301,99,462,271,476,155,11,339,285,284
667,291,11,9,252,486,174,424,301,1018,1129
668,431,462,326,518,529,524,134,198,1365,646
669,519,291,495,299,656,326,312,484,222,303
670,1015,992,819,249,207,66,293,1485,297,587
671,886,41,511,515,320,1308,1009,222,55,210
672,356,126,233,191,343,186,196,315,317,156
673,312,281,63,728,143,78,301,745,99,1038
674,305,689,646,123,208,581,512,134,47,339
675,407,134,49,173,429,229,168,227,381,777
676,681,55,52,270,824,252,332,688,218,10
677,99,301,343,23,407,47,330,275,173,312
678,688,306,113,749,1348,312,430,21,11,918
679,172,267,55,344,245,407,482,168,49,708
680,241,285,318,344,708,1666,169,311,288,305
681,257,245,41,267,1485,315,282,67,205,524
682,188,1129,56,605,1202,59,1193,523,630,922
683,173,299,312,482,49,0,407,290,317,346
684,1066,81,1485,269,135,177,173,0,190,99
685,511,515,196,514,602,237,18,653,518,301
686,312,97,233,317,55,63,204,495,519,315
687,0,1015,1038,116,95,901,171,180,173,143
688,180,49,171,429,346,529,1129,431,95,222
689,309,315,288,689,312,285,254,409,21,14
690,315,356,196,314,317,1485,1348,68,662,302
691,241,343,233,317,901,305,8,271,356,291
692,314,689,901,515,300,1348,197,339,310,1072
693,317,312,315,346,21,49,482,97,68,1485
694,200,270,330,639,343,901,245,267,409,288
695,47,514,515,285,155,343,261,191,511,99
696,305,356,54,314,689,1239,150,127,330,315
697,55,125,318,270,918,303,1136,709,172,612
698,1129,252,651,90,1159,630,59,662,1485,323
699,49,180,171,173,312,204,194,526,301,899
700,63,317,271,1348,257,97,177,426,315,196
701,49,180,171,429,312,486,749,198,519,518
702,312,21,204,173,143,495,309,525,49,264
703,55,356,284,204,168,482,473,196,581,317
704,1623,257,325,327,747,391,120,331,684,124
705,343,172,300,1348,18,865,21,264,82,142
706,47,557,314,288,689,277,142,712,325,58
707,172,257,21,865,659,312,264,14,1348,68
708,312,332,10,762,409,21,271,901,299,146
709,407,126,133,168,356,55,482,510,136,478
710,241,8,13,169,85,606,177,56,514,1129
711,147,1015,689,1027,288,257,325,277,471,21
712,55,343,143,95,901,356,1348,312,474,173
713,688,270,10,249,824,95,430,1348,327,194
714,125,172,519,63,49,484,185,514,204,312
715,317,482,8,142,132,497,581,169,241,749
716,320,899,132,222,495,484,1011,519,291,8
717,312,299,21,264,95,384,14,209,309,173
718,97,520,734,63,747,1129,68,491,897,8
719,285,886,18,1129,511,1175,745,301,196,54
720,49,429,168,171,180,229,1129,173,346,1348
721,315,97,1348,1485,317,1129,271,63,11,21
722,747,172,1348,49,180,257,63,171,238,54
723,49,171,180,312,204,194,525,126,1062,21
724,1348,271,356,63,317,314,312,315,285,18
725,318,344,370,293,14,288,552,1058,561,1666
726,172,1348,749,125,918,165,55,688,82,222
727,63,317,97,49,312,171,11,173,222,271
728,1129,132,688,1308,299,989,222,353,747,420
729,49,171,257,422,180,173,99,63,168,190
730,689,343,18,204,315,156,1348,314,21,241
731,1348,325,142,1038,514,484,515,602,317,291
732,275,300,474,18,136,343,58,44,427,515
733,142,391,537,418,486,70,484,495,274,968
734,317,356,68,285,749,1348,113,312,168,747
735,55,474,178,174,181,136,275,345,343,511
736,314,18,285,155,99,407,1348,513,47,301
737,407,482,49,173,1485,227,1348,168,171,431
738,312,321,299,225,281,338,899,96,301,309
739,346,285,1129,113,317,49,284,250,168,132
740,271,317,126,63,356,514,8,97,486,312
741,8,317,13,344,250,356,271,422,56,749
742,1129,168,1348,513,708,323,18,169,1666,56
743,55,126,297,63,11,514,99,97,222,356
744,894,457,520,257,325,297,11,97,486,1062
745,330,172,409,269,233,343,149,21,288,204
746,126,133,250,1011,178,190,191,284,7,961
747,49,11,171,180,173,172,182,63,97,194
748,327,518,326,431,21,257,221,49,11,97
749,49,204,171,173,172,55,180,312,407,227
750,245,484,1136,172,261,886,637,477,267,318
751,291,127,342,218,183,237,270,639,430,89
752,675,18,484,886,495,300,968,76,229,285
753,297,420,312,275,344,55,1038,24,95,222
754,476,1348,257,735,606,142,731,169,256,241
755,285,1348,407,314,113,189,23,330,9,903
756,1348,1485,315,97,63,901,55,11,49,172
757,513,9,150,207,922,297,168,651,189,1485
758,293,180,95,299,1015,303,82,312,219,844
759,689,1485,90,100,2,150,1064,16,324,1217
760,430,327,945,326,244,515,21,291,661,762
761,99,191,126,55,297,184,301,123,186,656
762,462,1129,431,1348,920,113,115,529,518,271
763,689,315,317,1348,21,173,81,482,1485,142
764,275,474,58,427,653,339,196,8,59,60
765,288,275,250,339,245,267,315,1130,319,190
766,113,274,317,285,271,1129,168,514,1348,602
767,495,241,312,317,8,204,519,63,525,215
768,1348,300,18,168,513,343,169,177,165,82
769,318,1129,267,1136,222,1348,8,698,1592,195
770,844,258,422,142,552,1159,0,293,7,922
771,47,899,173,1348,901,515,343,49,21,317
772,213,150,968,1485,513,302,486,59,1125,1202
773,431,326,227,529,777,134,1141,221,49,175
774,1348,749,204,202,267,317,275,55,345,69
775,407,330,314,23,633,9,1348,903,689,142
776,55,100,747,18,267,288,300,901,24,318
777,155,301,11,41,529,178,515,298,339,342
778,287,150,429,303,587,353,229,95,293,218
779,312,49,422,173,495,171,309,180,68,317
780,134,191,49,133,204,899,126,301,47,99
781,324,326,431,480,327,632,603,610,496,518
782,245,1129,267,431,901,346,252,320,41,222
783,1348,63,301,312,99,11,173,78,515,1038
784,171,95,173,180,172,97,63,1141,194,49
785,97,63,1348,189,317,315,486,199,11,1062
786,299,312,21,1348,391,180,317,331,689,327
787,312,317,299,749,113,1348,285,514,271,126
788,275,474,323,182,520,297,664,1066,97,339
789,287,10,55,204,326,312,270,918,189,126
790,317,97,312,271,132,63,21,68,519,483
791,172,918,125,49,55,113,267,178,171,180
792,901,49,95,171,194,173,55,346,180,245
793,407,123,268,11,99,510,482,660,602,301
794,245,47,407,651,136,267,113,288,270,920
795,1348,1015,189,227,872,65,150,82,709,21
796,49,171,257,269,173,194,172,11,486,180
797,537,331,229,571,299,735,258,188,309,270
798,241,99,492,514,301,206,18,47,261,284
799,1348,495,291,326,173,21,317,656,482,97
800,312,233,287,55,95,236,173,10,143,343
801,1066,297,325,197,257,1348,515,1129,1072,651
802,285,271,514,155,196,649,18,602,515,462
803,301,346,49,173,95,476,1348,407,1129,180
804,651,197,174,252,615,291,298,645,1066,59
805,168,291,55,303,381,514,212,656,602,135
806,844,346,1129,482,165,299,1166,95,168,251
807,173,49,171,1348,180,407,95,312,21,901
808,178,55,291,222,301,113,474,529,11,514
809,291,1129,317,897,95,346,173,899,1348,426
810,457,325,281,590,301,124,537,741,63,1129
811,297,747,1348,95,341,688,312,21,68,293
812,269,204,660,326,330,47,21,409,6,1021
813,894,97,332,11,10,297,182,520,1129,218
814,317,189,68,150,315,482,1348,168,1485,236
815,95,1348,1015,878,209,343,173,116,146,299
816,1348,150,55,189,186,1485,199,314,315,287
817,49,407,213,134,227,180,47,113,173,1348
818,55,113,407,474,275,291,136,1348,343,241
819,339,301,312,320,299,474,99,476,250,332
820,495,142,317,514,241,527,135,482,7,656
821,407,113,1129,346,1348,168,133,134,314,662
822,99,126,63,284,222,55,301,514,13,186
823,287,270,23,10,218,1064,269,150,11,9
824,312,688,299,331,120,878,346,321,1348,297
825,95,346,1129,55,222,312,252,49,332,688
826,291,1348,55,268,95,11,237,197,54,515
827,515,314,155,275,208,60,58,99,301,47
828,407,660,49,133,126,1348,134,11,113,88
829,462,749,461,1129,420,222,317,63,627,165
830,233,356,525,81,271,156,173,126,317,190
831,312,21,68,317,14,299,391,332,327,254
832,660,812,407,126,191,31,1021,88,588,633
833,315,901,155,271,356,10,49,21,332,143
834,1129,1308,50,326,317,332,431,315,662,132
835,486,520,457,602,514,97,1348,481,196,63
836,8,132,422,195,734,1129,317,68,968,897
837,267,315,1136,172,287,257,150,245,1485,1348
838,429,168,113,407,1348,303,513,297,126,88
839,1129,480,168,1136,505,113,188,8,523,178
840,689,325,1348,21,1038,277,391,317,257,254
841,178,431,41,49,167,245,134,529,133,740
842,342,270,431,750,326,824,748,430,6,1239
843,285,241,47,1666,288,1348,317,305,172,343
844,244,325,277,484,311,689,897,142,257,285
845,301,55,275,306,343,113,47,155,339,312
846,257,150,1064,1485,968,245,288,627,100,267
847,99,47,651,168,211,343,708,234,743,310
848,55,63,514,168,1348,312,222,113,317,97
849,142,495,309,173,1015,537,49,264,312,180
850,49,901,171,178,41,180,55,245,173,301
851,1348,168,113,407,285,920,1129,314,82,18
852,894,297,457,301,11,299,146,126,234,99
853,126,812,660,199,184,9,92,186,645,656
854,431,320,529,483,511,899,178,41,198,284
855,55,1348,202,312,126,356,343,345,63,143
856,8,132,495,739,637,288,257,115,484,735
857,1129,56,317,1008,271,97,514,13,8,688
858,222,688,812,299,291,306,507,11,250,55
859,420,168,222,659,1129,323,886,1159,113,165
860,513,150,492,172,693,169,482,135,136,708
861,267,257,245,1129,1348,11,515,524,67,41
862,430,332,10,409,21,67,155,306,312,762
863,901,346,314,315,173,49,339,1485,305,1348
864,314,918,305,285,170,407,155,23,356,271
865,288,115,639,305,267,60,318,1363,546,901
866,47,314,920,631,407,515,305,1348,54,174
867,407,136,646,150,1141,305,639,513,245,174
868,134,178,640,529,339,179,126,22,473,511
869,343,55,241,233,291,411,506,204,345,8
870,95,146,143,183,257,269,294,256,301,901
871,515,291,116,484,146,294,854,299,78,264
872,1348,68,21,97,317,312,78,747,63,124
873,1485,257,59,513,651,168,1348,167,315,314
874,126,133,275,407,660,88,178,113,189,1365
875,285,18,241,356,317,271,1348,343,49,173
876,1129,1485,300,630,1348,197,135,199,97,1064
877,662,132,422,429,420,284,168,1129,303,302
878,63,301,271,315,99,356,257,97,317,1348
879,23,297,275,126,189,55,156,11,143,287
880,126,312,660,279,11,486,299,391,63,948
881,429,49,486,168,312,303,422,126,478,134
882,662,59,323,1129,630,468,90,1007,651,252
883,18,196,54,237,1485,515,60,314,653,59
884,273,326,495,704,370,135,165,482,164,168
885,346,11,182,899,342,49,194,171,1011,149
886,779,302,848,305,863,229,314,134,1239,639
887,172,168,1348,49,113,125,222,407,749,82
888,267,245,320,41,113,288,172,306,49,901
889,407,133,191,126,660,136,482,749,646,855
890,514,24,1348,318,222,291,1129,1666,195,492
891,660,1021,11,126,99,182,524,128,222,189
892,312,173,49,63,171,317,271,315,21,68
893,662,1129,920,581,133,487,407,1365,85,275
894,49,168,1485,63,171,317,422,132,962,429
895,172,204,749,49,583,171,175,180,125,257
896,315,325,1485,257,269,288,81,689,6,1064
897,55,345,300,343,1072,143,197,200,44,1141
898,968,513,18,177,150,257,135,201,169,123
899,312,126,407,49,171,749,299,588,525,113
900,325,689,142,1348,81,467,21,327,264,391
901,291,495,135,426,484,142,479,81,525,656
902,178,511,126,210,186,886,181,55,41,91
903,132,14,317,312,422,309,68,288,315,495
904,291,301,184,11,479,656,97,99,602,126
905,168,1348,18,1485,886,302,1129,429,968,150
906,1348,745,1129,514,920,1038,325,113,189,291
907,8,97,495,498,135,317,1064,426,734,274
908,291,317,241,514,602,426,482,177,271,8
909,514,495,481,480,656,135,527,317,186,484
910,513,1348,407,651,515,18,168,992,659,302
911,132,8,274,1129,426,491,196,282,135,317
912,172,204,267,275,749,344,513,136,245,407
913,282,326,658,660,417,274,486,1049,524,428
914,346,288,267,172,180,49,901,171,526,245
915,305,178,356,285,275,113,317,339,271,8
916,343,318,55,514,241,233,300,8,409,345
917,241,345,343,275,812,164,92,291,344,136
918,250,190,126,142,660,1021,317,527,948,1038
919,297,275,312,126,99,11,1066,182,332,97
920,257,180,21,68,120,691,346,689,471,401
921,249,113,180,172,49,407,1348,189,918,188
922,297,11,1129,1485,1348,126,1038,113,6,301
923,135,495,704,150,7,482,142,0,168,1485
924,420,222,128,894,520,962,95,312,1011,1129
925,271,356,49,317,315,305,171,63,11,1348
926,293,303,747,353,429,258,404,880,95,249
927,899,992,291,252,95,1129,301,515,897,1061
928,126,186,660,486,480,184,97,297,11,948
929,288,320,24,132,923,1129,688,318,1308,553
930,271,285,317,356,339,305,581,1348,514,462
931,660,1021,56,524,1365,126,491,646,1193,481
932,126,191,312,356,271,178,11,486,525,99
933,1129,168,429,662,113,323,886,302,55,222
934,1348,317,312,514,391,21,189,154,142,315
935,855,662,920,136,113,513,59,188,407,314
936,126,178,204,431,326,588,1365,312,749,271
937,182,176,128,326,1141,245,524,194,1021,468
938,195,189,1348,142,514,82,317,271,63,113
939,300,291,343,241,897,301,495,99,95,135
940,49,171,190,407,126,11,297,250,168,173
941,484,142,495,318,317,274,514,132,8,135
942,55,149,894,287,10,218,143,181,954,517
