0,49,482,478,483,18,407,133,123,346,886
1,317,49,132,126,189,482,97,85,274,510
2,19,481,431,132,291,302,184,895,897,505
3,1018,113,125,88,99,123,962,922,1136,1006
4,301,342,357,346,132,128,879,99,108,133
5,513,473,602,123,323,886,603,136,579,478
6,1647,8,7,1677,1008,962,9,942,951,1009
7,68,63,312,510,345,356,143,126,97,326
8,537,297,133,958,346,47,270,285,498,49
9,962,519,514,189,55,97,1677,126,99,317
10,123,86,897,871,178,918,132,696,704,708
11,8,7,152,520,271,285,356,312,55,21
12,100,63,1020,311,330,1623,886,749,356,323
13,115,127,6,250,296,301,302,194,174,537
14,43,311,96,418,422,132,497,285,1125,142
15,0,1677,7,479,482,403,704,650,135,498
16,346,250,318,123,918,314,18,99,12,708
17,480,285,284,310,317,8,58,343,581,196
18,323,346,407,123,172,136,614,473,208,167
19,346,537,132,325,897,464,755,120,270,1024
20,653,99,922,649,191,187,159,614,638,588
21,1647,86,871,708,627,126,958,918,879,95
22,123,646,307,510,88,922,428,19,174,250
23,1677,1647,344,356,291,63,345,339,271,97
24,346,325,407,515,257,315,314,250,18,125
25,55,126,204,312,510,186,514,63,173,317
26,302,897,241,675,537,125,99,627,132,901
27,49,301,250,180,189,99,173,346,171,18
28,312,126,186,47,49,173,317,63,131,55
29,47,511,188,125,131,901,407,317,168,99
30,528,1021,49,250,171,314,346,413,133,88
31,126,186,55,22,149,179,181,345,503,1451
32,194,222,189,49,173,1623,95,470,21,312
33,49,115,632,627,99,646,407,302,482,153
34,14,285,331,299,689,68,317,160,747,303
35,897,679,885,839,558,326,346,537,270,172
36,270,874,287,16,1618,49,425,1623,171,126
37,65,774,1,835,309,308,339,305,689,363
38,326,99,189,182,747,264,301,123,1618,150
39,306,322,267,47,511,312,258,281,256,293
40,323,8,407,149,167,172,610,174,168,49
41,173,131,490,495,293,264,312,377,308,273
42,315,131,312,958,63,125,7,21,944,135
43,407,326,312,168,194,172,1011,222,511,182
44,314,315,257,346,275,429,99,47,407,63
45,314,339,8,356,55,317,63,237,285,749
46,261,149,304,1136,356,886,646,55,237,250
47,123,99,510,301,49,208,222,302,482,646
48,59,473,8,9,480,339,307,305,752,252
49,150,874,1097,167,918,258,270,454,304,293
50,143,326,173,21,49,271,172,194,221,312
51,8,55,473,482,477,356,168,515,301,510
52,660,312,132,184,345,131,632,222,284,126
53,159,513,299,275,356,1451,189,288,291,292
54,510,627,186,1141,512,198,204,227,345,199
55,49,291,1623,171,126,149,63,180,1064,1452
56,0,132,312,256,264,86,85,647,317,315
57,1647,420,413,55,958,159,128,474,82,127
58,413,32,1647,435,692,88,126,159,149,143
59,88,901,168,250,515,1072,1159,125,99,477
60,495,749,675,923,606,346,173,731,49,257
61,323,646,47,55,237,1452,261,918,899,510
62,250,474,247,314,339,55,432,90,271,287
63,172,7,82,55,11,407,167,326,968,271
64,68,70,632,312,131,691,63,495,704,21
65,269,189,1618,299,1451,162,538,287,264,78
66,55,247,38,149,345,306,10,301,1623,63
67,346,123,314,18,261,172,285,749,317,49
68,49,133,126,537,487,339,344,346,132,5
69,317,49,97,482,63,426,173,312,512,189
70,58,300,1072,515,1595,462,752,211,1136,693
71,1677,29,446,958,196,184,581,275,631,649
72,123,174,356,510,60,473,512,326,252,413
73,315,312,271,63,314,901,247,222,317,476
74,47,610,612,344,285,346,579,284,275,1141
75,431,291,134,345,284,126,749,186,1141,19
76,41,272,300,188,168,512,515,407,204,658
77,918,420,288,318,267,314,315,245,343,1008
78,922,56,528,605,610,206,250,693,656,212
79,339,317,99,901,749,271,495,63,675,285
80,41,275,314,743,315,267,244,155,245,63
81,312,603,285,522,135,131,958,488,204,658
82,56,312,327,1623,429,649,135,606,391,944
83,315,314,407,317,515,693,63,113,169,195
84,704,49,482,126,407,171,431,133,113,602
85,55,487,22,339,1340,345,126,510,133,886
86,63,49,429,495,168,93,312,293,944,1618
87,125,135,515,708,658,899,115,537,511,612
88,63,51,512,507,530,175,155,1018,1016,90
89,50,31,603,29,611,128,1595,188,630,631
90,63,50,886,512,49,518,173,356,143,182
91,99,55,474,520,155,339,1072,271,314,275
92,285,346,258,270,684,287,901,14,476,254
93,13,9,47,8,164,168,708,167,123,125
94,125,115,135,180,734,658,172,627,56,7
95,299,298,356,345,301,317,97,688,85,495
96,41,692,685,149,55,356,429,805,159,886
97,935,345,356,85,132,426,285,284,196,343
98,41,143,197,312,176,116,409,218,269,78
99,14,901,317,343,285,258,312,271,495,675
100,1623,312,160,14,285,21,384,63,287,271
101,47,168,511,407,275,133,49,257,429,178
102,343,271,958,285,41,115,317,250,200,10
103,886,149,954,261,291,356,165,56,749,186
104,99,944,257,206,208,44,97,11,182,708
105,142,602,315,97,426,317,177,314,495,603
106,99,136,208,310,511,156,123,918,886,1072
107,407,318,895,473,168,113,304,250,480,482
108,95,309,173,142,537,353,384,299,332,965
109,312,116,649,923,281,675,1677,308,125,315
110,123,326,172,407,301,1372,473,189,602,510
111,186,370,267,291,281,245,236,691,317,63
112,63,1623,662,580,602,518,553,1600,155,209
113,431,301,342,49,194,302,640,688,433,259
114,1141,31,580,511,134,133,529,126,524,155
115,267,126,55,186,245,1340,503,181,514,1677
116,55,317,302,115,63,41,306,312,194,627
117,1006,1018,1011,113,958,127,128,174,172,171
118,8,948,965,1023,962,988,1008,903,899,897
119,285,317,739,734,659,311,123,356,169,315
120,346,407,123,602,418,223,747,314,317,495
121,314,310,318,427,315,473,461,478,133,477
122,473,178,55,126,527,8,134,285,241,284
123,639,159,155,1064,41,149,179,174,306,55
124,49,0,143,81,175,173,172,171,185,180
125,747,247,346,323,901,885,344,1015,108,327
126,353,329,357,747,88,824,335,325,326,1060
127,958,903,85,901,482,537,132,270,317,289
128,339,749,343,99,85,317,285,301,261,345
129,63,49,1677,479,26,65,422,410,506,503
130,58,511,310,99,47,284,123,658,131,285
131,356,191,186,886,55,199,345,513,126,97
132,918,49,172,168,257,171,346,250,167,612
133,312,68,264,63,160,120,317,173,236,21
134,63,126,317,356,312,302,186,168,522,284
135,480,250,693,8,13,356,482,123,99,115
136,46,61,558,429,49,108,171,1015,357,537
137,63,519,1618,156,312,315,182,314,1677,198
138,301,99,345,90,250,241,317,306,339,184
139,241,132,267,268,85,245,506,482,317,99
140,219,865,1156,50,470,125,300,312,240,325
141,482,132,133,317,241,85,204,126,49,268
142,189,162,182,270,287,259,194,1451,175,172
143,131,312,958,482,173,603,49,47,257,422
144,41,0,512,150,143,128,173,522,180,170
145,85,99,275,749,901,743,189,343,314,315
146,115,285,317,261,495,68,897,305,482,530
147,49,88,113,123,127,739,1136,748,1166,257
148,343,317,426,85,482,115,1451,165,693,190
149,420,41,55,285,258,899,343,480,200,476
150,428,307,659,704,477,603,171,177,509,131
151,1669,56,14,25,63,420,407,477,450,495
152,99,339,9,520,1072,345,326,739,356,332
153,134,126,186,55,22,284,179,133,178,1141
154,285,305,8,241,480,317,482,150,530,343
155,524,640,407,602,168,1020,133,603,660,184
156,0,18,1677,8,1006,10,1013,115,125,99
157,44,47,483,482,497,708,1340,250,407,50
158,1677,50,63,58,1009,1064,649,662,315,312
159,1677,41,886,474,184,181,155,275,507,339
160,275,743,886,701,315,314,343,244,651,749
161,312,1623,189,63,317,21,173,95,132,1677
162,99,189,603,314,143,317,18,257,315,312
163,865,117,688,331,332,326,312,294,285,244
164,49,428,407,168,346,515,482,180,56,708
165,132,120,572,322,754,189,467,173,50,256
166,1647,1061,82,85,97,123,962,150,706,843
167,519,565,747,1618,332,317,878,312,326,309
168,63,515,315,317,314,195,747,18,189,185
169,331,299,124,50,865,748,1623,332,219,321
170,510,356,49,749,1141,63,317,173,123,171
171,428,311,510,56,356,465,834,674,518,478
172,8,6,18,56,315,1340,44,314,426,483
173,26,64,862,51,4,6,793,69,96,1647
174,291,68,97,1623,495,49,317,63,356,171
175,486,199,649,514,513,523,356,922,149,159
176,314,80,407,515,179,174,55,474,126,315
177,173,180,171,299,21,201,227,49,312,63
178,23,159,220,1072,66,218,9,257,249,496
179,1675,54,46,1092,474,473,519,491,609,955
180,299,236,68,312,264,160,142,173,232,309
181,173,49,1623,142,312,171,21,227,97,428
182,581,142,968,492,7,496,131,500,70,638
183,895,318,513,288,320,646,704,473,514,169
184,132,317,196,495,131,482,47,895,675,749
185,68,160,675,63,169,236,279,214,876,874
186,8,514,480,9,82,285,689,339,301,241
187,13,753,734,752,458,349,693,658,343,457
188,903,126,132,142,150,1130,1193,196,704,241
189,189,128,271,173,175,49,1038,312,180,287
190,314,317,63,271,343,275,356,189,85,315
191,314,315,326,143,747,476,189,515,82,185
192,901,169,513,343,602,318,317,314,315,288
193,356,126,1618,312,317,326,63,202,99,68
194,49,132,131,482,173,317,495,133,429,312
195,142,480,343,220,420,288,315,415,450,581
196,63,269,647,317,429,312,198,201,56,522
197,407,529,204,285,172,1141,512,510,168,188
198,58,275,631,310,343,285,245,743,693,511
199,965,812,173,180,146,162,944,189,194,95
200,126,487,339,660,614,275,513,184,248,22
201,603,346,269,18,579,708,524,108,958,257
202,49,346,291,1623,885,344,171,55,180,278
203,60,426,165,298,56,610,149,302,115,268
204,315,901,189,514,206,317,99,195,314,318
205,326,123,99,208,529,182,233,143,204,156
206,312,131,415,317,481,267,315,63,484,188
207,273,312,131,311,315,125,47,56,195,603
208,291,55,431,191,639,134,345,510,199,149
209,63,49,99,168,429,312,275,482,126,356
210,312,484,273,47,415,131,142,258,70,603
211,708,0,268,56,125,312,18,317,273,193
212,63,1064,518,312,126,1451,662,186,168,478
213,314,339,315,474,515,649,476,1451,80,155
214,407,318,346,484,481,505,132,602,113,1159
215,1677,126,474,99,301,10,63,55,356,317
216,726,720,7,206,287,327,681,689,583,160
217,1072,314,99,208,123,492,315,206,529,356
218,44,58,60,689,615,651,99,639,1136,268
219,317,236,10,271,514,63,68,903,189,287
220,1623,1340,503,181,179,186,41,55,126,1451
221,271,55,257,95,332,345,244,63,68,879
222,484,293,312,337,525,1618,154,0,264,377
223,312,142,691,273,70,738,120,173,21,94
224,429,135,125,131,302,168,284,482,407,56
225,7,125,312,213,257,116,222,515,325,271
226,241,487,59,99,310,631,603,513,275,85
227,285,688,317,271,244,315,343,681,312,689
228,241,897,901,85,675,339,268,302,10,343
229,47,691,14,125,224,258,303,282,281,132
230,325,346,675,537,125,19,56,108,257,923
231,47,168,133,178,407,511,275,346,174,88
232,47,501,514,496,519,492,1004,1008,962,513
233,56,610,704,481,1193,418,164,485,921,431
234,480,482,133,8,13,55,58,275,407,427
235,923,749,935,356,132,115,358,688,693,345
236,314,407,602,168,18,315,640,346,473,515
237,297,285,10,312,302,21,537,115,1623,95
238,31,5,23,7,9,1083,674,1020,178,174
239,1647,82,706,274,55,514,317,150,300,189
240,68,750,49,879,126,267,100,63,749,173
241,85,58,169,219,195,739,484,514,415,420
242,58,603,99,581,958,131,524,649,708,125
243,528,520,530,514,480,477,546,474,212,195
244,325,464,120,308,299,56,1024,70,965,353
245,6,542,172,150,136,123,557,162,82,128
246,168,407,477,515,285,511,47,482,602,13
247,326,287,183,194,270,218,182,95,474,709
248,1340,356,343,480,743,693,155,631,267,506
249,964,9,56,162,159,706,1064,189,513,199
250,126,131,482,495,317,312,97,49,284,426
251,49,55,1647,63,97,426,478,339,345,479
252,482,381,1013,128,0,21,903,56,269,656
253,68,311,309,691,312,173,214,76,519,738
254,181,173,750,49,16,186,248,171,1141,1553
255,7,4,56,62,1064,1062,63,78,1623,602
256,8,284,302,339,153,285,184,213,115,511
257,537,99,312,257,222,117,21,116,317,132
258,41,168,515,1451,315,407,314,179,63,174
259,132,895,923,897,755,222,675,677,1024,1623
260,431,149,302,677,10,639,297,1623,291,1064
261,515,315,314,82,206,169,528,300,212,288
262,465,123,312,529,525,193,603,177,512,204
263,47,41,740,487,99,108,46,486,474,477
264,337,312,116,287,1618,232,332,175,264,281
265,345,55,99,301,339,126,510,317,241,204
266,55,63,1647,512,41,1038,493,514,515,189
267,186,55,284,179,126,8,168,480,653,407
268,19,149,1020,954,895,886,855,864,735,653
269,59,38,60,62,20,8,9,63,55,90
270,126,510,68,63,356,317,55,1141,749,186
271,63,97,529,407,126,1141,155,186,518,515
272,901,317,495,318,482,602,747,85,895,150
273,47,99,8,1677,7,514,407,123,659,303
274,1623,49,312,173,171,180,63,1618,68,750
275,482,133,134,126,97,660,11,602,168,172
276,315,271,314,312,1677,63,317,285,55,126
277,495,284,312,317,126,131,196,305,285,8
278,1618,1,61,62,577,680,1579,614,54,56
279,1021,1064,142,92,745,274,752,872,113,988
280,688,68,132,306,317,264,85,464,689,241
281,918,99,68,257,510,309,49,514,173,208
282,429,126,133,165,168,510,512,173,1340,478
283,250,55,174,1340,11,300,407,90,301,115
284,10,150,530,270,304,287,301,55,200,1677
285,988,976,936,922,1049,965,1040,968,113,82
286,55,312,306,317,750,271,287,285,301,302
287,864,136,131,863,1452,581,206,480,169,356
288,287,901,41,99,342,270,189,116,185,240
289,132,49,180,422,431,173,171,525,120,1623
290,133,962,958,126,1677,97,901,99,196,200
291,602,99,126,527,1677,519,63,312,407,315
292,126,134,284,407,473,178,660,510,55,186
293,49,171,315,314,250,1451,346,133,172,271
294,24,1675,13,8,9,944,188,962,922,920
295,55,427,422,407,434,1141,180,193,49,63
296,115,658,271,285,8,317,339,480,241,99
297,312,407,63,173,49,168,317,142,519,315
298,92,476,178,55,1159,113,473,752,314,339
299,274,431,418,276,88,113,320,839,1623,55
300,149,116,194,269,304,429,108,297,1452,1618
301,342,300,270,306,1340,245,250,349,90,178
302,55,1677,426,47,97,482,126,1553,488,503
303,269,162,194,182,1623,312,197,1618,173,95
304,651,1072,886,602,220,18,56,206,208,268
305,97,63,55,935,407,602,426,135,115,356
306,899,704,646,612,407,477,167,918,168,47
307,474,178,55,52,133,88,126,503,1451,22
308,168,346,407,1159,325,511,477,47,515,13
309,708,318,317,514,123,497,510,482,85,918
310,63,661,312,173,68,1623,519,21,317,94
311,29,31,5,958,968,923,131,142,128,133
312,660,222,429,481,184,312,269,606,524,176
313,14,681,691,661,1618,1623,10,160,587,590
314,693,473,886,646,261,250,356,60,268,1136
315,18,64,60,631,85,923,935,220,905,542
316,515,326,300,113,172,1623,11,407,189,88
317,240,273,241,511,13,131,47,465,315,330
318,257,271,63,315,314,317,86,82,195,312
319,1340,182,155,162,189,300,1064,88,1618,1623
320,603,241,481,602,480,895,524,196,482,614
321,407,492,602,99,473,136,191,168,123,653
322,126,186,97,1141,181,356,518,55,179,522
323,82,1158,1193,565,583,1217,603,614,602,601
324,1141,80,134,513,252,1020,407,473,59,13
325,136,123,99,603,490,325,309,326,257,222
326,514,212,480,200,922,968,261,55,498,605
327,317,99,257,647,241,312,189,85,222,484
328,356,123,97,492,510,514,962,99,63,317
329,56,632,1623,49,299,420,428,14,627,21
330,55,843,520,689,729,345,356,244,706,199
331,40,1118,965,1097,167,82,944,116,1553,899
332,346,195,309,257,314,315,142,318,264,214
333,133,250,301,644,115,345,658,55,581,1340
334,282,85,250,457,90,343,630,132,342,189
335,1623,55,580,126,511,681,415,1175,178,476
336,7,68,21,739,312,257,303,944,309,143
337,56,427,462,291,1064,184,960,174,610,58
338,88,646,113,126,653,133,656,55,58,284
339,65,495,299,142,308,537,944,312,309,303
340,752,921,113,1064,610,1062,528,291,431,463
341,812,90,418,481,431,681,527,190,178,285
342,658,115,651,47,323,59,55,344,343,314
343,179,133,301,512,186,126,97,11,426,510
344,426,479,482,649,97,356,486,518,317,315
345,49,646,632,120,21,309,748,311,257,171
346,1677,345,356,306,447,530,281,520,271,126
347,146,661,312,332,325,299,95,965,50,1623
348,339,22,1175,285,191,58,345,457,52,184
349,431,482,660,345,284,186,49,184,133,510
350,24,49,142,1159,940,132,180,120,753,418
351,143,345,332,189,356,68,309,126,749,173
352,312,47,285,511,63,58,131,275,317,271
353,708,241,206,268,480,922,1083,125,656,56
354,41,88,46,185,505,3,1647,6,1677,314
355,257,326,271,332,688,189,244,312,99,222
356,0,27,14,21,903,165,116,125,120,944
357,58,1008,739,220,581,480,125,511,136,1159
358,1623,49,168,180,194,407,171,312,11,515
359,99,886,275,513,631,356,514,314,220,315
360,482,510,513,418,177,603,204,602,126,130
361,285,172,189,346,49,274,264,86,132,326
362,8,9,208,172,646,639,167,627,150,213
363,330,496,479,143,317,315,515,314,168,662
364,345,55,326,9,520,339,10,1647,1136,199
365,10,812,133,630,159,132,274,431,345,270
366,1372,315,314,346,1340,420,271,287,274,407
367,431,512,259,319,302,272,640,270,301,188
368,132,317,86,189,318,49,63,264,85,250
369,923,518,356,649,184,97,298,189,426,222
370,514,173,519,312,142,1618,97,96,1677,467
371,68,1623,1618,55,63,189,186,520,519,126
372,0,1015,903,1013,988,897,308,270,464,250
373,1677,748,117,519,446,404,299,309,312,322
374,189,99,182,49,269,301,132,222,184,660
375,189,356,301,123,317,314,99,510,97,271
376,172,312,11,407,194,168,49,271,175,185
377,482,47,285,132,274,346,317,133,49,142
378,47,315,492,123,136,314,99,190,407,275
379,123,689,510,646,268,407,428,307,326,627
380,49,473,482,486,126,150,487,132,133,704
381,895,304,1064,339,1020,480,9,310,333,511
382,56,356,426,488,935,653,58,196,169,610
383,317,271,250,63,314,315,11,301,247,49
384,5,9,638,1020,653,581,220,646,480,704
385,301,339,326,222,99,345,356,55,46,317
386,55,174,178,302,646,473,168,167,345,134
387,923,21,99,10,271,221,222,470,332,404
388,506,510,9,527,513,483,150,113,126,132
389,172,708,537,82,271,250,346,303,185,1015
390,55,356,126,9,284,191,527,58,8,473
391,63,68,264,1647,660,97,482,483,484,479
392,515,327,1027,1623,308,146,56,1064,299,391
393,1647,24,123,1677,962,88,95,85,172,173
394,18,11,13,1623,115,113,640,658,693,133
395,312,1623,331,21,431,120,377,27,481,63
396,429,660,1141,133,126,356,510,198,492,478
397,317,484,495,418,311,142,68,264,132,214
398,420,1008,343,515,1159,315,546,476,901,314
399,271,312,257,958,189,128,315,173,175,99
400,552,18,99,189,675,606,603,923,257,222
401,49,132,482,483,481,479,487,647,606,131
402,85,189,897,923,739,734,749,317,21,274
403,293,304,312,1618,68,1677,675,514,519,747
404,8,291,278,285,283,203,214,297,221,289
405,245,695,879,184,168,241,1340,133,256,302
406,301,250,49,537,10,11,482,268,115,271
407,150,306,1618,326,304,527,99,918,126,491
408,99,462,581,461,579,323,524,478,123,130
409,337,182,312,306,272,189,1618,162,326,287
410,346,250,18,49,407,274,172,482,180,314
411,49,189,301,99,194,510,133,128,250,345
412,317,346,132,49,482,495,274,171,180,749
413,326,301,222,11,99,345,356,194,271,97
414,271,312,149,317,126,68,63,356,886,1141
415,115,968,965,967,97,923,922,82,125,96
416,515,407,285,8,188,899,315,476,511,312
417,287,332,753,681,457,898,285,240,254,561
418,131,132,537,346,241,482,495,49,274,603
419,320,339,345,241,99,356,693,473,85,310
420,309,1072,159,156,257,201,227,182,249,173
421,55,415,1451,186,168,528,523,181,179,126
422,99,85,132,241,317,749,482,631,275,345
423,132,339,346,990,184,19,677,323,897,895
424,55,49,639,174,84,431,149,126,171,100
425,429,895,125,56,168,407,511,131,646,1020
426,0,13,1015,918,85,86,88,878,735,743
427,55,1623,962,519,514,317,291,63,97,68
428,126,49,301,317,356,97,482,165,63,749
429,208,206,204,268,271,97,495,514,317,261
430,312,63,317,236,1623,1618,160,68,750,21
431,63,49,1038,68,27,143,78,97,526,525
432,602,315,18,886,314,407,317,271,482,49
433,1669,1058,738,747,126,312,287,281,332,318
434,41,55,958,267,1340,306,245,186,179,1239
435,432,420,314,315,546,1451,250,271,285,476
436,207,131,496,59,478,487,235,130,486,323
437,1623,647,126,63,962,68,244,519,189,356
438,317,343,288,480,482,903,486,495,63,315
439,1647,0,8,650,49,18,19,21,6,51
440,312,168,407,0,256,198,264,704,193,515
441,126,186,181,55,543,918,639,155,159,1141
442,312,287,476,285,82,271,258,720,7,1015
443,356,426,97,301,345,10,149,510,197,199
444,285,339,345,55,749,1133,271,275,126,958
445,291,356,68,55,63,267,510,126,245,317
446,49,510,250,257,189,301,159,180,171,173
447,19,537,487,346,132,46,250,323,282,646
448,854,92,99,155,148,184,654,1125,1072,191
449,895,873,1064,113,165,662,126,704,169,519
450,26,565,1618,1636,709,661,663,672,549,529
451,510,495,123,132,431,428,433,689,327,356
452,250,301,271,99,41,55,270,287,49,10
453,346,203,93,264,257,312,565,901,173,552
454,168,131,482,49,312,173,660,133,510,407
455,1159,511,9,496,168,407,1064,653,704,899
456,99,658,656,97,88,8,479,478,193,222
457,1016,150,990,1018,1020,250,507,537,241,183
458,1623,627,341,989,327,180,897,331,115,338
459,99,356,123,513,602,310,58,315,314,275
460,285,123,407,7,8,305,581,511,172,47
461,923,236,96,85,97,514,519,495,126,317
462,302,126,520,530,356,1141,651,261,345,115
463,99,125,85,206,315,63,1677,317,356,482
464,407,511,168,88,172,178,515,300,326,188
465,41,1451,750,275,247,342,240,330,343,189
466,314,315,250,514,206,220,918,128,268,271
467,49,47,132,131,55,482,317,126,1141,429
468,482,479,478,427,130,123,426,510,497,602
469,344,315,901,749,63,317,339,343,314,247
470,108,125,1015,116,117,120,950,865,213,901
471,38,41,26,32,1600,1011,1159,962,1134,134
472,55,749,126,1141,186,510,275,49,63,285
473,11,126,97,155,1072,854,186,63,55,510
474,150,476,318,339,514,609,484,901,314,333
475,49,285,18,346,271,344,250,749,190,173
476,965,1009,1008,962,901,168,125,113,698,602
477,527,107,99,156,314,318,315,496,476,514
478,18,612,627,651,168,204,125,127,170,208
479,529,300,172,407,492,528,82,515,314,123
480,275,257,346,1595,168,88,407,47,133,49
481,68,317,312,1623,1618,306,10,63,21,627
482,537,346,288,229,49,205,708,704,274,47
483,165,356,97,180,171,291,201,173,510,312
484,132,345,510,268,241,879,514,85,303,99
485,49,1141,510,134,275,123,126,99,356,55
486,54,954,944,1677,968,1013,150,220,197,206
487,312,264,68,21,173,519,1623,311,309,227
488,189,194,203,938,923,435,404,38,4,116
489,323,174,249,639,474,149,432,1141,49,346
490,7,627,326,11,208,530,44,206,123,658
491,639,55,8,199,326,150,9,261,1647,356
492,63,50,41,44,1618,1677,865,515,300,312
493,95,297,312,1677,78,345,218,173,21,10
494,7,1677,0,56,840,41,434,431,330,443
495,90,839,688,189,270,282,301,300,250,349
496,168,627,1623,300,515,1340,50,1239,306,41
497,199,1064,252,155,159,639,113,191,518,88
498,317,115,125,261,480,343,530,268,63,675
499,1136,695,275,250,99,59,149,325,886,257
500,149,301,250,304,126,247,54,346,113,55
501,287,681,270,332,337,357,331,38,194,345
502,948,944,903,958,1602,108,751,1018,1006,1013
503,923,520,1064,299,356,222,332,1623,291,812
504,132,312,688,753,933,50,377,303,240,142
505,49,312,519,97,142,337,484,172,171,182
506,62,1669,63,4,80,8,11,1636,1623,49
507,133,126,602,513,640,482,478,886,473,407
508,99,128,173,182,49,123,189,95,287,301
509,312,299,21,327,14,675,923,495,68,120
510,750,514,317,962,274,1340,267,271,482,204
511,186,317,1623,271,312,63,126,10,21,55
512,21,1623,312,168,173,95,120,49,407,331
513,285,271,315,1451,407,1553,240,142,312,11
514,332,55,285,331,287,384,95,88,1623,962
515,407,346,123,708,285,1372,477,172,515,47
516,646,542,510,812,99,356,237,222,206,208
517,47,63,519,511,156,168,309,311,315,314
518,671,1595,55,84,1647,85,1340,292,291,288
519,317,285,68,85,689,132,514,303,897,305
520,958,41,66,245,267,918,95,271,23,128
521,126,149,886,339,237,55,1141,356,99,510
522,21,24,1024,968,965,962,923,881,897,903
523,32,978,1595,128,958,1008,275,271,281,267
524,257,47,317,86,271,49,346,173,482,189
525,603,274,190,285,343,346,85,18,317,482
526,958,886,662,323,5,19,1452,581,149,275
527,78,312,197,11,95,271,315,218,162,515
528,1340,661,1623,171,431,49,227,95,312,173
529,315,189,314,513,1451,356,317,518,486,923
530,19,63,749,317,56,68,627,632,495,302
531,968,965,967,116,97,95,135,812,824,923
532,897,132,68,632,495,311,131,331,312,47
533,67,86,258,267,250,240,245,175,168,116
534,47,125,132,250,260,258,234,213,235,168
535,113,1623,515,180,528,82,1021,341,300,227
536,99,886,513,123,275,510,356,261,749,473
537,356,345,510,204,68,514,126,97,495,312
538,267,268,245,188,497,125,693,50,708,317
539,168,407,314,11,99,271,315,172,656,602
540,182,162,745,920,968,965,172,824,812,428
541,126,481,496,602,484,519,660,527,704,514
542,1618,1064,1451,481,317,1677,519,514,315,126
543,317,63,482,126,749,495,132,55,356,68
544,180,515,1623,49,327,171,18,135,209,115
545,49,52,67,1623,885,558,740,431,180,1064
546,749,143,356,314,189,1647,49,317,344,63
547,525,159,162,512,518,645,572,640,105,1011
548,49,63,173,312,317,21,271,171,11,143
549,99,189,180,301,194,49,269,222,257,346
550,40,9,7,1047,1072,904,124,1045,1064,1008
551,63,317,315,356,314,1623,407,49,515,602
552,123,99,739,162,824,812,923,922,97,356
553,312,495,317,63,49,173,21,68,482,180
554,58,805,899,715,168,106,605,420,1451,297
555,49,55,345,356,1141,99,482,237,284,660
556,13,1159,899,752,805,715,188,168,133,153
557,356,886,1141,510,126,749,512,426,602,63
558,1038,314,330,343,315,254,476,1451,189,681
559,275,126,55,1141,49,181,510,186,133,171
560,473,178,174,407,123,250,133,301,510,8
561,525,135,1553,524,1244,1011,233,194,481,640
562,49,173,315,254,63,275,312,314,1451,171
563,1623,63,750,49,120,429,505,291,275,716
564,63,30,49,21,11,962,126,97,155,1600
565,649,99,222,184,339,196,356,1064,660,304
566,41,113,1011,528,259,174,324,1064,1097,496
567,250,418,180,19,323,274,301,90,344,171
568,123,482,317,495,99,749,285,407,356,346
569,302,530,41,204,301,10,271,11,1239,268
570,346,250,18,407,268,693,515,115,482,168
571,172,407,918,346,49,314,123,473,250,1372
572,261,356,886,317,314,646,250,510,1136,268
573,268,267,128,85,245,708,743,204,257,958
574,326,515,1072,529,314,315,155,615,222,11
575,689,317,56,356,63,675,312,68,512,327
576,50,56,115,125,168,188,288,315,325,300
577,1623,431,180,49,21,270,171,299,221,194
578,142,312,484,603,82,131,7,968,317,407
579,958,918,879,270,267,300,306,47,1239,66
580,88,339,320,356,345,326,123,510,134,184
581,55,271,285,326,11,250,301,172,49,1647
582,356,407,113,168,512,693,250,317,1340,482
583,172,95,384,173,49,209,194,312,515,407
584,477,86,506,514,497,513,169,510,275,261
585,874,299,520,55,281,1452,335,287,10,160
586,1677,524,660,603,179,99,184,131,190,649
587,13,8,80,47,115,244,258,247,210,185
588,68,160,142,214,236,299,968,317,312,264
589,8,123,473,58,59,310,646,511,480,339
590,339,99,317,241,356,480,206,343,85,196
591,55,480,5,7,41,1677,492,488,474,498
592,311,285,68,244,271,317,338,21,55,303
593,312,356,514,271,97,317,1677,63,99,345
594,55,191,181,513,126,186,314,514,134,519
595,312,63,317,1623,495,173,481,1618,97,189
596,901,317,315,344,314,343,250,247,236,189
597,627,68,120,312,21,117,257,63,632,1623
598,965,1040,96,923,173,863,160,142,450,467
599,47,58,63,662,184,653,133,511,1340,168
600,31,431,427,407,115,133,512,342,488,473
601,1623,431,270,49,312,171,302,1618,194,180
602,356,125,149,115,627,675,19,646,291,68
603,275,257,958,47,267,771,918,245,41,879
604,527,481,484,85,743,689,319,241,272,60
605,1677,965,55,962,162,812,519,514,299,287
606,8,356,284,317,196,407,339,426,126,602
607,142,1133,106,901,923,935,1175,85,681,236
608,68,345,356,689,739,675,311,317,286,303
609,312,142,525,96,97,426,317,131,603,204
610,897,962,55,871,46,85,250,696,282,318
611,923,675,142,495,56,606,274,968,377,426
612,918,172,257,167,49,407,168,99,612,482
613,524,168,958,325,213,346,429,603,407,23
614,60,488,489,602,268,522,528,1141,512,515
615,132,317,343,346,49,482,85,189,133,282
616,184,259,269,1064,159,615,324,649,409,345
617,126,49,525,173,422,186,431,97,1623,63
618,49,63,312,754,467,21,254,283,173,180
619,41,0,50,23,944,1015,925,209,229,226
620,55,407,511,491,41,11,126,302,179,178
621,143,518,326,314,11,474,191,162,323,97
622,132,495,603,346,484,482,49,131,606,418
623,63,315,314,356,407,317,126,1451,97,602
624,285,49,133,115,55,302,47,749,8,284
625,7,8,480,407,918,658,188,511,172,167
626,527,174,113,484,188,481,431,1011,178,168
627,1675,1677,54,55,46,901,487,483,537,457
628,1677,47,962,1553,94,110,142,661,704,173
629,762,218,146,681,312,287,923,240,1156,664
630,55,250,63,317,1452,356,1340,126,510,267
631,603,152,135,658,172,115,285,312,407,488
632,312,173,519,567,273,131,429,142,738,143
633,343,317,749,275,750,63,85,132,312,285
634,204,317,514,268,527,510,55,356,512,188
635,21,1677,345,520,824,299,297,325,312,194
636,484,264,312,311,204,495,317,68,565,195
637,515,327,180,49,269,162,194,323,172,1623
638,142,528,1021,274,427,346,418,630,484,132
639,63,49,1618,1623,1141,512,510,519,518,126
640,178,55,473,31,1340,155,88,159,640,9
641,0,2,1097,1060,1088,236,120,172,168,171
642,133,958,1451,168,41,182,99,1340,197,482
643,288,1159,747,315,346,325,317,299,1623,63
644,284,22,1141,602,126,133,184,886,179,407
645,267,63,315,245,1451,281,1064,523,662,1623
646,1623,407,63,312,49,315,173,515,602,317
647,579,524,603,614,640,490,23,182,173,194
648,312,194,168,21,116,95,515,627,213,11
649,346,49,274,301,172,123,180,537,171,250
650,123,99,484,514,241,529,136,527,492,473
651,99,749,85,222,317,189,345,301,675,356
652,326,287,270,55,88,332,172,357,519,1011
653,56,495,180,49,428,1618,1623,97,21,377
654,481,487,484,126,1058,503,410,22,1130,513
655,304,895,150,302,268,1064,199,149,60,954
656,343,514,288,267,85,245,480,220,212,513
657,1451,97,315,426,602,518,312,1618,63,317
658,863,649,131,603,581,614,605,958,944,288
659,18,407,346,168,708,515,918,172,511,167
660,407,49,482,312,431,172,168,171,135,317
661,164,125,675,241,895,268,480,56,302,343
662,55,1623,126,49,332,63,159,287,194,88
663,407,49,510,133,126,1141,134,168,473,171
664,1064,291,523,212,639,1136,113,56,288,520
665,9,480,653,55,220,284,523,58,922,646
666,99,339,344,345,749,123,317,356,19,301
667,133,270,342,431,644,640,958,297,1451,319
668,55,528,418,431,704,169,126,113,171,1021
669,168,132,407,1623,312,49,422,120,173,180
670,49,47,669,750,322,429,344,346,901,537
671,55,706,812,523,212,520,199,9,276,92
672,602,339,317,481,495,315,190,649,426,476
673,312,68,281,63,661,519,96,738,332,691
674,646,954,55,261,639,291,704,165,528,693
675,0,18,21,918,903,169,180,612,168,188
676,1340,1623,67,306,270,1618,41,38,287,357
677,257,275,332,99,156,1677,88,126,312,159
678,60,18,301,247,90,250,317,651,115,688
679,133,477,346,245,250,918,261,115,267,49
680,343,285,288,115,291,693,130,675,282,85
681,41,267,1340,245,300,49,528,50,1623,168
682,99,132,513,85,241,514,647,123,483,510
683,142,172,285,82,7,65,21,14,271,173
684,261,49,180,250,537,149,301,171,115,108
685,11,356,115,473,488,482,752,530,407,895
686,55,514,126,68,1452,1677,317,519,356,63
687,965,124,933,923,962,98,86,116,117,120
688,194,269,180,108,49,301,326,221,218,116
689,312,10,271,287,1677,958,206,116,99,204
690,41,47,63,131,133,126,513,750,1020,429
691,315,288,314,236,343,420,344,63,317,675
692,749,275,345,55,291,356,96,63,211,271
693,173,132,422,63,49,482,317,497,510,647
694,47,55,879,46,431,133,918,897,270,178
695,918,9,55,514,155,159,245,267,510,220
696,63,19,18,97,170,164,165,631,603,116
697,918,318,270,172,287,300,150,82,430,128
698,325,537,5,99,275,581,708,771,457,346
699,49,172,171,180,173,346,285,482,133,204
700,482,495,356,317,18,99,602,63,314,315
701,257,958,429,173,47,944,131,312,81,603
702,189,180,49,173,194,171,688,128,312,1340
703,132,49,422,418,482,510,317,497,660,126
704,1015,132,288,325,322,691,675,256,254,753
705,1623,515,180,254,49,63,115,171,315,662
706,5,9,212,948,1008,305,303,261,288,206
707,21,128,156,143,878,894,142,565,515,529
708,126,409,1623,750,681,41,312,1618,63,762
709,431,126,660,186,133,55,179,481,22,134
710,8,13,19,59,960,922,303,305,307,212
711,1659,26,24,124,160,142,965,988,1015,14
712,250,90,343,18,282,342,528,630,245,13
713,116,325,257,299,194,747,537,95,1015,108
714,1038,750,204,41,317,315,236,312,63,126
715,481,484,495,482,903,132,514,164,282,274
716,56,63,495,426,291,356,169,165,164,689
717,312,299,14,160,741,317,21,1015,264,116
718,331,689,337,1125,475,681,332,345,199,285
719,356,317,689,58,284,345,63,512,184,222
720,49,21,168,704,431,180,229,227,1623,135
721,326,271,11,172,301,189,82,88,21,317
722,747,918,49,172,326,314,185,515,257,407
723,0,173,95,66,958,172,194,227,229,312
724,189,315,11,287,301,271,222,314,1451,1038
725,519,484,481,476,320,337,418,126,1618,318
726,515,172,300,314,315,82,918,720,1239,271
727,356,317,97,514,63,189,301,222,312,99
728,180,49,346,132,171,431,120,270,1623,341
729,47,125,537,708,346,131,325,511,257,241
730,974,344,356,1008,672,291,288,467,169,749
731,317,189,285,688,132,689,495,897,147,675
732,184,339,513,99,356,749,310,196,886,317
733,85,132,753,254,317,142,195,288,285,343
734,285,172,271,49,55,47,173,317,8,407
735,314,92,9,55,474,528,473,178,315,752
736,326,356,314,1141,99,155,123,1072,886,208
737,49,172,407,171,168,180,515,173,11,1623
738,345,311,257,627,50,879,510,244,96,120
739,317,343,285,675,495,85,14,63,68,312
740,317,271,204,206,261,356,99,314,315,18
741,511,314,315,407,156,285,529,318,204,602
742,250,247,257,271,99,301,115,743,749,18
743,315,314,126,514,513,317,189,647,519,602
744,824,1072,155,206,257,325,515,326,300,332
745,185,287,189,175,194,128,312,271,172,95
746,46,8,1647,55,49,426,1677,319,431,305
747,49,257,250,189,314,180,301,11,171,173
748,49,407,180,189,172,171,515,428,512,301
749,312,271,11,172,515,185,317,41,194,21
750,47,49,168,407,171,172,88,477,227,704
751,301,290,897,241,270,287,326,150,90,302
752,527,484,188,318,268,689,56,704,169,656
753,142,82,968,514,519,303,274,172,965,287
754,675,125,257,689,115,548,317,708,723,627
755,300,9,514,82,430,318,918,927,484,66
756,49,250,271,173,11,189,257,346,171,172
757,8,1647,55,7,476,1006,80,82,491,492
758,312,264,308,299,1015,189,965,21,325,120
759,82,300,407,315,172,285,515,314,312,188
760,404,147,160,143,750,291,327,299,923,68
761,314,323,150,208,614,206,304,474,496,287
762,222,812,241,326,339,345,302,301,8,296
763,56,1623,312,662,135,610,165,63,115,426
764,511,267,275,343,314,315,631,318,310,245
765,356,55,250,301,1136,326,88,812,510,113
766,1623,165,482,115,428,610,426,135,56,317
767,128,189,241,132,708,342,99,240,257,753
768,132,245,317,85,241,482,267,497,693,268
769,63,1647,68,1677,58,519,523,47,9,88
770,86,70,47,258,195,172,260,132,511,477
771,56,482,50,63,49,171,173,180,165,135
772,895,1020,704,735,653,646,429,407,918,511
773,183,172,287,853,476,1011,709,678,156,529
774,247,315,314,271,63,275,250,749,317,743
775,1647,356,323,344,346,299,874,309,237,1136
776,55,50,63,186,169,56,520,523,528,124
777,287,326,155,194,306,11,301,272,182,41
778,168,49,1623,312,407,120,256,180,173,171
779,49,422,132,68,267,311,173,312,171,285
780,579,123,510,1141,49,640,886,182,171,660
781,1064,116,149,923,874,146,124,297,291,281
782,49,1038,301,180,189,342,269,512,647,250
783,222,184,99,301,346,49,132,482,189,269
784,180,49,171,270,301,268,127,150,167,194
785,514,97,291,199,519,356,1618,1623,1064,317
786,675,257,322,312,132,901,117,429,68,131
787,312,511,317,647,407,310,689,241,484,63
788,342,41,159,250,194,301,1451,99,1340,275
789,218,1451,420,1553,249,146,283,762,186,271
790,55,68,345,627,510,291,21,897,356,632
791,886,918,249,257,429,18,1141,944,314,261
792,55,1452,49,171,1618,88,167,514,1340,126
793,99,918,473,407,250,47,178,480,482,123
794,407,168,511,918,515,167,250,174,8,247
795,863,49,264,201,309,299,495,173,171,160
796,49,248,168,429,173,194,171,227,180,226
797,1015,260,308,325,755,213,258,122,172,346
798,407,523,58,492,168,88,515,1595,428,1072
799,317,495,356,189,63,132,749,222,312,291
800,326,824,95,1623,312,287,194,332,21,1618
801,41,146,269,409,249,1451,325,1623,315,716
802,58,220,206,480,271,99,855,250,474,631
803,325,429,257,168,944,125,167,312,116,407
804,923,921,905,922,485,478,487,486,435,672
805,171,49,126,133,180,431,528,1623,407,478
806,26,408,398,320,321,341,747,1024,745,1060
807,68,317,63,99,126,749,339,356,345,55
808,326,301,10,271,345,688,189,287,11,317
809,49,491,21,27,515,511,168,88,519,627
810,482,125,632,537,168,407,325,317,312,708
811,1618,337,287,312,747,299,293,741,308,1623
812,189,275,342,1451,315,314,99,41,250,49
813,162,812,189,326,1451,11,301,518,672,97
814,968,169,627,317,303,300,268,510,514,180
815,1623,312,515,168,120,21,209,407,256,308
816,306,182,99,268,301,312,1618,1677,269,1018
817,194,271,312,41,750,11,143,63,287,301
818,55,1677,1647,126,113,97,63,90,426,274
819,99,603,241,106,339,206,190,649,222,271
820,131,154,142,484,704,659,172,177,169,968
821,285,407,47,257,317,477,708,311,515,482
822,317,126,97,133,315,314,177,602,275,482
823,258,10,297,55,1452,339,1677,537,126,149
824,194,162,209,824,384,1011,95,1579,331,332
825,41,47,958,168,685,306,662,50,32,325
826,241,268,317,267,482,306,245,0,312,256
827,272,615,310,241,60,524,512,107,184,640
828,126,510,186,55,49,660,134,356,1141,345
829,63,56,123,18,606,1062,602,189,219,698
830,7,323,662,284,899,1128,1623,186,1452,176
831,312,168,41,306,515,256,407,188,272,116
832,9,446,670,660,581,345,302,5,1267,284
833,314,315,63,271,11,1451,250,189,49,301
834,1595,168,478,1159,58,492,325,1451,407,346
835,186,1141,97,345,510,426,522,660,56,356
836,125,288,675,318,305,739,136,303,901,268
837,477,918,195,407,318,314,172,315,47,82
838,7,446,142,1128,581,419,95,285,106,537
839,895,901,99,752,80,284,614,178,511,476
840,515,188,689,21,312,300,688,627,189,1623
841,55,237,356,345,99,1141,126,431,88,149
842,357,88,326,740,1011,182,342,325,324,159
843,82,172,407,314,315,515,142,11,529,602
844,219,1159,315,753,515,743,698,195,878,277
845,195,99,314,175,128,156,1038,346,1677,41
846,18,708,257,125,229,944,206,108,299,739
847,58,49,59,47,12,1109,82,656,708,674
848,0,21,27,741,901,903,878,606,132,1579
849,484,49,70,0,495,312,226,325,308,691
850,323,344,149,194,1452,301,180,171,173,95
851,312,317,407,306,172,63,271,188,285,168
852,299,923,274,189,344,142,132,495,404,346
853,514,123,492,182,159,853,812,162,99,529
854,407,168,172,49,640,431,133,524,515,11
855,312,63,271,317,126,97,202,287,356,143
856,311,407,511,318,13,897,515,47,115,168
857,132,317,85,189,688,343,126,285,647,484
858,409,518,56,515,1193,523,715,1220,967,429
859,749,132,510,356,317,345,85,482,126,68
860,18,1013,903,85,1038,206,482,514,495,288
861,1675,1677,6,1064,56,1216,63,50,1038,523
862,1066,7,1009,161,1004,1008,649,659,654,125
863,11,958,250,270,257,271,482,128,173,537
864,8,901,511,213,285,480,726,407,515,310
865,918,318,407,47,477,346,123,136,172,311
866,56,6,301,426,11,8,97,49,356,428
867,886,528,521,261,1141,252,249,220,208,18
868,513,954,514,886,318,288,918,126,54,181
869,492,186,126,97,514,134,510,191,529,1141
870,227,229,662,49,1623,171,431,168,384,1340
871,1623,384,312,661,146,173,225,549,467,95
872,56,1623,269,312,1064,21,229,197,610,194
873,314,315,55,261,356,528,126,514,169,513
874,99,123,660,631,184,189,1451,275,250,301
875,482,317,407,602,49,168,495,63,285,735
876,47,482,477,429,478,503,346,1340,505,501
877,13,1020,245,958,47,488,477,343,275,267
878,356,63,317,407,285,312,1072,515,689,315
879,479,133,442,429,426,487,478,524,518,512
880,330,312,189,1623,518,315,63,173,512,525
881,49,431,422,426,632,312,302,429,98,610
882,1340,168,662,523,638,639,653,546,895,58
883,168,407,512,708,128,660,123,658,177,524
884,484,132,189,312,968,21,264,0,377,274
885,425,903,150,172,528,515,1618,1038,18,41
886,1659,994,1037,115,1602,987,988,116,160,149
887,63,317,356,315,314,749,189,271,126,275
888,41,515,168,315,407,18,285,314,115,330
889,603,660,133,126,284,431,524,134,1141,510
890,1125,99,82,97,196,659,854,215,689,734
891,63,519,518,184,479,356,222,1451,314,315
892,49,1623,63,171,180,173,68,312,21,186
893,58,407,191,356,314,602,315,126,492,478
894,346,250,314,482,169,514,317,261,486,288
895,285,204,193,172,312,173,49,227,509,529
896,967,1064,135,146,968,218,269,194,197,923
897,99,314,1618,156,527,182,514,150,326,301
898,125,708,257,285,658,312,21,18,115,317
899,132,85,495,647,317,241,481,99,196,487
900,0,56,21,741,754,125,162,142,738,1156
901,142,314,315,418,143,602,492,195,172,214
902,126,513,1451,191,184,275,339,22,356,1004
903,743,753,285,85,343,317,282,288,132,267
904,339,55,345,287,301,326,10,1647,812,199
905,55,68,245,510,426,126,63,345,356,317
906,1677,1669,41,32,13,24,50,14,938,965
907,132,85,241,189,317,343,99,282,482,190
908,63,356,675,312,317,495,123,482,479,132
909,287,514,1677,519,142,236,126,1618,484,190
910,901,172,1008,123,609,473,310,320,314,515
911,56,125,1062,323,515,407,602,169,610,7
912,314,413,1021,291,528,169,212,252,92,657
913,56,428,1064,199,824,523,610,627,307,356
914,132,346,85,275,343,47,133,282,49,288
915,275,314,250,407,315,13,126,133,511,631
916,923,345,58,285,339,581,457,55,106,693
917,968,206,923,824,626,300,475,50,10,220
918,1677,241,481,484,99,603,189,514,647,487
919,99,184,222,660,126,134,962,647,519,182
920,142,49,1623,285,172,384,173,180,312,171
921,49,18,180,164,704,132,346,341,318,495
922,1677,1064,1579,126,113,133,168,899,962,95
923,49,958,537,172,205,323,482,346,903,171
924,312,287,189,317,116,222,78,264,750,495
925,317,241,343,85,301,901,514,482,60,268
926,120,897,258,270,988,1024,180,349,449,393
927,871,88,99,962,126,133,132,85,86,113
928,184,345,126,356,191,134,660,431,97,199
929,675,50,343,85,132,923,288,245,881,386
930,55,285,339,962,317,178,8,320,126,63
931,769,492,479,407,646,483,134,854,178,113
932,126,356,68,55,510,512,317,186,63,113
933,46,65,885,55,749,874,278,291,356,149
934,254,923,467,312,14,738,142,691,215,728
935,49,1168,503,501,482,130,499,171,487,492
936,339,344,345,291,19,749,356,55,237,46
937,1011,824,188,198,182,168,300,525,227,704
938,1669,0,41,1677,10,27,965,11,50,177
939,142,94,581,96,632,312,173,70,500,131
940,346,537,47,477,482,317,250,958,903,429
941,70,63,65,132,274,142,285,14,55,962
942,1038,878,155,126,128,143,156,894,175,185
