0,1059,306,326,983,1117,527,524,312,1623,136
1,440,165,323,241,326,891,455,302,341,1023
2,712,773,863,637,473,594,527,272,273,356
3,796,748,1613,320,314,1603,865,57,326,344
4,614,1603,147,925,557,1100,301,538,342,236
5,331,345,1117,247,244,1004,332,136,30,291
6,1134,331,517,291,749,1613,268,874,769,304
7,303,749,517,331,304,267,878,1613,346,239
8,300,557,411,1169,311,1632,675,1097,1114,462
9,873,1603,491,302,748,1613,606,1594,80,188
10,325,299,695,279,346,207,309,161,767,1135
11,472,1066,511,9,221,595,842,688,871,726
12,323,303,220,320,688,931,191,707,100,242
13,247,84,704,893,658,338,475,651,157,259
14,987,271,1064,865,1038,486,285,331,872,1541
15,681,301,614,1603,490,77,280,276,748,175
16,300,537,119,224,1060,219,753,874,519,428
17,279,224,411,267,992,344,529,465,709,540
18,1613,686,29,846,92,242,511,1623,1639,1131
19,271,285,885,923,499,480,1006,219,455,315
20,994,1090,878,44,1594,814,822,342,159,124
21,299,805,311,405,465,212,213,936,411,462
22,588,341,331,323,614,650,136,660,812,599
23,1231,267,346,987,224,428,1613,1541,1594,519
24,754,269,1603,557,315,1135,1565,886,450,94
25,341,323,968,312,602,1623,1187,1023,660,576
26,121,236,674,885,312,1563,293,1059,560,288
27,681,236,524,462,339,24,288,312,891,105
28,270,259,117,247,299,86,119,411,835,657
29,557,854,191,1603,320,411,1131,1563,298,519
30,326,410,299,322,880,222,315,307,86,630
31,987,271,1133,530,222,936,269,410,823,737
32,285,885,236,271,273,151,1603,275,455,891
33,285,743,538,357,268,331,321,242,333,323
34,1603,475,1613,343,1565,476,1373,1090,281,325
35,323,878,237,1021,1603,635,268,303,1613,242
36,1603,331,66,285,321,1565,923,30,458,606
37,220,891,482,270,285,805,812,1563,618,411
38,331,923,271,235,338,219,480,270,499,812
39,291,260,1134,1613,428,769,308,1090,301,141
40,320,1047,454,146,291,31,345,288,9,1004
41,325,315,311,557,299,298,1603,475,279,270
42,935,681,695,309,660,223,15,306,863,317
43,100,323,492,698,527,318,332,320,1623,278
44,326,245,753,271,1011,768,6,284,219,455
45,302,326,273,863,383,127,987,307,175,136
46,318,1066,1541,726,842,846,124,5,263,1225
47,885,236,681,490,742,472,748,464,680,1069
48,462,105,369,311,275,247,751,408,168,270
49,293,320,241,455,793,1008,1603,879,330,1125
50,171,876,885,15,457,149,681,104,1563,889
51,411,339,163,454,288,247,270,144,267,465
52,681,312,260,602,320,674,457,622,288,873
53,686,115,315,740,1088,871,520,750,1623,571
54,1603,649,1565,1413,1563,331,1613,66,1059,303
55,288,505,149,595,490,0,428,789,974,284
56,220,542,411,349,1038,344,354,561,320,590
57,1133,675,86,630,391,280,413,221,577,222
58,349,959,293,891,299,1125,241,408,325,608
59,465,349,411,302,345,987,486,936,590,878
60,1603,923,480,1565,296,66,1623,338,157,151
61,279,1187,844,325,485,345,968,793,349,312
62,330,1565,1603,343,686,1135,476,704,475,938
63,440,682,18,1034,362,202,656,349,599,345
64,748,333,342,689,1603,491,1324,263,1066,726
65,242,1603,257,260,1613,1141,186,479,288,1675
66,288,271,693,1062,1047,263,9,236,301,970
67,337,1603,891,339,1047,185,241,1013,290,1565
68,1613,309,326,1623,344,1060,931,1004,485,469
69,1134,779,279,793,119,878,671,491,689,258
70,793,1603,219,1010,1565,753,755,293,887,658
71,293,275,285,271,168,1171,486,1571,1541,247
72,987,749,345,845,344,331,219,349,304,1117
73,219,762,1603,944,987,274,371,606,1563,285
74,66,220,835,1004,411,891,651,345,1603,84
75,1114,885,486,320,244,300,673,663,614,854
76,9,885,1623,681,571,320,601,326,740,768
77,686,643,595,1156,630,520,59,1131,198,505
78,315,415,326,750,1187,235,613,338,548,144
79,1541,296,1603,318,1059,1623,285,247,608,983
80,326,261,9,505,1623,368,1059,92,318,282
81,1603,879,260,1613,301,176,331,610,1090,304
82,706,548,904,119,346,492,871,519,489,712
83,125,391,280,320,349,1041,1636,936,712,271
84,320,219,602,280,1603,260,845,488,1613,735
85,411,303,1034,328,267,1027,517,220,279,959
86,885,689,293,1118,455,748,673,440,256,1023
87,326,306,187,309,879,695,1117,54,410,4
88,288,457,974,899,428,308,1169,681,965,268
89,326,245,454,344,1059,768,70,1060,987,750
90,748,115,320,343,686,689,628,545,448,779
91,299,695,325,306,1135,222,187,301,687,525
92,219,1011,235,602,1187,346,457,812,489,341
93,293,793,894,651,462,959,891,914,606,1603
94,584,405,346,938,519,486,1037,541,212,814
95,320,695,280,4,712,326,321,315,341,406
96,320,323,1131,748,871,954,1021,571,263,1118
97,299,269,695,1135,315,675,548,686,119,704
98,326,1613,306,410,951,1130,698,1667,987,856
99,279,325,1603,299,1613,303,1675,1016,267,1594
100,804,1613,1060,293,291,1090,309,748,865,16
101,236,462,1603,147,925,1066,1100,681,588,490
102,1563,614,1673,660,812,876,590,522,968,529
103,146,885,247,454,244,486,1171,30,1047,117
104,288,480,161,602,341,457,331,219,312,1011
105,333,346,305,25,743,988,1016,299,331,321
106,323,1021,1603,321,1565,330,664,285,684,1118
107,337,1565,1603,753,66,284,1146,1004,1563,888
108,1603,323,320,1131,1006,285,515,1565,191,649
109,878,18,886,863,830,603,254,169,689,624
110,285,271,989,220,987,385,622,341,406,865
111,117,514,86,527,379,498,612,18,603,270
112,460,1603,1413,557,748,872,411,878,511,1564
113,247,1047,1541,271,927,339,1603,454,241,671
114,320,1135,301,372,323,978,260,346,1024,207
115,1011,753,235,219,428,346,519,0,923,480
116,318,407,612,842,71,1008,1023,42,429,220
117,1006,220,285,251,271,385,1125,891,1603,1100
118,320,341,271,323,1023,650,712,1021,440,1636
119,332,1135,1623,1613,886,223,291,1324,974,150
120,411,318,288,1603,814,220,325,1541,688,1100
121,293,894,455,793,475,485,57,477,891,241
122,323,320,885,742,19,220,440,612,432,1023
123,753,224,245,475,344,894,257,242,304,487
124,872,1047,263,247,738,679,146,300,1118,519
125,322,863,1221,306,296,773,91,856,106,951
126,170,241,976,689,59,490,1047,455,1282,669
127,320,695,879,712,244,91,542,492,176,260
128,885,748,796,545,464,57,1097,468,1623,314
129,293,333,259,689,113,275,256,202,85,1034
130,291,349,1117,345,602,523,260,534,525,457
131,686,430,968,681,1623,475,750,115,15,992
132,863,660,614,331,273,719,86,812,691,106
133,311,242,557,236,1114,462,681,270,675,989
134,323,318,1008,1043,208,42,842,415,268,976
135,241,671,879,267,610,749,686,330,704,107
136,311,411,878,267,511,675,846,387,270,994
137,557,462,311,1603,460,872,805,1413,682,1100
138,349,59,337,241,1032,633,630,844,711,221
139,323,588,303,320,614,321,1603,681,954,739
140,311,270,557,812,788,415,482,1187,220,604
141,1603,491,342,681,1565,748,1613,686,643,545
142,301,128,127,1135,260,933,1595,686,223,271
143,686,269,643,747,92,169,777,796,640,675
144,247,1097,1541,990,244,804,335,318,1064,1217
145,285,415,216,747,407,242,318,331,1048,989
146,345,267,874,370,481,119,13,1187,749,1134
147,344,84,345,1060,454,537,854,1004,874,1613
148,303,1034,279,411,583,387,202,931,323,561
149,322,1623,66,1131,942,1004,415,1046,640,315
150,325,315,457,974,322,687,15,475,897,686
151,326,245,70,276,1060,643,306,1133,261,408
152,106,310,299,285,331,30,482,458,25,66
153,1613,326,879,845,865,695,749,1130,818,344
154,288,318,875,320,5,1231,1373,742,1623,1169
155,320,260,301,385,290,91,291,302,176,323
156,220,32,411,1603,130,1673,835,1563,542,1639
157,614,302,878,522,1413,681,588,465,682,1603
158,315,322,144,269,338,415,550,270,548,577
159,320,260,1603,1134,1613,590,426,84,1007,537
160,320,146,885,454,1047,855,9,247,84,244
161,330,263,1023,455,466,368,346,755,1021,318
162,1603,1563,537,30,1004,1673,606,517,682,748
163,485,1613,344,1130,220,32,1170,512,1603,796
164,519,331,1011,753,769,428,308,119,274,284
165,987,1613,344,326,1594,291,1090,413,127,302
166,1623,480,1059,1004,691,146,855,885,942,454
167,326,6,1623,660,242,1563,327,1187,32,198
168,271,1563,1603,236,285,762,557,274,656,406
169,315,280,489,341,548,1114,514,38,812,712
170,310,748,854,1603,872,191,557,606,1594,796
171,878,32,198,221,737,509,987,530,269,1196
172,885,681,309,326,674,673,293,288,312,1059
173,750,291,309,326,768,855,348,1623,318,254
174,288,457,1603,540,974,284,681,1141,301,149
175,1059,483,988,937,312,845,674,1004,1623,84
176,320,315,879,610,161,695,144,301,187,687
177,491,878,1603,748,1565,779,643,689,157,18
178,987,344,331,380,245,769,1613,928,691,326
179,588,256,293,410,4,599,302,440,1016,681
180,66,1006,608,247,891,220,315,322,11,651
181,750,309,1639,320,855,1169,300,1613,75,1623
182,219,923,271,762,1603,30,1563,656,599,885
183,280,32,406,1114,176,1162,614,327,421,695
184,241,1603,1047,1073,490,491,1565,330,474,170
185,320,842,42,870,990,804,220,492,1024,1639
186,320,278,220,406,1613,305,323,385,388,332
187,519,1048,335,548,300,315,514,415,738,269
188,1006,315,285,311,410,271,236,795,891,462
189,689,256,1613,1090,344,643,709,241,992,686
190,410,660,306,457,706,529,222,525,812,86
191,1603,242,557,1413,147,342,974,1563,538,1565
192,345,66,1004,247,244,942,651,136,458,707
193,291,491,933,368,127,1134,490,474,136,1282
194,291,1060,1134,260,1613,320,84,1050,748,804
195,954,6,326,312,304,650,845,1059,344,768
196,322,974,750,1623,415,687,325,1613,150,704
197,242,311,814,894,796,1100,460,747,976,318
198,146,454,219,288,298,1563,30,1011,300,1231
199,285,310,762,271,278,406,606,865,557,486
200,293,1059,309,312,674,408,326,1034,873,306
201,1603,1623,357,1563,974,923,1565,1541,0,341
202,219,602,119,1187,395,793,968,671,887,709
203,460,247,405,704,482,333,871,1131,462,1535
204,1006,978,310,320,406,695,1038,548,388,354
205,293,1059,306,606,879,296,161,1117,873,326
206,267,299,279,897,671,405,936,584,325,349
207,325,1623,1563,66,305,1675,1603,279,649,30
208,311,270,288,1603,339,1413,105,66,1169,1565
209,270,311,891,557,411,1187,482,1603,1673,242
210,475,325,681,974,750,15,1603,236,430,1613
211,595,263,92,878,20,505,242,1118,5,198
212,1097,1169,315,247,1541,1047,880,236,1066,1603
213,455,330,280,1118,889,689,923,321,1023,753
214,331,303,341,660,268,323,968,876,525,517
215,198,681,276,337,643,395,282,430,753,284
216,1603,251,315,325,1006,1100,649,66,161,1565
217,753,519,300,1011,762,219,346,557,537,224
218,688,323,822,411,387,701,936,814,842,318
219,220,242,1563,557,830,411,314,292,285,762
220,814,492,978,212,222,370,303,842,695,630
221,320,260,674,1032,523,326,542,291,413,457
222,325,1059,1613,1603,1675,293,649,161,1623,1541
223,537,557,30,310,1097,804,507,149,308,116
224,337,1118,247,1131,612,244,885,320,499,482
225,247,460,318,990,1217,117,293,259,407,1541
226,322,1623,296,581,974,1059,338,937,1667,326
227,1603,331,1231,1613,1541,671,205,879,749,743
228,686,261,326,1613,630,704,264,640,125,750
229,689,1134,268,323,291,682,357,424,331,333
230,271,936,709,566,823,185,312,349,739,219
231,768,428,1011,987,874,235,753,749,1613,183
232,750,242,976,1011,428,224,267,318,1282,681
233,245,455,987,326,122,753,1008,271,285,45
234,309,413,750,469,326,264,992,387,706,863
235,878,635,588,805,405,18,830,689,844,579
236,686,643,491,595,545,748,779,200,92,630
237,557,311,753,224,411,805,1563,1603,878,270
238,242,410,681,326,989,32,328,863,92,322
239,1623,322,309,121,974,318,150,242,750,1613
240,242,557,1603,285,1563,989,1100,762,311,147
241,1603,873,290,91,345,542,244,614,1219,1004
242,273,886,415,514,269,511,1131,499,830,603
243,1603,258,479,1090,1413,281,303,304,1373,257
244,311,259,974,318,322,881,1048,1097,789,242
245,674,309,312,1059,357,293,885,104,525,1613
246,1034,430,410,293,894,404,475,100,976,264
247,299,325,306,408,410,1133,279,267,974,1136
248,1125,323,136,650,566,749,879,418,341,671
249,271,285,219,1541,987,406,216,315,865,144
250,285,242,302,271,701,933,92,314,1209,588
251,331,428,357,288,507,1049,1541,552,128,1623
252,285,263,1603,1565,316,1541,268,923,5,649
253,1156,144,830,1131,1139,901,630,221,936,315
254,968,323,1034,844,1134,485,793,374,430,1187
255,1008,310,285,305,1623,278,407,606,885,293
256,299,704,1135,311,1603,804,557,675,330,269
257,894,330,333,259,1603,408,369,25,168,460
258,1603,793,323,651,779,938,239,897,119,671
259,326,987,983,357,1623,245,1059,331,575,768
260,681,643,595,282,430,5,337,1169,59,242
261,681,709,304,276,183,1603,80,312,540,1613
262,326,165,1059,750,267,312,1231,987,309,749
263,1118,273,244,614,320,637,889,9,712,885
264,285,1603,1006,213,220,987,557,614,271,406
265,1187,242,326,660,269,410,706,987,415,144
266,462,805,1118,490,689,669,923,455,263,1114
267,308,691,519,1049,507,331,641,537,552,486
268,410,299,325,795,989,256,25,86,408,638
269,514,379,270,5,311,339,498,830,1056,612
270,318,288,846,281,242,5,474,1324,1169,150
271,271,293,288,236,325,510,885,187,819,226
272,987,936,706,341,349,323,599,440,413,588
273,18,878,430,282,491,689,581,1603,522,1623
274,309,325,1613,306,260,525,989,750,457,992
275,485,845,1613,293,854,748,804,344,84,343
276,885,1571,1541,689,293,1023,275,1282,1633,490
277,106,357,989,1623,331,325,925,321,147,935
278,6,285,954,242,753,987,818,327,314,517
279,320,9,1623,1169,291,1007,150,1613,918,260
280,15,681,1169,1673,236,1563,104,937,297,602
281,322,338,1623,20,247,121,1059,284,505,974
282,219,517,1004,1134,845,753,1603,1563,345,602
283,331,1563,219,753,1231,517,284,1603,1613,1623
284,242,457,288,897,750,268,992,339,325,165
285,349,936,119,391,280,488,345,987,413,1041
286,323,1008,285,1021,429,891,650,220,418,1125
287,814,411,125,1064,224,747,1613,750,1048,823
288,830,337,339,198,688,878,835,522,509,411
289,263,748,1118,282,753,681,455,885,1603,491
290,144,594,223,1595,315,301,548,712,695,935
291,309,357,293,410,1623,885,1059,306,743,681
292,242,681,1603,693,1595,989,974,686,684,1565
293,66,651,100,323,1004,942,297,458,1603,1623
294,303,176,1243,588,413,327,989,323,622,344
295,457,9,15,681,660,297,341,712,288,750
296,1016,304,1613,695,1603,879,845,176,260,485
297,298,1114,300,315,753,557,468,271,762,1047
298,328,306,242,863,387,1094,408,322,529,974
299,595,974,505,1623,92,643,242,1603,1541,1613
300,349,936,271,220,614,1133,987,530,711,91
301,268,1603,886,1563,1413,878,331,557,515,311
302,557,538,1603,805,877,1100,1594,762,872,537
303,247,1603,1413,290,506,1541,462,228,213,66
304,300,298,976,814,311,324,871,679,557,1131
305,933,885,326,1623,318,768,983,650,5,1023
306,349,288,337,739,936,465,602,599,339,457
307,326,410,32,328,698,322,307,880,92,737
308,1603,731,793,491,1565,44,878,671,689,162
309,271,660,341,285,987,331,983,681,614,312
310,309,428,1060,413,1613,260,326,1090,344,1089
311,689,762,440,455,300,115,256,753,405,293
312,293,271,885,288,1059,226,674,125,312,1011
313,689,1068,18,300,652,259,379,670,753,455
314,522,337,482,509,198,270,151,550,273,1673
315,247,66,671,480,1059,1004,1603,161,923,219
316,1034,279,293,408,259,309,224,267,988,325
317,302,681,59,614,490,588,241,746,805,198
318,119,254,657,1027,345,855,117,1004,202,18
319,213,1064,1038,842,212,987,530,220,290,1066
320,323,320,237,588,712,405,321,1112,1077,779
321,293,885,1169,670,117,854,1623,75,320,1639
322,415,704,1048,338,514,871,315,247,189,899
323,271,885,326,454,146,9,855,880,499,486
324,878,805,682,635,1564,18,588,411,872,522
325,270,151,465,337,1133,275,339,247,408,1673
326,796,411,512,1131,1613,29,6,92,57,777
327,301,260,127,207,1541,584,428,318,490,541
328,557,331,303,285,515,460,1603,213,310,1100
329,318,242,933,974,1541,789,1603,989,268,659
330,293,320,1023,885,24,429,219,341,825,923
331,268,895,1141,323,318,1134,279,1603,1373,476
332,923,805,1603,331,877,588,285,205,599,769
333,15,86,863,812,447,18,273,272,382,1114
334,325,989,322,288,251,315,974,687,161,306
335,326,9,885,271,198,175,681,673,711,455
336,612,455,302,1008,326,794,440,407,891,514
337,1134,885,323,320,171,357,104,889,237,601
338,695,305,968,978,325,485,1613,1162,406,469
339,812,522,270,1673,15,876,337,339,274,379
340,457,288,298,1047,300,938,519,1011,146,119
341,681,302,276,198,936,1133,395,614,274,59
342,271,285,954,455,891,185,440,606,566,326
343,331,974,267,270,517,987,311,1563,1603,529
344,242,814,311,846,1066,976,989,1,726,686
345,885,341,612,500,320,323,379,1023,750,407
346,455,748,753,796,894,282,263,885,57,1118
347,30,331,537,279,1603,944,618,22,804,310
348,260,1613,1059,288,1623,1541,1231,291,1373,309
349,191,1603,557,242,220,285,1563,303,1100,147
350,1603,1413,506,337,462,878,1564,263,1118,511
351,753,1565,933,754,686,748,428,1613,768,818
352,845,305,332,1059,968,1623,707,818,650,749
353,689,889,877,923,346,537,878,254,119,753
354,1034,242,976,410,430,1623,318,404,659,328
355,242,323,268,989,303,706,686,681,660,115
356,299,213,1064,530,212,106,306,1038,608,446
357,1066,603,737,326,86,273,128,726,1064,328
358,743,330,410,430,256,894,582,689,455,307
359,344,327,737,673,545,748,326,310,865,1613
360,337,1013,136,322,66,270,522,1227,651,878
361,323,220,242,341,989,701,936,248,303,271
362,325,242,303,411,688,279,1125,186,814,288
363,681,693,128,271,684,1603,614,341,660,933
364,247,1008,988,259,45,618,575,136,1004,835
365,309,318,750,695,293,325,879,54,187,410
366,242,681,660,430,341,323,410,32,989,686
367,241,31,337,107,349,897,465,267,1156,170
368,349,220,345,987,454,701,566,983,465,320
369,428,595,1613,1090,344,643,992,326,768,291
370,293,894,1603,606,793,485,26,1613,462,1092
371,1282,330,1541,135,301,318,271,1135,241,346
372,878,1066,221,938,1156,630,281,421,124,1015
373,749,897,267,936,488,323,822,1156,349,141
374,270,415,338,86,514,18,169,603,117,1160
375,331,987,660,525,312,1117,590,517,341,1187
376,897,704,976,325,311,279,686,779,475,267
377,315,269,415,311,144,1595,897,242,686,747
378,491,863,296,1603,91,614,291,773,1117,736
379,325,270,299,259,408,247,893,293,330,1603
380,987,344,954,878,345,1134,98,304,845,874
381,315,519,499,482,548,415,557,310,30,648
382,309,341,525,326,660,312,293,1117,357,885
383,331,346,743,267,268,1603,974,749,1565,239
384,936,405,267,987,897,311,222,391,410,749
385,601,522,1004,954,614,291,337,590,681,602
386,491,681,323,162,1603,689,490,1134,740,157
387,146,454,345,349,320,84,602,1125,483,1004
388,681,274,688,242,693,457,936,59,339,323
389,325,312,293,306,1059,968,602,279,1613,309
390,293,739,674,793,440,914,349,337,656,312
391,293,312,1059,894,743,226,1623,357,408,475
392,1066,886,318,894,698,333,958,188,664,328
393,1603,1064,1015,301,299,1133,675,479,823,951
394,747,415,344,169,326,987,245,310,269,1048
395,517,1187,119,878,267,268,749,331,346,1134
396,455,1023,330,24,293,923,755,429,241,1008
397,279,300,844,293,104,462,258,561,440,779
398,32,18,863,86,273,522,652,328,1068,356
399,863,323,660,242,32,1623,818,681,968,321
400,302,241,59,559,264,630,771,318,822,1032
401,322,835,1169,297,942,247,1004,66,1639,415
402,1613,1603,1594,333,256,1090,260,925,822,176
403,1603,325,1613,538,925,1675,147,989,149,1565
404,288,322,339,236,163,1169,121,685,247,454
405,311,557,242,274,693,411,268,805,688,878
406,320,640,1603,1047,301,938,748,221,977,1541
407,486,10,1541,316,288,292,40,1571,331,22
408,976,897,891,671,739,936,612,293,267,311
409,1118,455,263,326,1623,282,330,885,933,368
410,324,753,300,219,674,1563,224,602,298,537
411,220,590,303,328,218,411,188,310,285,673
412,814,1047,1048,247,584,1639,738,240,354,267
413,681,288,457,693,341,660,989,236,242,171
414,280,391,38,812,1187,18,15,936,395,270
415,331,285,271,987,1541,1594,127,599,213,486
416,306,291,983,681,525,331,933,1117,326,91
417,682,267,331,279,408,247,1034,259,988,671
418,330,299,879,695,1603,293,4,24,256,25
419,341,268,162,1623,923,323,755,681,5,284
420,220,486,482,612,557,285,519,812,499,244
421,1603,82,614,1004,845,877,244,30,606,923
422,242,681,989,428,327,1135,557,660,737,0
423,268,323,933,1623,983,650,6,5,954,1059
424,804,1097,1064,422,1639,814,387,299,1066,411
425,322,974,242,415,270,1623,886,1563,618,66
426,1047,1015,938,1060,1050,645,1613,1633,1603,320
427,315,338,415,144,1623,223,364,499,686,704
428,326,1066,686,630,1131,886,603,640,868,505
429,1623,357,885,581,1059,326,275,894,5,322
430,331,205,1603,877,923,588,285,213,805,1016
431,871,456,1324,1169,491,5,320,1623,1141,263
432,682,872,462,557,460,168,805,679,311,738
433,280,315,32,391,695,15,1029,143,4,602
434,288,688,814,260,457,771,133,325,474,681
435,268,750,976,318,242,165,1034,267,415,311
436,325,121,1675,1563,408,259,242,1059,1623,257
437,637,602,320,793,491,832,885,845,1603,1004
438,1603,315,297,280,325,819,771,330,1017,241
439,1097,675,1066,796,1064,826,880,640,795,1100
440,1603,331,299,1016,346,279,537,30,877,1613
441,987,328,530,213,299,1038,411,310,1064,1594
442,18,863,1027,657,202,352,689,511,86,387
443,929,18,689,346,863,356,485,46,326,868
444,326,322,863,983,1623,660,9,818,1667,128
445,1603,1565,330,877,241,681,342,974,731,753
446,9,339,271,288,693,681,59,688,5,612
447,330,640,686,1324,491,1623,321,1603,318,333
448,242,989,220,32,1100,385,1006,1162,951,622
449,297,325,15,925,1169,104,885,462,1603,876
450,328,675,1066,1064,411,299,1097,220,1067,1639
451,326,628,1613,320,768,818,323,706,344,42
452,242,595,29,545,686,603,878,1007,886,505
453,86,689,299,256,1068,275,391,1133,1041,18
454,411,242,220,688,328,323,32,835,387,891
455,325,236,287,220,891,410,242,462,1114,1169
456,339,612,165,323,318,268,706,5,407,750
457,326,865,314,983,698,1613,701,673,989,1623
458,1603,421,280,557,1594,1613,814,936,529,308
459,878,221,119,1131,337,511,1118,18,1564,1047
460,332,291,1004,1134,1613,1117,988,1059,1623,345
461,242,989,303,323,1324,664,1613,318,1623,931
462,695,301,687,325,260,681,457,974,789,187
463,320,865,804,1613,42,748,842,335,1064,814
464,293,125,4,326,771,264,475,1636,686,440
465,925,290,1603,147,1097,188,873,91,1413,801
466,793,462,682,1603,323,1004,66,482,755,522
467,15,447,244,273,885,322,863,280,297,272
468,878,1603,267,754,1413,1013,270,769,643,311
469,326,525,306,660,480,331,322,1623,935,1117
470,750,279,325,1623,1613,1603,974,259,943,309
471,750,318,1023,9,712,686,115,187,1636,1282
472,291,602,260,457,525,768,681,601,1011,523
473,244,614,923,889,482,1603,509,280,30,273
474,818,136,1187,1623,326,1667,749,929,18,878
475,331,944,1603,260,13,308,639,271,212,1594
476,242,989,303,462,925,323,1603,147,325,1
477,244,273,331,614,308,345,213,480,223,863
478,291,320,331,1134,768,1004,345,983,885,1541
479,457,260,411,349,320,992,454,288,345,465
480,695,712,686,315,630,594,1135,187,879,548
481,415,270,267,411,1187,1027,269,747,550,144
482,681,753,428,1011,219,183,457,274,601,1603
483,614,290,693,681,588,302,213,1603,265,1413
484,1603,793,736,491,1565,330,24,1613,241,312
485,1603,940,1073,158,779,84,1564,1169,1673,734
486,318,127,301,309,974,291,1623,686,1541,750
487,312,1117,660,341,136,525,681,395,465,345
488,871,885,357,603,507,171,670,863,924,1314
489,299,222,675,897,311,269,814,267,212,747
490,117,279,220,300,325,247,415,411,942,1169
491,750,325,489,897,279,300,706,1011,457,1187
492,749,1134,968,346,1187,1613,345,267,332,613
493,814,804,303,1613,1594,212,10,40,260,279
494,650,326,933,165,410,268,987,660,701,341
495,325,299,106,974,322,1603,306,30,279,1675
496,649,515,318,745,66,1603,323,1623,316,707
497,885,320,742,1023,293,1571,207,486,733,429
498,671,895,872,293,1571,682,1603,1231,168,923
499,297,320,873,949,885,326,293,84,645,951
500,686,115,119,938,897,706,346,704,300,749
501,938,280,119,315,298,1017,519,1047,557,735
502,301,244,1603,1541,151,299,879,1047,127,1571
503,1073,337,241,643,1219,479,491,651,596,1136
504,320,310,280,485,191,321,123,406,1024,512
505,271,285,410,242,987,314,326,983,747,220
506,247,1541,923,151,338,480,1603,885,1623,285
507,136,247,291,326,144,983,407,9,339,454
508,323,1623,318,1008,1004,609,136,332,291,208
509,891,337,1131,959,18,430,1564,411,835,1004
510,1603,1563,1004,923,1413,284,1565,1623,1673,618
511,323,341,293,440,312,1008,650,326,566,285
512,267,270,349,299,936,391,1282,454,405,119
513,330,1066,323,71,263,460,1023,466,635,1019
514,345,749,987,136,465,525,530,529,1187,349
515,1059,291,136,1117,1613,1623,306,1603,70,326
516,637,219,845,923,602,879,235,291,470,1603
517,345,612,179,354,492,349,812,117,750,220
518,280,320,695,406,1603,421,879,865,735,925
519,326,773,322,879,1623,1667,818,306,695,223
520,706,318,701,842,976,268,348,1011,115,514
521,320,987,576,1125,260,1613,220,406,701,530
522,280,242,1114,557,327,1,191,32,762,274
523,299,106,293,408,25,259,960,333,492,86
524,315,242,311,514,686,1595,32,475,430,270
525,411,92,595,688,337,198,163,1639,221,59
526,415,1131,976,658,1004,5,1623,753,1187,338
527,689,115,490,256,428,1066,885,1023,681,128
528,814,168,411,486,872,1064,124,1100,1541,1066
529,331,291,296,1541,20,1603,247,285,213,11
530,1639,1060,422,75,221,1047,1032,1613,240,84
531,923,671,566,739,1013,293,927,1282,682,302
532,322,15,1673,1603,863,937,1623,106,306,974
533,316,288,1603,649,301,875,1595,1565,268,320
534,285,660,331,410,357,681,326,743,525,306
535,323,1021,346,237,268,588,115,321,303,686
536,1089,670,1066,275,259,1639,689,885,1097,1048
537,1623,1613,320,223,1135,278,332,885,989,1024
538,242,303,649,66,1563,220,323,557,515,788
539,338,514,658,455,162,686,1088,5,415,755
540,537,689,679,682,748,171,346,635,1134,300
541,213,331,275,244,302,136,91,127,987,879
542,1623,491,1059,1004,66,942,1613,68,1603,150
543,689,343,753,704,686,245,1613,475,894,124
544,987,768,326,983,284,291,331,454,136,245
545,119,485,779,1131,874,550,18,123,854,704
546,686,242,846,814,1613,476,124,1090,141,29
547,220,411,688,561,405,844,936,222,349,1639
548,328,1066,318,92,411,168,1541,213,1100,302
549,812,341,410,293,440,349,405,312,4,267
550,871,346,305,514,712,323,557,300,287,1114
551,1603,66,279,460,891,1535,959,405,894,515
552,242,878,430,894,743,689,1034,18,323,268
553,24,330,341,323,712,1023,897,794,4,650
554,285,331,271,292,1541,1563,244,486,480,1171
555,1603,325,288,610,479,474,260,1125,687,1141
556,337,9,511,1219,322,835,1169,31,1073,100
557,983,337,954,136,1004,323,1603,213,99,6
558,341,219,588,936,599,274,876,271,923,1011
559,219,923,285,271,753,762,455,30,205,845
560,270,224,267,279,311,337,411,1564,395,198
561,331,205,987,267,749,219,304,1231,540,671
562,410,275,486,723,987,1034,220,309,349,1193
563,1231,976,224,682,268,10,44,300,1034,267
564,285,331,213,271,987,1541,1603,1563,1064,530
565,290,91,318,127,527,291,301,1221,302,296
566,244,119,213,519,874,1198,346,345,1085,548
567,863,326,954,681,1004,522,601,663,100,673
568,1603,1565,66,157,491,239,30,1004,1623,887
569,183,260,1011,762,271,1135,1,268,346,989
570,588,889,321,805,1016,614,877,689,18,599
571,1603,1565,475,894,1613,241,753,257,1170,304
572,606,845,320,885,748,1603,954,293,865,1083
573,519,754,476,1109,124,1135,428,938,308,557
574,271,1541,285,318,936,701,983,339,1047,144
575,1623,1613,1059,818,357,312,885,525,278,845
576,242,198,643,520,475,681,754,686,241,59
577,315,897,457,489,936,688,144,1114,1041,311
578,428,486,885,537,673,1060,300,872,641,10
579,415,706,842,874,519,300,514,318,1048,124
580,326,245,987,983,455,1282,440,344,768,1008
581,987,428,769,753,271,331,285,737,878,754
582,1613,992,267,325,481,974,306,260,1059,529
583,264,681,387,630,410,309,840,86,413,1632
584,271,301,823,241,826,283,879,65,187,4
585,242,681,992,198,428,595,737,326,92,344
586,271,762,989,341,706,987,660,128,486,410
587,136,267,959,345,511,1027,213,878,405,411
588,706,750,415,220,492,1623,1187,305,323,179
589,318,886,268,323,208,242,311,846,976,881
590,337,1004,835,954,1131,1118,1603,618,19,84
591,1114,15,86,300,273,119,603,548,1673,855
592,320,9,280,712,1007,512,297,457,1062,1169
593,271,285,455,315,1603,762,236,198,753,891
594,320,326,260,865,845,271,1125,1613,125,701
595,411,1639,542,349,454,345,814,354,633,1060
596,688,387,878,511,411,323,345,1134,302,822
597,242,430,1034,328,974,891,318,241,976,270
598,323,968,239,66,268,788,303,237,1324,731
599,885,247,5,1623,357,499,670,990,263,292
600,879,271,285,318,241,1125,610,987,1541,429
601,682,293,462,275,599,885,357,689,656,805
602,889,486,331,876,207,1114,812,406,30,885
603,290,337,221,9,511,688,1219,387,302,835
604,1623,988,1004,1613,1134,1059,1187,309,750,1034
605,267,704,686,415,169,750,119,1027,976,897
606,299,301,275,331,244,1640,308,1117,207,317
607,322,242,886,557,66,310,974,106,538,121
608,485,954,988,793,743,1004,689,1603,845,894
609,254,465,1134,127,301,879,291,345,267,119
610,344,987,224,346,743,762,245,405,1594,256
611,557,323,285,321,191,635,1563,762,263,310
612,339,812,270,891,341,935,311,24,612,462
613,288,339,681,379,284,270,510,457,474,1282
614,323,239,968,458,863,321,303,1021,594,695
615,1613,748,537,1623,116,1594,804,149,1541,1603
616,1118,885,337,175,983,472,9,455,263,20
617,557,1131,748,1603,310,263,635,753,830,191
618,1603,1565,311,149,1413,731,753,1563,877,792
619,337,1131,1118,511,748,878,1219,779,158,221
620,257,1603,606,823,1563,1675,1059,872,454,833
621,322,326,863,86,328,848,698,32,960,306
622,318,311,407,315,144,270,1048,415,747,842
623,681,288,457,87,1673,274,1169,840,215,529
624,749,987,235,346,1187,269,205,267,219,428
625,885,1059,1613,1571,293,674,344,1231,1060,357
626,1613,748,894,1090,343,1541,804,879,865,1097
627,681,288,379,87,1169,1036,1673,15,614,840
628,675,1066,814,989,726,630,846,242,716,1135
629,188,328,1603,242,538,856,1594,303,878,951
630,387,202,873,465,408,275,244,542,1169,1640
631,331,1603,538,973,1257,1565,1413,1563,743,66
632,320,260,291,1613,1134,1032,873,1373,542,742
633,320,1613,485,394,512,845,84,1059,1603,326
634,325,279,1169,1603,897,1639,750,288,1632,267
635,119,465,270,254,267,878,339,345,657,1187
636,871,254,689,317,624,878,268,1134,208,5
637,936,987,271,302,588,220,701,541,285,410
638,323,405,460,515,303,1603,1535,346,557,237
639,220,1038,1064,608,530,285,1541,328,1108,987
640,303,822,242,1603,1090,479,1613,1125,989,258
641,285,268,10,588,682,323,265,680,805,1413
642,681,276,933,302,326,282,689,1282,256,80
643,750,415,706,835,992,976,411,1639,603,595
644,894,25,430,475,569,581,1603,485,327,276
645,686,1603,1565,301,31,1141,239,832,735,1021
646,320,1623,291,885,332,223,707,768,42,480
647,1038,345,212,879,530,213,244,987,1016,854
648,411,529,992,267,325,1187,457,517,270,279
649,320,1131,871,658,31,686,735,855,740,571
650,346,689,311,115,514,686,584,330,632,1041
651,1187,812,660,341,863,522,968,1673,331,525
652,326,1059,291,983,70,282,885,933,768,261
653,285,865,271,762,421,314,1100,989,1603,557
654,486,454,271,1038,1064,354,220,987,247,168
655,220,612,320,486,1008,429,870,19,197,407
656,1603,291,1413,301,260,1613,296,540,1541,1004
657,933,318,681,743,1023,686,307,326,330,650
658,1613,754,1667,987,974,269,1603,450,94,242
659,288,339,165,318,742,5,474,688,454,268
660,873,606,1603,1059,1613,1125,951,959,320,698
661,268,303,323,515,1413,10,649,331,411,1603
662,241,491,302,1603,689,1013,330,643,879,490
663,299,330,25,106,695,863,712,935,273,1017
664,315,1603,322,280,32,475,325,1006,242,191
665,157,239,968,974,1603,116,517,331,1257,1004
666,241,1603,455,330,894,475,4,24,293,793
667,320,885,1059,1613,291,326,260,1623,309,845
668,320,842,1032,1639,492,688,576,814,542,712
669,695,1135,260,301,315,978,488,212,271,879
670,326,271,1011,125,341,440,1023,1636,165,681
671,885,889,320,614,321,104,742,876,15,323
672,326,818,344,1623,1613,954,322,1059,92,628
673,276,306,410,325,1613,326,1133,4,894,951
674,1187,267,312,284,992,270,224,750,517,550
675,689,291,326,1117,357,1613,309,1623,331,1406
676,315,144,271,270,339,812,1187,326,612,341
677,242,325,475,974,989,1603,897,1613,992,322
678,320,485,280,695,1613,125,4,602,344,488
679,323,303,688,345,1603,411,40,1640,1413,542
680,299,330,333,689,25,106,256,105,317,342
681,742,387,688,1169,133,462,542,288,873,297
682,280,614,15,1114,38,681,889,391,119,812
683,346,331,879,749,1231,1135,13,1613,299,279
684,298,124,519,990,335,557,814,1097,1066,1047
685,681,933,622,650,660,302,341,323,987,176
686,346,318,124,814,726,1613,804,1066,842,1535
687,454,288,144,457,163,220,1603,385,1541,608
688,325,288,279,408,411,1563,1603,974,823,311
689,1613,1623,1603,291,326,1059,1541,1667,933,260
690,299,349,267,465,408,382,279,1632,599,1640
691,428,301,127,346,1135,879,335,574,291,1015
692,322,974,296,1623,863,1667,886,773,106,306
693,485,344,1613,57,748,674,487,343,796,854
694,242,475,750,165,318,338,430,686,974,415
695,280,315,15,297,1073,1029,1017,1603,4,391
696,303,242,968,989,323,1613,239,183,325,341
697,331,316,10,268,875,1231,22,1541,346,285
698,299,630,863,264,356,100,695,640,1221,1639
699,119,1187,15,1027,550,270,457,1673,267,345
700,267,475,891,415,270,1187,430,326,1034,1218
701,326,261,245,70,880,643,505,595,75,1060
702,331,346,268,507,332,333,988,364,1049,155
703,557,411,119,1603,748,1564,1639,779,511,1131
704,315,280,32,15,1114,514,18,430,391,242
705,499,942,1623,612,1088,305,322,415,407,315
706,345,349,812,1187,706,612,300,440,117,542
707,323,1021,237,346,650,320,239,1134,332,492
708,1639,240,1640,835,511,244,542,106,870,322
709,430,18,1034,894,330,462,270,475,242,652
710,320,640,990,1225,301,1603,804,871,938,1217
711,872,865,1064,590,285,1594,606,673,748,218
712,325,489,311,891,462,936,236,1114,897,1010
713,976,311,753,411,1011,300,267,878,268,595
714,1059,650,1623,291,845,368,749,332,750,312
715,651,66,1603,891,136,522,337,26,1013,581
716,119,1603,779,938,1047,704,1131,267,31,671
717,1613,224,1231,257,1603,753,279,344,304,476
718,405,311,938,671,267,279,557,805,119,936
719,271,789,826,187,315,306,695,1135,326,301
720,119,897,254,38,267,1041,170,434,1156,319
721,712,264,686,681,897,695,771,115,1023,1017
722,1603,411,608,1563,454,337,891,823,257,530
723,320,1603,281,1125,1373,260,606,1059,291,873
724,514,1131,871,830,473,1023,122,455,612,330
725,325,410,306,309,750,475,322,24,695,341
726,297,462,315,1017,771,280,1169,236,1088,15
727,845,1603,219,923,1613,1565,753,1059,82,450
728,299,293,1038,1613,1016,987,279,354,220,310
729,323,321,485,854,100,863,1603,635,104,542
730,293,894,796,271,762,606,814,1603,57,257
731,331,682,656,10,486,285,606,590,1231,1008
732,290,9,983,693,291,323,128,99,622,863
733,125,271,1011,300,428,224,615,219,457,633
734,1603,557,1565,242,342,147,191,1324,974,315
735,312,136,749,650,525,341,968,1059,1117,1187
736,261,686,643,241,475,455,520,704,630,75
737,773,247,322,491,157,296,1004,1623,338,637
738,293,115,771,264,1,1077,1023,686,844,440
739,322,315,247,1623,121,1097,475,974,66,1006
740,9,320,983,339,288,19,128,688,885,5
741,750,974,325,415,475,704,1141,1623,267,189
742,681,1603,686,1565,430,276,643,974,280,660
743,885,1603,876,524,82,244,30,937,151,236
744,1613,686,485,695,749,475,304,845,343,330
745,878,748,894,753,304,1603,954,872,380,344
746,865,125,1060,1613,343,293,344,584,762,987
747,247,1047,671,228,1603,244,151,1541,465,301
748,873,951,100,698,796,925,606,326,518,931
749,1004,1613,1563,84,537,1623,517,1603,104,1673
750,1047,1541,318,261,241,1603,474,281,610,1050
751,1603,84,119,158,734,30,1613,854,1004,767
752,868,748,326,285,954,1118,302,455,689,181
753,886,322,242,311,974,269,1595,270,415,338
754,1603,1613,279,1004,331,1016,845,973,325,968
755,885,1225,320,1062,1571,1066,175,1541,128,924
756,686,330,475,773,315,689,455,264,491,430
757,876,614,1603,557,1563,274,204,406,1673,30
758,326,356,863,954,1406,245,689,344,929,18
759,280,1603,198,32,735,320,337,143,221,512
760,712,24,489,897,935,1019,315,1041,187,4
761,119,1187,315,270,38,637,482,594,15,457
762,455,885,462,1118,247,330,236,1603,893,337
763,1623,242,974,322,1034,1059,750,268,312,318
764,293,323,793,491,1623,475,736,330,100,297
765,1603,879,30,25,1613,450,296,299,194,1541
766,812,793,15,38,876,602,280,1010,482,462
767,269,242,987,675,747,328,446,410,529,974
768,337,198,9,339,454,288,1047,284,595,1282
769,614,320,954,244,588,345,889,1134,323,1118
770,320,346,1135,1613,1603,223,1023,1541,885,712
771,1603,288,1007,1324,649,147,1563,1413,242,149
772,242,410,326,92,344,6,328,165,411,224
773,614,681,465,301,288,474,540,490,260,742
774,176,260,989,1613,301,681,1603,925,271,183
775,885,5,379,742,288,357,1023,1623,1118,571
776,323,341,527,471,346,237,1023,650,115,268
777,291,1134,1117,304,345,845,483,832,1613,260
778,290,331,244,213,291,1640,91,1603,296,1541
779,1541,974,288,1603,296,301,1097,322,247,149
780,242,342,1603,538,731,1324,1565,557,1413,191
781,327,777,310,406,344,218,529,865,517,807
782,682,872,537,805,303,1594,1603,878,538,380
783,311,588,24,331,341,936,788,26,285,323
784,987,327,218,242,344,1594,529,590,865,517
785,30,305,84,259,937,247,293,482,854,146
786,338,247,322,66,233,1603,618,315,1623,30
787,276,614,159,1133,465,433,681,599,395,709
788,1187,219,749,968,1011,602,267,224,235,312
789,878,748,689,491,1324,894,779,323,188,1094
790,285,271,293,1603,216,885,1623,121,475,226
791,205,304,1603,331,1016,749,987,517,303,239
792,796,475,640,1097,257,894,1603,261,298,241
793,1603,251,325,649,288,260,406,1541,1100,1675
794,614,693,681,925,1603,1066,290,301,421,91
795,241,302,1013,267,671,168,1008,405,894,927
796,220,318,1008,6,1231,293,1034,891,976,303
797,614,590,345,878,465,254,331,1117,517,1134
798,1047,288,490,5,263,742,1169,1603,474,740
799,241,897,311,686,976,430,611,630,59,93
800,30,299,293,325,1217,346,247,767,279,305
801,280,557,198,1603,15,1673,462,522,337,1114
802,344,245,428,987,224,992,327,878,689,1613
803,321,712,320,280,315,323,594,1023,686,871
804,1004,517,304,345,1134,303,1603,590,1613,380
805,475,520,430,844,992,572,410,241,686,894
806,303,323,279,258,242,10,976,224,411,814
807,613,473,1613,235,686,346,115,320,712,750
808,1603,1623,1563,66,1565,458,323,1004,649,480
809,198,315,753,300,324,280,1636,59,686,520
810,326,987,222,701,525,749,1613,99,332,722
811,602,1117,1673,525,530,331,345,529,306,590
812,1541,308,244,301,1603,614,1047,1571,1225,422
813,31,119,337,1047,878,170,221,1131,219,395
814,923,323,341,1023,755,885,650,331,429,285
815,804,814,1639,320,492,904,871,557,40,1151
816,872,682,247,689,259,1571,333,748,1541,369
817,325,974,1603,306,951,1136,538,299,342,1613
818,689,1050,326,455,245,122,748,261,1571,1060
819,686,320,1011,128,1135,1007,268,1595,318,428
820,411,270,311,405,557,747,987,224,259,269
821,1603,1541,1565,1594,330,923,877,205,331,1135
822,267,279,976,224,750,311,270,897,814,113
823,885,322,236,1623,278,989,524,147,410,307
824,1613,894,408,643,344,1090,1060,325,1603,75
825,1603,421,221,748,1131,191,635,320,938,1066
826,411,814,804,258,846,796,1613,1639,279,387
827,298,257,198,1603,645,777,796,823,938,753
828,271,311,270,489,269,315,548,987,557,415
829,271,326,987,6,285,315,245,747,455,901
830,482,310,155,285,557,460,458,30,66,499
831,894,1059,475,1603,410,326,1623,92,328,322
832,328,410,992,222,387,86,844,413,267,299
833,681,614,1603,301,490,588,693,321,889,877
834,288,271,814,541,457,716,311,486,584,510
835,331,288,1603,1413,973,247,465,1640,719,1541
836,315,1006,1603,241,361,1131,144,251,640,754
837,1010,1603,1169,298,279,325,119,462,300,146
838,1011,346,1231,224,219,749,519,753,874,267
839,345,349,244,1169,288,542,297,339,742,465
840,1603,1413,1136,1673,1564,411,1169,856,951,337
841,326,1623,5,628,42,942,100,1004,818,706
842,299,279,405,1009,1016,25,325,485,804,310
843,326,643,344,245,505,1613,595,70,545,748
844,291,1134,332,331,346,254,1117,127,136,527
845,681,660,410,242,743,341,276,659,312,989
846,440,326,344,410,673,302,954,681,327,341
847,1090,1060,1613,689,413,260,1134,491,309,873
848,119,349,936,280,812,482,577,391,1114,688
849,311,462,1169,675,299,1017,557,301,716,1114
850,889,244,614,15,542,77,1060,254,280,885
851,326,673,344,327,989,706,192,32,660,242
852,273,223,863,681,1135,1314,357,974,342,689
853,288,1603,331,1541,1413,649,325,301,251,316
854,337,1004,674,954,302,440,293,835,793,873
855,303,242,989,1603,1594,342,1613,839,538,804
856,976,270,652,430,1034,514,18,455,5,117
857,557,263,762,1563,236,300,311,5,274,292
858,650,879,318,989,508,1125,695,743,749,978
859,491,748,779,1134,1603,740,1613,320,1004,464
860,344,992,413,326,622,302,1613,312,303,660
861,341,285,323,1006,812,321,891,220,458,588
862,886,331,296,106,863,332,1667,273,691,965
863,923,753,1047,219,146,1541,1011,338,770,284
864,891,270,1034,812,1563,599,805,462,656,1187
865,750,325,288,309,1169,1623,105,1632,318,974
866,320,260,938,343,1613,610,879,1047,584,301
867,491,1134,302,506,291,424,689,282,609,878
868,681,282,198,326,954,302,673,395,878,276
869,242,411,814,595,288,92,88,529,737,29
870,346,331,30,944,879,1016,537,293,219,877
871,989,322,287,695,242,1162,698,978,863,1007
872,320,1011,1134,706,291,260,341,674,457,312
873,475,681,1603,325,242,430,974,15,686,1613
874,753,284,338,754,1603,1565,269,923,974,271
875,323,303,268,1034,237,317,994,346,1594,878
876,326,100,885,1623,527,670,863,870,5,698
877,987,144,548,269,270,812,935,271,315,331
878,331,323,303,316,515,285,429,649,650,1603
879,689,1090,878,643,299,119,1603,256,267,1613
880,337,66,651,345,1004,1603,31,1136,297,793
881,320,457,280,512,315,242,1007,1,771,198
882,538,106,557,974,325,147,149,1563,342,308
883,293,682,656,1016,331,606,486,719,408,599
884,305,492,548,315,978,485,489,415,968,325
885,271,293,125,762,936,226,1008,455,584,315
886,557,311,119,805,319,204,462,44,682,1603
887,1603,1623,1613,1563,1541,302,1594,1667,1640,1564
888,1134,345,320,119,779,542,258,253,1004,874
889,863,1219,18,337,1131,323,947,280,32,1156
890,271,410,695,299,4,879,306,936,187,222
891,330,333,491,1603,736,323,321,689,877,1112
892,9,288,5,1047,318,474,595,1169,692,379
893,1135,332,223,695,686,372,1613,687,1623,750
894,271,681,236,147,1603,557,538,301,149,285
895,455,771,1131,241,1023,686,59,315,1056,611
896,15,681,382,613,379,889,1187,968,115,1673
897,291,1613,331,260,301,1603,176,1135,989,332
898,462,241,1603,793,588,671,877,26,330,805
899,430,241,793,1034,681,170,844,709,162,611
900,325,279,354,812,220,489,299,411,604,349
901,242,989,311,675,287,974,557,342,1324,886
902,323,318,5,742,288,885,19,320,292,128
903,244,260,542,385,354,40,486,814,220,804
904,328,411,408,318,92,259,846,322,150,387
905,754,260,291,212,301,176,987,99,1613,308
906,675,1603,754,938,1015,640,1100,221,269,299
907,681,695,301,933,241,288,974,1603,474,686
908,454,146,1047,422,1603,20,84,618,1541,163
909,925,321,1603,1613,748,330,147,343,191,293
910,9,681,254,379,326,465,339,768,302,706
911,1563,872,557,30,486,310,259,285,121,1603
912,247,5,1623,1059,976,750,288,117,257,661
913,968,1187,1004,550,942,602,345,332,735,707
914,270,117,279,325,311,1169,750,300,976,1632
915,333,743,330,331,879,136,299,239,749,664
916,267,1134,1613,749,304,987,119,346,874,205
917,301,221,630,474,1073,290,1047,133,1015,422
918,517,1563,987,529,1187,331,1603,224,1613,530
919,681,330,686,689,695,889,301,879,832,115
920,9,326,320,31,1032,165,674,701,954,768
921,106,301,161,299,935,296,331,325,1541,1603
922,311,301,299,675,754,342,269,938,1135,897
923,288,510,1023,1047,1088,1011,315,457,1017,1282
924,220,271,410,293,558,989,701,936,197,388
925,311,557,1100,675,1603,271,1006,242,270,716
926,411,557,1563,1603,288,872,1413,163,1064,308
927,323,318,701,196,1008,42,842,726,830,326
928,987,212,344,303,1038,222,1594,814,13,1613
929,686,1088,330,1623,637,571,315,712,368,773
930,612,216,323,220,514,315,489,305,407,499
931,299,25,1016,330,879,671,205,651,793,877
932,630,413,1090,992,878,643,844,1613,465,1133
933,242,411,878,517,529,268,590,6,1563,987
934,141,992,686,1613,428,309,115,750,1090,291
935,241,1118,878,689,491,455,748,1015,175,302
936,612,318,5,706,1639,1623,407,117,527,1640
937,247,511,1047,221,657,1131,630,1639,241,1541
938,326,344,992,1613,125,1032,633,70,1060,523
939,874,987,415,988,768,331,346,1231,845,855
940,1117,323,244,303,542,524,719,1603,742,331
941,475,326,1623,974,0,686,245,455,1613,309
942,320,345,1134,742,1004,19,323,875,1047,576
