0,653,1681,1680,2,7,1677,1676,1675,48,42
1,1656,1658,1659,1660,1679,1678,1677,1676,1663,1648
2,1471,1263,1262,1041,941,1672,1671,1039,1258,1257
3,1668,1658,1662,1681,1680,1663,1648,1650,10,9
4,24,32,1656,0,25,1680,1679,26,1677,1676
5,1681,2,6,13,52,50,48,45,60,0
6,1656,1659,1660,1680,1661,1662,1677,1676,8,23
7,1671,1657,0,1672,1658,1662,1663,1648,1650,23
8,0,3,15,1679,6,1677,1676,49,47,46
9,1656,1657,1681,1680,1658,1678,1660,1662,1648,1674
10,1665,1657,56,1658,1663,1648,1649,0,9,8
11,0,1681,2,4,6,1677,7,9,49,48
12,0,1681,2,1679,1678,4,7,1675,8,48
13,0,1,1680,1679,4,1677,1676,6,7,48
14,1656,1660,1661,1680,1679,1678,1677,1676,1648,8
15,1,1681,1680,1679,2,4,6,7,1674,1673
16,2,1681,4,1679,1678,1677,6,1675,7,1673
17,1,2,1680,1679,7,1677,1676,1675,8,1673
18,1,1681,1680,3,5,11,47,46,45,59
19,4,7,9,1678,1677,1676,1675,1674,47,0
20,2,1681,1680,1679,1678,3,5,1675,1674,1673
21,0,2,1680,3,5,7,1676,1675,8,48
22,123,427,3,1679,1678,1677,5,1675,1674,1673
23,1,2,1680,3,1678,1677,1676,1675,1674,1673
24,1656,1657,1681,1659,1679,1678,1677,1676,1660,1662
25,356,7,1679,1678,9,1676,1675,48,0,47
26,47,1681,4,1679,1678,7,1676,1675,1674,48
27,0,2,1680,6,7,9,1676,1675,1674,48
28,0,1681,2,1679,1678,4,5,1675,6,1673
29,1,1681,1680,1679,1678,2,1676,1675,1674,1673
30,1,1681,1680,1679,1678,3,4,5,1674,7
31,0,1,2,1679,1678,4,6,1675,1674,1673
32,1225,1013,1223,1012,1221,1672,1220,1670,1669,1668
33,1659,0,1681,1663,1649,1678,1651,10,9,8
34,0,2,6,7,1678,1677,9,1675,1674,48
35,1471,1676,938,1033,1032,1672,1240,1239,1669,1668
36,2,3,1680,1679,5,7,9,10,49,47
37,0,4,6,1679,1678,1677,7,10,49,47
38,0,1,1680,5,1678,1677,1676,1675,1674,1673
39,2,3,1680,5,9,1677,10,1675,48,47
40,407,1,1680,1679,2,5,1676,6,8,45
41,0,2,1680,5,6,7,9,50,49,48
42,1,1681,1679,1678,1677,1676,4,1674,1673,3
43,3,5,1680,1678,1677,9,10,49,6,48
44,0,1681,1680,1679,1,2,1676,1675,8,1673
45,3,5,1680,1679,1678,1677,10,1675,47,45
46,2,4,5,6,1678,1677,51,50,49,48
47,1674,0,1681,4,11,51,60,54,67,64
48,0,2,3,1679,5,1677,1676,8,9,47
49,1,2,1680,1679,3,5,1676,7,8,47
50,1656,1657,1660,1680,1661,1662,1677,1676,23,22
51,24,32,1656,0,26,27,28,1678,1677,1676
52,1,1681,1680,1679,2,4,7,8,48,44
53,1656,1657,1681,1662,1679,1663,1648,1649,1675,8
54,1657,0,1661,1680,1662,1650,11,8,20,2
55,1657,0,1659,1662,1679,1678,1663,1676,1649,8
56,300,312,301,1640,1677,1676,49,47,46,6
57,4,1681,5,1679,1678,1677,1675,1674,6,8
58,1656,1657,1661,1680,1662,1648,1650,1676,23,22
59,1,2,3,4,5,1677,1676,6,49,46
60,1656,1658,1681,1659,1679,1660,1677,1661,1649,21
61,0,1681,1680,2,6,1677,7,8,9,47
62,2,1680,6,1678,1677,7,1675,1674,1673,5
63,1681,2,4,1678,7,1676,1675,1674,0,1673
64,0,2,6,7,8,9,11,50,48,47
65,1657,1664,56,1632,1658,1662,1663,1648,11,10
66,1,1681,1680,2,3,5,1676,7,8,1673
67,1656,1657,1681,1680,1660,1661,1677,1676,1649,8
68,0,1681,2,1679,1678,1677,4,1675,6,1673
69,1,1681,1680,4,5,1677,6,7,1674,8
70,1657,0,1658,1680,1679,1678,1677,1660,1661,1662
71,1657,0,1660,1661,1649,1650,8,21,2,1
72,1657,1664,56,1658,1662,1663,1648,0,9,10
73,312,339,1680,6,10,1677,1676,49,48,47
74,1,2,1680,1679,6,1677,1676,7,8,46
75,3,1681,5,1679,1678,9,10,1675,48,46
76,0,1681,1680,1679,1678,4,5,1675,1674,6
77,1,1681,1680,1679,1678,1677,1676,1675,1674,1673
78,1657,1659,1681,1662,1679,1678,1663,1676,1648,23
79,1677,1676,1272,1674,1077,1270,1671,1269,886,1668
80,1,1680,3,7,1677,1676,47,46,57,2
81,0,1,1680,2,3,1677,1676,5,1674,1673
82,0,2,6,1679,7,1677,51,49,48,47
83,1657,1658,1660,1680,1661,1662,1677,1676,1648,1674
84,1664,0,1681,2,1679,1678,4,7,1665,816
85,1,1681,1680,2,1678,4,5,1675,1674,48
86,1657,1664,56,1658,1659,1660,1662,1663,1648,8
87,1667,1659,0,1681,1660,1679,821,818,800,814
88,24,26,1656,28,30,1680,31,16,17,54
89,0,1681,1680,5,1678,6,1676,1675,1674,1673
90,1661,0,1662,1680,1663,1678,1650,1676,9,8
91,1656,1657,1660,1680,1661,1662,1677,1676,1649,8
92,0,1,1680,4,1678,5,1676,1675,1674,6
93,1656,0,1657,1659,1660,1661,1677,1676,1675,8
94,1656,1660,1681,1680,1679,1678,1677,1661,1675,1674
95,0,1681,2,4,1678,1677,6,1675,1674,1673
96,10,1,1680,1679,5,8,1676,1675,1674,48
97,0,1681,2,1679,1678,4,6,1675,7,8
98,11,41,6,1679,1678,7,9,1675,48,47
99,57,1632,24,59,60,61,62,1680,1679,63
100,1656,1660,1650,1652,13,12,9,5,3,2
101,1663,1648,1650,1651,13,5,4,2,1,93
102,1,1681,1680,1679,4,1677,1676,6,1674,7
103,876,1676,1057,1269,1056,1672,1671,1670,1669,1668
104,1663,0,1681,1650,1651,1652,11,10,9,23
105,0,4,5,6,1678,1677,1676,9,1674,45
106,1663,0,1681,1680,1679,2,1677,1676,1675,1674
107,1471,813,1675,1674,810,1672,806,1670,802,1668
108,1,4,60,7,13,52,50,49,48,47
109,1656,1658,1681,1659,1679,1660,1677,1661,1648,21
110,36,1659,0,787,768,780,779,778,824,772
111,0,2,1680,4,5,6,1676,1675,1674,8
112,1667,1656,1657,1658,1680,1660,1661,1662,1649,20
113,1,2,1680,3,4,5,1676,1675,1674,1673
114,1656,1659,1681,1660,1679,1678,1677,1676,1661,1663
115,1656,0,1657,1680,1679,1658,1660,1676,1661,1662
116,1658,1661,1681,1680,1679,1662,1677,1663,1648,8
117,0,1,1680,2,14,1677,1676,5,6,7
118,1,1681,1680,1679,2,1677,1676,3,5,7
119,33,35,0,1681,37,1679,39,1677,40,1648
120,1,1681,1680,1679,2,1677,1676,3,7,1673
121,1665,1664,56,1657,1659,1660,1661,0,1662,1663
122,3,4,6,10,1678,1677,11,50,48,47
123,0,1681,4,5,7,9,1676,1675,1674,48
124,0,1681,1680,4,1678,1677,5,6,1674,1673
125,0,1681,1680,2,4,6,7,9,49,48
126,1677,852,1675,1674,851,1672,850,849,36,847
127,0,1,4,6,1678,52,51,50,49,48
128,1,1681,1680,1679,3,8,1676,10,44,43
129,0,1681,4,1679,1678,8,9,1675,48,45
130,0,1681,1,2,1678,4,1676,6,7,1673
131,1656,0,1657,1680,1660,1661,1662,1676,1649,8
132,1656,1660,1661,1663,1679,1678,1677,1676,1648,8
133,1,1681,1680,1679,3,1677,1676,1675,1674,5
134,1677,763,1675,756,754,1672,1671,1670,751,749
135,57,1632,24,32,58,59,60,1680,61,63
136,0,1681,2,1679,1678,1677,8,1675,48,44
137,58,59,24,32,62,63,49,50,1640,1655
138,1658,0,1681,1659,1660,1678,1663,1649,8,19
139,1,2,1680,1679,6,1677,7,8,46,44
140,1661,1664,56,1662,1663,1650,1651,10,9,8
141,0,1681,2,1679,1678,5,7,1675,9,48
142,1656,1657,1659,1680,1660,1661,1677,1676,1662,1674
143,1656,1657,1681,1680,1679,1658,1677,1660,1661,1674
144,1,3,1680,5,1678,9,1676,1675,1674,47
145,1656,0,1657,1658,1679,1678,1677,1660,1661,8
146,0,1681,2,1679,1678,4,7,1675,8,1673
147,1656,1662,1681,1680,1679,1678,1663,1648,9,1
148,0,1681,1680,1679,1678,5,10,1675,48,47
149,3,5,6,1679,1678,1677,1676,7,1674,1673
150,1656,1658,1681,1660,1679,1678,1677,1661,1663,8
151,58,49,24,32,50,51,1642,1655,1654,1652
152,1656,1658,1659,1660,1661,1662,1677,1676,1663,1648
153,0,1681,1680,1679,1678,2,3,1675,4,5
154,0,2,1680,4,7,11,51,50,48,47
155,4,5,1680,6,1678,11,50,49,48,47
156,1657,1664,56,1658,1662,1663,1648,1650,9,13
157,2,5,1680,1679,1677,8,1675,9,48,6
158,1657,0,1658,1680,1679,1678,1662,1676,1663,1674
159,1656,0,1681,1657,1679,1658,1660,1661,1662,8
160,0,2,3,4,1678,5,6,9,1674,48
161,1471,1214,1008,869,1211,1672,1671,1210,889,1668
162,0,1,6,1679,1678,52,50,49,48,47
163,1656,1660,1661,1680,1679,1678,1677,1676,1662,1648
164,2,3,1680,1679,4,5,8,1675,9,44
165,0,1681,2,4,1678,5,7,1675,9,48
166,1667,26,1665,1664,30,1632,17,32,55,51
167,33,34,0,35,37,39,1650,1648,1645,1659
168,4,1681,1680,1679,1678,1677,6,1675,1674,1673
169,1471,958,901,1288,1069,1286,1671,1285,956,1668
170,1,3,1680,5,6,1677,1676,9,49,47
171,1660,0,1661,1662,1663,1648,1677,1676,9,8
172,0,1,2,1679,1678,1677,1676,1675,1674,1673
173,25,26,1656,28,31,1680,1679,16,1677,55
174,1,5,13,52,49,48,61,60,57,69
175,0,2,5,9,11,52,51,49,48,47
176,0,1681,2,1679,4,1677,7,8,9,43
177,1,2,1680,1679,1678,1677,1676,6,7,1673
178,0,1681,4,6,1678,7,9,1675,1674,48
179,1,1681,1680,2,4,1677,1676,6,7,8
180,1681,1,4,5,6,49,48,46,0,45
181,36,37,10,1681,38,1679,1678,39,40,1675
182,2,5,6,1679,1678,1677,10,1675,49,48
183,1657,1662,1663,1648,1651,1678,1677,10,23,22
184,0,1681,3,4,1678,5,6,1675,1674,48
185,57,1668,1667,1666,58,1664,59,1632,60,62
186,1660,0,1681,1663,1648,1678,1649,9,8,2
187,1659,1662,1663,1680,1648,1678,1651,20,19,10
188,1656,1657,1659,1660,1661,1662,1663,1676,1648,18
189,1656,1660,1681,1663,1679,1678,1677,9,8,23
190,34,1657,0,1681,1663,1679,1678,1649,1650,9
191,36,1665,1664,37,38,39,40,1649,1648,1647
192,0,1681,1,1679,1678,2,1676,1675,3,4
193,0,1681,4,1679,1678,1677,10,1675,48,47
194,0,1,1680,1679,1678,3,1676,1675,1674,1673
195,34,35,0,37,38,39,40,1650,1647,1645
196,0,1,1680,1679,1678,1677,1676,1675,1674,1673
197,1,2,1680,13,7,1677,1676,1675,47,42
198,1656,0,1681,1658,1679,1678,1677,1659,1660,1661
199,1,1681,1680,4,1678,5,1676,1675,1674,1673
200,0,1680,2,1678,1677,1676,1675,1674,1673,1
201,0,2,6,7,1678,1677,9,1675,1674,48
202,1,1681,1680,1679,1678,3,1676,5,1674,8
203,2,1681,1680,1679,1678,1677,3,1675,1674,1673
204,0,2,1680,3,5,1677,6,7,8,1673
205,0,1,2,5,6,1677,1676,8,9,48
206,0,1681,1,1679,1678,1677,1676,1675,2,1673
207,0,1,4,6,1678,52,49,48,47,46
208,0,1681,1,2,1678,7,1676,1675,1674,8
209,1657,1662,1663,1648,1651,1678,11,9,23,20
210,2,5,1680,6,13,52,51,50,49,48
211,0,4,6,1679,1678,1677,1676,1675,1674,1673
212,11,1681,1680,1679,1678,1677,4,1675,1674,5
213,1,3,1680,1679,5,1677,1676,6,1674,1673
214,0,1681,1680,2,3,1676,8,1674,1673,7
215,1663,0,1648,1650,1651,1678,11,10,9,90
216,1677,1676,1071,1674,959,1069,1068,853,1669,1668
217,1,1681,1680,3,5,1677,1676,1675,1674,1673
218,0,1,2,6,1677,1676,7,1674,1673,3
219,0,1,2,5,1678,8,1676,1675,9,48
220,61,62,1667,163,50,1664,51,1642,1654,1651
221,124,1656,30,16,18,1679,1678,40,55,27
222,1656,0,1657,1680,1658,1660,1677,1661,1662,1648
223,0,1681,4,5,6,11,50,48,47,56
224,3,4,1680,5,1678,6,9,1675,1674,48
225,1677,818,817,815,814,1672,1671,813,810,1668
226,1662,1663,1681,1680,1679,1678,1651,10,9,8
227,1,1681,1680,1679,3,1677,1676,1675,1674,1673
228,1656,0,1657,1660,1663,1649,1650,1676,9,8
229,1658,0,1681,1659,1660,1678,1677,1661,1675,1663
230,0,2,1680,3,5,8,9,50,47,46
231,56,1632,24,32,57,0,59,60,62,63
232,1656,0,1659,1663,1648,12,10,22,3,1
233,3,1680,1679,5,7,1676,8,9,47,110
234,0,1681,2,1679,1678,6,7,8,49,48
235,1,1681,1680,4,6,11,48,47,45,59
236,0,1681,2,4,5,6,9,50,49,48
237,1,1681,1680,1679,1678,2,1676,1675,1674,3
238,32,36,0,37,40,41,1678,1677,1648,1647
239,4,1681,6,1679,1678,1677,7,50,49,47
240,1661,1663,1681,1680,1679,1678,1677,1650,8,23
241,2,3,1680,1679,5,1677,8,9,47,46
242,1471,926,1254,1253,1023,1251,865,1249,1021,1668
243,1657,0,1681,1659,1679,1663,1648,1649,1675,8
244,0,1681,2,4,6,1677,8,1675,45,44
245,1681,1680,1679,3,1677,5,6,48,2,47
246,1657,0,1681,1661,1648,1649,1677,1650,9,8
247,1229,1676,1228,1227,921,1225,1019,1670,1669,1668
248,1657,22,1658,56,1632,1650,32,11,10,20
249,4,1681,1680,1679,1678,5,6,1675,9,48
250,25,26,1656,30,16,1680,17,42,54,53
251,56,57,24,32,58,59,62,1680,49,1655
252,1677,1676,1044,895,1042,1672,1671,1242,1669,1668
253,1656,1660,1663,1648,1679,1678,1677,1676,1649,8
254,0,4,5,6,1678,11,50,49,48,47
255,1659,10,1660,1663,1679,1678,1677,1676,1675,8
256,1,3,1680,5,8,12,46,45,59,57
257,1,3,1680,5,8,12,46,45,59,57
258,1,2,1680,1679,1678,4,5,1675,1674,6
259,1656,1658,1660,1661,1648,1678,1677,1649,8,21
260,1,1681,1680,1679,1678,3,4,1675,1674,5
261,0,1681,2,1679,4,1677,6,1675,7,1673
262,1471,1676,1051,867,853,1258,1257,1048,1255,1254
263,0,1681,2,6,1678,7,8,1675,1674,1673
264,1,1681,4,1679,1678,1677,1676,1675,1674,1673
265,0,1681,4,6,1678,11,51,50,49,48
266,1656,1657,1658,1680,1679,1678,1660,1676,1675,1674
267,1,1681,1680,3,4,1677,7,50,44,58
268,1656,1658,1681,1680,1679,1660,1661,1662,1648,8
269,0,1,2,7,1678,8,1676,1675,1674,48
270,1656,0,1657,1658,1679,1678,1677,1660,1648,1674
271,1656,1657,1681,1658,1679,1678,1677,1660,1663,1648
272,1,1681,1680,4,5,6,11,49,48,47
273,1,2,1680,3,1678,5,1676,1675,1674,48
274,1,3,1680,5,6,1677,1676,50,49,48
275,25,27,1656,28,30,16,1679,1678,40,55
276,1,1681,1680,5,1678,1677,1676,1675,1674,1673
277,0,1681,2,1679,1678,4,6,1675,7,1673
278,0,1,2,6,1678,1677,1676,1675,1674,1673
279,1656,1658,1660,1661,1662,1663,1677,1648,1649,8
280,1656,1662,1681,1680,1679,1678,1663,10,9,8
281,1471,1676,1675,1674,1673,921,1231,1670,1669,1668
282,0,1,1680,2,1678,3,1676,1675,1674,5
283,1471,1073,1273,1674,1072,1071,1270,904,1669,1668
284,0,1,1680,2,6,7,1676,8,9,47
285,1656,1658,1681,1660,1679,1678,1677,1648,8,18
286,0,1,8,1679,1678,1677,1676,1675,9,48
287,0,2,1680,5,1678,6,1676,7,1674,1673
288,1658,1659,1681,1662,1663,1648,1650,23,22,20
289,1,1681,1680,3,1678,4,1676,5,1674,45
290,1677,1676,1069,1272,957,1270,1671,956,1066,1668
291,0,1681,2,4,1678,7,8,1675,9,48
292,0,1681,1680,1679,1678,2,5,1675,1674,1673
293,1,1681,1680,1679,2,3,8,9,46,44
294,0,1681,2,4,1678,1677,5,1675,6,1673
295,1,1681,1680,1679,1678,1677,2,1675,1674,1673
296,2,1681,1680,3,7,8,1676,1675,1674,1673
297,0,1,1680,2,4,6,1676,7,49,48
298,1,1681,1680,4,1678,1677,5,1675,1674,1673
299,1,5,1680,6,13,52,50,49,48,47
300,1656,0,1681,1657,1679,1658,1650,23,21,20
301,1656,1657,1658,1680,1660,1661,1677,1650,8,23
302,0,1681,1680,1679,3,4,8,1675,1674,47
303,1657,0,1681,1659,1679,1678,1663,1649,1675,8
304,1,2,1680,1679,1678,1677,1676,1675,1674,1673
305,7,9,14,52,50,48,47,61,60,59
306,0,1,1680,5,6,1677,1676,1675,1674,1673
307,0,1681,1680,1679,1678,2,6,1675,7,1673
308,1659,0,1681,1661,1662,1678,1663,1676,1648,1674
309,1,1681,1680,1679,1678,1677,3,1675,1674,1673
310,1658,1661,1662,1680,1663,1648,1650,9,8,21
311,0,1681,1680,1,2,1677,1676,7,8,1673
312,0,1,1680,2,3,5,1676,1675,1674,1673
313,1,3,1680,1679,1678,1677,1676,1675,1674,1673
314,1665,1664,56,1632,1657,32,1658,0,1660,1662
315,1633,24,32,1636,1641,1642,1643,17,15,14
316,1656,1657,1658,1680,1679,1662,1648,1676,22,20
317,0,2,1680,3,5,6,1676,8,9,46
318,1656,1663,1681,1680,1679,1648,1650,1676,23,22
319,1656,0,1657,1658,1660,1661,1677,1649,9,8
320,1656,0,1681,1657,1658,1660,1661,1648,1649,8
321,1,1681,1680,1679,1678,1677,4,6,1674,48
322,0,1681,1,1679,1678,2,1676,3,5,7
323,2,3,1680,6,7,1677,8,1675,9,47
324,1659,0,1681,1663,1679,1678,1648,1650,22,20
325,1657,0,1658,1659,1679,1678,1663,1676,1648,20
326,0,2,4,6,7,1677,8,1675,9,48
327,24,25,1656,26,30,1680,16,53,51,34
328,37,39,0,1681,43,1679,1678,1650,1649,1648
329,1,1681,1680,1679,2,3,1676,1675,4,5
330,1,2,1680,3,6,1677,50,47,46,45
331,34,36,0,37,38,40,1678,41,1676,1647
332,2,1681,4,1679,1678,5,6,1675,9,48
333,1,3,1680,1679,1678,5,1676,1675,1674,1673
334,1656,1658,1681,1659,1679,1660,1677,1663,1648,8
335,2,1681,1680,1679,1678,1677,4,1675,1674,1673
336,0,1681,1680,1679,2,5,6,1675,8,48
337,1656,1663,1650,1680,1679,1652,11,10,23,22
338,1656,1659,1681,1660,1679,1661,1677,1676,1662,1663
339,0,1681,1680,2,5,6,7,1675,1674,48
340,1656,1658,1681,1659,1679,1678,1677,1660,1675,1663
341,1,1681,1680,1679,3,1677,1676,1675,5,1673
342,1,1681,1680,1679,1678,1677,1676,1675,1674,1673
343,1656,1663,1681,1648,1679,1678,1651,10,9,8
344,1,1681,1680,1679,1678,4,5,1675,1674,6
345,1658,0,1663,1648,1679,1678,1650,9,8,19
346,1677,1676,888,1674,1663,1662,1671,885,1669,1660
347,1657,1658,1660,1661,1662,1648,1677,1650,9,8
348,0,1681,1680,1679,1678,1,1676,1675,1674,1673
349,1669,61,1667,63,50,1664,51,1642,1640,1654
350,0,1681,2,1679,1678,7,8,1675,9,48
351,1,1681,1680,1679,3,1677,7,1675,1674,1673
352,1,3,1680,1679,5,8,1676,48,46,45
353,1,1681,2,4,1678,1677,1676,1675,1674,1673
354,0,2,4,5,6,1677,1676,7,8,44
355,0,6,1680,7,8,1677,9,1675,1674,48
356,1656,0,1681,1658,1679,1678,1677,1676,1659,1663
357,1656,1660,1681,1680,1679,1678,1677,1661,1649,8
358,2,5,6,9,1678,52,50,49,48,47
359,0,1,1680,1679,1678,1677,4,1675,1674,1673
360,0,2,5,1679,1678,6,1676,1675,9,48
361,1656,1658,1681,1660,1679,1678,1677,1663,1648,1674
362,0,2,1680,4,6,7,8,50,48,44
363,1665,1664,56,1661,1662,1663,1650,9,8,23
364,3,1681,1680,5,6,1677,11,47,46,43
365,1656,1658,1681,1660,1679,1661,1663,1648,1649,8
366,0,1681,1680,1679,1678,1,1676,1675,1674,2
367,0,1681,1,1679,1678,1677,1676,1675,1674,1673
368,3,1681,1680,1679,1678,1677,4,1675,1674,5
369,3,1681,1680,1679,1678,10,11,48,47,46
370,1,1681,1680,1679,1678,2,3,1675,4,8
371,0,1681,3,1679,1678,1677,1676,1675,1674,5
372,3,56,1632,24,8,1656,10,47,46,43
373,0,1681,2,3,7,1677,1676,1675,9,48
374,1664,56,1632,3,6,10,11,50,49,47
375,0,1681,1680,1,1678,2,1676,1675,1674,5
376,24,32,1656,25,26,27,1679,1678,1677,29
377,1657,0,1681,1658,1679,1663,1677,1650,23,22
378,1,3,1680,1679,1678,1677,1676,5,1674,1673
379,0,1681,4,6,7,11,51,50,48,47
380,0,2,3,1679,7,1677,1676,1675,8,1673
381,1677,1676,1675,1674,1673,1236,945,1234,1047,893
382,1,1681,1680,1679,1678,1677,4,1675,1674,1673
383,0,3,5,9,53,52,50,49,48,47
384,0,1,2,4,1678,1677,1676,1675,1674,1673
385,56,59,24,62,48,49,50,1642,1655,1652
386,0,1681,2,1679,1678,5,6,1675,9,48
387,0,1681,1,1679,1678,3,1676,1675,1674,1673
388,1656,0,1681,1680,1660,1661,1662,1649,9,8
389,1657,0,1658,1659,1679,1678,1677,1676,1660,1661
390,1656,1657,1661,1680,1679,1662,1648,1676,1649,8
391,0,1,2,1679,1678,6,1676,1675,1674,1673
392,0,1,1680,2,3,4,1676,5,1674,48
393,0,1681,1680,1679,1678,2,7,1675,8,48
394,0,1681,1680,2,3,7,8,1675,48,42
395,1,1681,1680,1679,1678,3,5,1675,1674,7
396,1,2,1680,3,5,6,1676,49,48,47
397,0,1681,1680,1,1678,2,1676,1675,1674,4
398,1659,0,1681,1661,1679,1663,1648,1676,1649,8
399,1,2,1680,4,6,12,49,48,46,45
400,1,1681,1680,3,4,1677,5,6,45,44
401,25,27,1656,0,28,1680,30,31,41,40
402,0,1681,2,4,1678,5,6,8,9,48
403,2,6,1680,1679,1678,1677,1676,7,1674,1673
404,0,1,2,4,6,1677,1676,7,8,1673
405,0,1681,4,1679,1678,1677,6,1675,1674,1673
406,0,1681,1680,1679,1678,2,1676,1675,3,1673
407,2,3,1680,4,7,1677,8,1675,1674,1673
408,1656,0,1657,1658,1660,1661,1650,1676,9,8
409,1656,1660,1661,1680,1679,1662,1649,1676,9,8
410,0,1681,4,5,1678,9,1676,1675,1674,48
411,24,25,1656,27,28,30,1679,1678,1677,16
412,0,1681,2,4,1678,5,1676,1675,1674,6
413,0,1,2,5,1678,1677,1676,1675,6,8
414,1,1681,1680,1679,1678,1677,2,4,1674,1673
415,2,1681,4,5,1678,6,50,49,48,45
416,37,38,0,1681,40,43,1650,1647,1645,1659
417,1,2,1680,1679,3,1677,1676,7,1674,1673
418,3,4,1680,6,10,1677,11,50,47,54
419,0,1681,1680,1679,1678,1,2,1675,1674,1673
420,0,2,8,9,53,52,50,46,60,59
421,1,2,1680,3,5,12,47,46,59,57
422,1656,1657,1658,1680,1660,1661,1677,1662,1675,8
423,0,1681,2,1679,1678,4,6,1675,48,45
424,1,3,1680,4,5,1677,1676,1675,1674,1673
425,1,2,1680,3,1678,5,6,8,1674,47
426,1656,0,1657,1658,1679,1678,1659,1676,1675,1648
427,1660,0,1681,1663,1651,1678,10,9,8,23
428,0,1,2,6,7,1677,1676,8,49,46
429,1471,814,1675,813,812,1672,810,807,805,801
430,1656,1657,1661,1680,1662,1648,1677,1676,8,23
431,4,5,6,1679,13,50,49,48,45,60
432,33,34,0,35,36,37,39,40,1676,1641
433,1658,1664,56,1632,1659,1660,1663,0,1649,8
434,1656,1657,1681,1680,1679,1658,1677,1660,1649,8
435,1,4,1680,5,6,1677,1676,49,48,46
436,1,3,1680,1679,6,1677,1676,1675,1674,1673
437,0,1,2,5,1678,1677,1676,6,8,1673
438,2,3,1680,1679,7,1677,50,48,47,46
439,1656,0,1657,1680,1679,1660,1661,1676,1662,1663
440,1,1681,1680,1679,1678,3,1676,1675,1674,1673
441,2,1681,1680,4,6,1677,7,50,48,47
442,1656,1657,1659,1663,1679,1678,1677,1676,1675,1674
443,1656,0,1681,1657,1679,1658,1659,1660,1663,8
444,0,2,1680,1679,1678,7,1676,1675,8,1673
445,0,1681,2,4,1678,1677,5,1675,1674,1673
446,0,1681,2,1679,4,6,8,1675,9,48
447,0,5,1680,6,1678,7,1676,9,1674,47
448,57,1668,1667,59,60,1664,61,1632,62,63
449,1,2,1680,1679,1678,1677,4,1675,6,1673
450,1,5,1680,1679,1678,6,1676,7,49,48
451,1677,777,775,773,772,1672,1671,770,768,767
452,1656,1658,1681,1660,1679,1678,1677,1663,1648,8
453,1657,0,1662,1680,1650,12,11,10,8,21
454,36,37,0,1681,38,1679,1678,39,40,1675
455,1657,0,1661,1680,1662,1650,11,21,20,1
456,0,1681,2,4,1678,6,7,1675,1674,48
457,33,1656,0,34,35,36,37,1677,1676,1675
458,1657,0,1658,1649,1679,1650,11,9,8,23
459,3,1681,5,1679,1678,1677,8,1675,1674,1673
460,1,2,1680,1679,1678,1677,1676,1675,1674,1673
461,0,1681,4,1679,1678,5,6,1675,1674,1673
462,4,1681,1680,5,1678,1677,6,1675,1674,1673
463,1656,1658,1681,1660,1679,1678,1677,1663,1648,8
464,0,1681,2,1679,3,5,1676,1675,7,8
465,0,2,7,1679,1678,10,11,50,48,47
466,2,3,1680,5,9,10,50,48,47,46
467,1677,1676,1675,1674,806,804,1671,803,800,790
468,1656,1658,1681,1680,1679,1678,1662,1663,1649,20
469,1471,851,39,849,38,1672,1671,847,36,35
470,4,1681,1680,1679,1678,1677,6,7,1674,1673
471,0,2,1680,4,1678,6,7,1675,1674,48
472,32,1656,25,26,1680,27,30,1677,24,31
473,0,1,4,1679,1678,1677,1676,1675,1674,1673
474,24,25,1656,26,28,17,1679,55,54,53
475,1658,1664,56,1632,1660,1661,1662,1663,8,23
476,1,3,1680,6,7,1677,1676,10,47,46
477,1657,0,1658,1659,1663,1648,1677,1676,1675,1674
478,1663,1,1681,1680,873,886,884,879,893,892
479,1,2,1680,3,5,6,11,50,48,47
480,1658,1660,1681,1661,1662,1663,1677,1649,9,8
481,1658,0,1681,1663,1650,1678,1651,9,20,19
482,1656,1657,1658,1660,1679,1661,1677,1662,1663,1648
483,1,1681,5,1679,1678,1677,1676,1675,49,48
484,1,1681,1680,2,1678,4,5,1675,1674,1673
485,1656,0,1657,1658,1679,1678,1660,1661,1649,8
486,0,2,1680,3,1678,5,8,1675,1674,47
487,1656,1657,1681,1680,1679,1678,1658,1659,1675,1674
488,1665,0,1,1668,1679,1678,5,1676,1675,1674
489,1,4,1680,6,13,52,50,48,46,45
490,1669,1668,1667,57,58,1664,59,60,61,62
491,1656,1658,1681,1680,1679,1678,1660,1662,1663,1674
492,1662,0,1681,1663,1651,1678,9,1,1664,13
493,0,1681,1680,1679,1678,1677,6,1675,1674,1673
494,1,2,1680,1679,1678,5,1676,1675,7,8
495,1,1681,1680,1679,2,1677,1676,3,7,1673
496,1656,0,1657,1680,1679,1678,1662,1676,1648,1674
497,0,1681,4,1679,1678,6,7,10,49,47
498,1677,1676,856,53,1673,1672,1671,1670,1669,51
499,1,1681,1680,1679,4,5,6,1675,48,46
500,1,3,1680,5,1678,1677,1676,1675,1674,1673
501,3,1681,1680,5,8,1677,1676,1675,1674,1673
502,1,2,1680,3,6,1677,1676,1675,8,1673
503,4,6,1680,1679,1678,1677,7,1675,1674,1673
504,0,1681,1680,1679,1678,1,1676,1675,1674,1673
505,0,1,6,1679,1678,7,1676,1675,9,48
506,1657,1658,1681,1680,1679,1659,1677,1662,1675,1674
507,0,1681,2,4,7,1677,8,1675,48,45
508,1677,1676,882,1674,1285,1284,1671,1283,1282,1281
509,25,26,1656,27,28,30,1679,31,16,55
510,1656,0,1659,1660,1679,1661,1677,1676,1675,8
511,3,5,1680,9,1678,10,11,50,48,47
512,0,4,6,1679,1678,1677,10,1675,48,47
513,33,34,0,35,36,38,1678,40,1676,1648
514,1,3,5,1679,8,1677,1676,9,46,45
515,1660,1664,56,1662,1663,1648,1650,10,9,8
516,1659,1663,1681,1680,1648,1678,1651,10,9,8
517,11,14,1680,54,53,50,48,47,62,61
518,0,1681,3,1679,7,1677,11,48,56,53
519,1,2,1680,3,7,1677,1676,1675,8,1673
520,1,1681,1680,1679,1678,1677,1676,1675,1674,1673
521,0,1681,2,1679,7,1677,8,1675,9,48
522,1656,1657,1658,1680,1679,1660,1677,1676,1661,1662
523,0,1681,1,6,1678,7,1676,1675,1674,1673
524,0,2,6,8,9,52,51,50,49,48
525,1656,1657,1658,1659,1679,1660,1677,1676,1661,1662
526,3,7,8,13,53,61,60,56,69,64
527,0,1,1680,2,1678,4,5,6,9,48
528,1,1681,1680,1679,2,3,5,48,44,43
529,1,1681,1680,1679,1678,2,3,4,5,7
530,0,1681,1680,1679,6,1677,8,10,48,47
531,0,2,3,1679,1678,5,1676,1675,1674,7
532,0,1681,1680,1,1678,4,1676,1675,1674,1673
533,1,1681,1680,1679,3,5,10,47,46,43
534,1656,1658,1681,1680,1679,1659,1677,1660,1661,1662
535,0,2,5,8,1678,9,1676,1675,49,48
536,1657,1658,1660,1662,1679,1678,1677,1663,1648,1674
537,0,1681,6,1679,7,9,11,49,48,47
538,0,1,2,5,6,52,50,49,48,47
539,1667,843,858,855,854,853,851,864,862,840
540,1661,0,1663,1650,1653,12,9,8,23,22
541,56,60,24,32,61,0,49,50,1640,1653
542,0,1,7,1679,1678,9,1676,1675,1674,48
543,1660,0,1681,1662,1663,1650,1651,9,8,22
544,1656,0,1681,1657,1679,1678,1658,1661,1675,1648
545,34,1656,0,1681,36,1679,1678,38,1676,1675
546,1656,0,1681,1659,1679,1678,1677,1663,1675,1674
547,1656,1657,1658,1680,1660,1661,1677,1662,1648,1674
548,10,2,5,1679,1678,10,1676,1675,49,48
549,0,1681,2,4,1678,6,7,1675,1674,1673
550,1662,0,1681,1663,1651,1678,11,10,9,22
551,0,1,2,3,1678,5,1676,1675,1674,7
552,1656,1658,1681,1659,1679,1678,1677,1662,1675,1663
553,0,1681,2,4,1678,1677,1676,1675,7,1673
554,1677,740,1675,739,738,1672,736,735,733,732
555,0,1681,1680,2,1678,4,5,1675,1674,7
556,0,1,1680,2,3,5,1676,8,46,45
557,1,4,1680,1679,1678,5,6,1675,1674,48
558,1,2,1680,3,7,8,1676,46,43,57
559,1656,1657,1681,1680,1659,1660,1677,1676,1661,1674
560,3,1681,5,9,1678,1677,10,1675,47,46
561,3,6,7,13,1678,52,50,49,48,46
562,1,2,1680,3,6,1677,7,8,47,46
563,0,1681,2,1679,1678,1677,4,1675,6,1673
564,0,2,4,5,6,7,50,49,9,48
565,1,1681,1680,1679,1678,1677,1676,1675,1674,4
566,4,5,1680,6,1678,9,10,1675,49,48
567,25,32,1656,26,16,1680,1679,42,41,55
568,32,35,0,1681,36,1679,1678,37,38,1675
569,1,1681,3,1679,1678,5,1676,49,47,46
570,1657,268,113,49,11,136,284,0,1649,8
571,1659,0,1681,1661,1679,1678,1663,1648,23,19
572,1656,0,1660,1661,1679,1663,1648,1676,1649,8
573,0,4,1680,1679,6,1677,1676,7,1674,1673
574,2,1681,1680,1679,1678,3,4,1675,5,47
575,0,1613,407,188,1640,1677,4,1675,6,1673
576,1656,0,1681,1659,1679,1661,1677,1676,1648,8
577,0,1681,4,6,7,1677,11,50,48,56
578,0,1,1680,2,1678,1677,1676,5,1674,1673
579,1657,1658,1660,1661,1662,1663,1677,1648,1649,19
580,0,5,6,7,1678,9,1676,1675,1674,48
581,1658,0,11,474,301,314,99,356,1649,8
582,1669,3,5,1680,6,13,52,50,49,47
583,1,1681,1680,1679,1678,5,6,1675,1674,1673
584,2,1681,1680,1679,1678,3,4,1675,1674,1673
585,0,1681,4,5,1678,1677,6,8,1674,1673
586,3,1681,4,5,1678,1677,1676,9,1674,46
587,25,16,1656,17,20,1680,41,55,54,52
588,1656,0,1657,1658,1679,1678,1660,1676,1649,8
589,24,32,1656,0,26,29,1679,1678,1677,16
590,0,1681,1680,1679,1678,1,1676,1675,1674,1673
591,0,55,191,41,204,126,356,199,49,45
592,0,1681,2,3,4,5,7,9,49,47
593,1657,0,1681,1658,1679,1659,1662,1663,1649,20
594,1,1681,1680,2,1678,3,1676,1675,1674,1673
595,1471,894,1675,942,1259,1258,1671,941,1256,1668
596,0,323,314,8,514,41,9,581,11,1673
597,0,1681,1680,1,1678,5,1676,1675,1674,1673
598,2,3,1680,1679,5,1677,1676,1675,8,1673
599,1,1681,1680,3,4,5,1676,1675,1674,48
600,0,1681,1680,1679,1678,2,4,1675,5,8
601,1640,1613,1568,1620,992,1681,19,17,16,15
602,0,1681,2,1679,1678,4,1676,1675,6,1673
603,1657,1659,56,1662,1663,1648,1650,10,9,23
604,3,6,1680,1679,7,1677,1676,8,1674,1673
605,0,1,2,1679,1678,6,1676,1675,7,8
606,407,0,1681,1663,1648,1678,1650,10,9,1664
607,199,457,1253,1051,1673,1672,1671,1670,1669,1668
608,285,487,58,1662,1663,32,1650,0,9,22
609,0,1681,6,11,53,52,48,47,60,59
610,0,1681,4,1679,1678,1677,5,1675,1674,6
611,0,1681,4,5,6,11,48,58,57,56
612,3,5,1680,1679,6,1677,9,10,49,47
613,9,6,113,651,200,706,249,474,903,1674
614,480,49,510,473,407,123,47,172,656,1668
615,49,0,1681,1659,1661,1649,1650,1676,8,23
616,1,2,1680,3,5,1677,1676,6,1674,1673
617,1,6,1680,1679,1678,1677,1676,1675,1674,1673
618,1,1681,1680,1679,1678,2,1676,1675,3,5
619,1640,0,1681,1660,1679,1678,1663,1676,1648,8
620,41,149,32,1635,1636,1643,19,16,15,26
621,0,1,2,5,1678,7,1676,1675,1674,48
622,1656,1657,1658,1660,1679,1661,1677,1676,1662,1648
623,0,4,5,1679,1678,6,8,1675,1674,1673
624,11,49,173,1680,1660,1661,1677,1676,1662,1648
625,0,1,1680,2,3,5,1676,10,47,46
626,36,37,0,38,40,41,1678,1650,1648,1647
627,3,1681,4,1679,1678,5,9,48,45,44
628,1,1681,1680,3,4,1677,5,1675,48,42
629,1,3,1680,1679,1678,5,1676,6,1674,48
630,0,1,1680,2,1678,3,1676,1675,1674,5
631,1657,0,1681,1658,1659,1678,1663,1648,1675,1674
632,1,312,1620,1679,2,4,49,48,45,44
633,0,1,3,5,9,1677,1676,10,49,48
634,11,407,113,1680,1660,1661,1677,1676,1648,1674
635,0,1681,1680,2,3,1677,4,7,8,1673
636,3,1681,1680,4,6,1677,11,50,47,54
637,1656,0,1681,1659,1679,1678,1677,1660,1661,1674
638,4,5,6,1679,1678,1677,1676,8,1674,1673
639,0,1,1680,1679,1678,5,1676,1675,1674,48
640,651,113,921,1680,1679,1678,1677,1676,1675,1674
641,288,0,1681,1657,1679,1658,1677,1676,1659,1660
642,0,1681,4,6,8,1677,10,1675,45,44
643,1640,125,1681,1658,1679,1659,1677,1660,1663,1648
644,1,2,1680,1679,1678,1677,5,1675,7,1673
645,1656,0,1657,1660,1661,1648,1650,1676,9,8
646,0,1681,2,1679,4,1677,6,7,8,1673
647,24,32,1656,25,26,28,1679,29,1677,1676
648,2,3,1680,7,8,1677,1676,1675,1674,1673
649,1,2,1680,1679,1678,1677,3,5,1674,1673
650,1657,0,1681,1659,1663,1678,1649,1676,1675,8
651,288,1200,1620,1129,41,1568,581,612,1613,1661
652,0,1681,1680,1679,1,2,7,1675,8,48
653,0,1,2,7,1678,9,1676,1675,1674,48
654,1656,0,1681,1680,1679,1678,1648,1650,9,8
655,1471,788,785,1674,784,783,781,780,779,1668
656,2,3,1680,1679,1678,5,10,1675,48,47
657,0,1681,4,1679,1678,1677,1676,1675,1674,1673
658,1,1681,1680,2,3,5,9,49,48,47
659,4,1681,1680,1679,6,1677,7,8,45,44
660,2,1681,1680,1679,3,1677,7,8,42,55
661,301,323,314,1680,1679,1678,1677,1676,1675,1674
662,1656,1657,1658,1660,1648,1650,1677,1676,9,8
663,1,1681,1680,1679,3,1677,4,1675,1674,1673
664,0,2,4,6,1678,7,1676,1675,9,48
665,1656,1660,1662,1680,1650,12,11,10,22,3
666,0,4,1680,5,6,8,9,1675,1674,47
667,0,1681,1680,1679,2,6,7,1675,8,48
668,25,32,1656,26,27,29,1679,1678,1677,30
669,4,1681,1680,1679,1678,1677,5,6,1674,8
670,0,2,3,7,8,1677,1676,9,46,45
671,1656,1658,1681,1659,1660,1662,1677,1663,1648,8
672,1662,0,1681,1663,1679,1678,1677,2,1675,1674
673,0,2,6,8,9,1677,50,46,45,58
674,1,3,1680,4,1678,5,6,1675,1674,48
675,1658,1659,1660,1680,1662,1648,20,3,2,1
676,1,1681,1680,3,1678,1677,1676,1675,1674,1673
677,0,1681,4,7,10,11,1676,48,58,57
678,4,6,1680,13,53,52,50,49,48,47
679,0,4,6,14,53,52,50,49,48,47
680,57,1632,24,58,60,48,49,1680,1679,1655
681,1656,0,1681,1657,1679,1678,1659,1676,1675,1663
682,0,1,1680,2,1678,5,1676,6,1674,1673
683,1656,1658,1681,1660,1679,1678,1677,1663,1675,1648
684,1471,874,1675,1674,873,1672,1671,1635,1634,1668
685,880,1071,1070,1069,1068,1672,1273,970,1066,1270
686,4,1681,1680,1679,1678,1677,5,6,1674,1673
687,0,1681,1680,1,4,6,11,49,48,47
688,1656,0,1657,1680,1660,1661,1677,1676,8,23
689,1,1681,1680,1679,3,1677,5,10,46,45
690,0,1681,4,1679,1678,1677,6,1675,1674,1673
691,4,5,1680,6,1678,1677,9,50,49,46
692,0,1681,2,4,6,1677,7,8,48,45
693,0,1681,1680,1679,1678,2,4,1675,5,1673
694,1,1681,1680,1679,1678,2,4,1675,6,1673
695,1656,1657,1659,1680,1679,1663,1677,1676,1675,1674
696,1,1681,1680,3,1678,5,1676,1675,1674,48
697,32,1656,0,1681,37,1679,41,1677,1649,1646
698,1657,0,1660,1662,1663,1678,1648,1676,1649,18
699,56,1632,24,57,59,60,62,1680,49,1655
700,1669,1656,1657,1660,1661,1662,1648,1677,1676,9
701,0,3,5,7,9,52,50,49,48,47
702,0,1,2,1679,1678,3,1676,1675,5,1673
703,1,1681,1680,4,1678,5,1676,1675,1674,7
704,1657,1663,56,1632,1650,32,1651,10,8,23
705,1659,0,1681,1663,1648,1678,1649,1676,1675,8
706,3,1681,7,10,11,1677,1676,47,56,55
707,0,1681,4,6,1678,11,50,48,45,44
708,1656,1657,1663,1680,1679,1648,1649,1676,1675,8
709,0,1681,1,2,1678,1677,1676,4,6,1673
710,0,2,4,6,7,9,1676,50,49,48
711,56,58,24,32,59,0,61,62,48,1655
712,0,1681,4,6,1678,7,9,50,49,48
713,0,1,2,7,1678,8,1676,1675,9,48
714,0,4,1680,5,1678,6,1676,1675,1674,48
715,0,1,3,5,13,52,50,49,48,47
716,0,1,1680,2,3,1677,1676,5,1674,1673
717,1,1681,1680,3,1678,1677,4,1675,1674,1673
718,3,1681,1680,9,10,11,50,48,47,59
719,3,1681,10,1679,13,52,48,46,45,60
720,3,1681,4,5,1678,1677,6,7,1674,1673
721,2,1681,3,4,1678,1677,5,1675,8,1673
722,1,4,1680,5,1678,1677,1676,1675,1674,1673
723,1,10,1680,1679,11,12,48,47,46,45
724,1677,745,743,742,741,1672,1671,740,739,1668
725,0,1,1680,1679,5,1677,1676,1675,1674,1673
726,1656,1657,1681,1658,1679,1660,1677,1648,1649,23
727,1656,0,1681,1657,1679,1678,1677,1658,1659,1674
728,0,1681,1680,2,1678,3,1676,1675,5,1673
729,1656,1657,1662,1680,1679,1652,11,10,23,22
730,2,3,1680,1679,1678,5,7,1675,9,48
731,1657,1658,1681,1660,1679,1678,1677,1663,1648,18
732,0,1681,1,2,4,6,7,9,49,48
733,1656,1658,1681,1680,1679,1678,1677,1660,1675,1674
734,0,1681,2,1679,1678,4,1676,1675,1674,5
735,0,1,6,7,12,1677,50,49,48,47
736,0,1681,1680,1679,1678,2,3,1675,5,7
737,1,1681,4,1679,1678,7,10,1675,49,48
738,24,25,1656,26,28,29,31,17,1677,55
739,0,1681,1680,1679,1678,1677,1,1675,1674,1673
740,0,2,6,1679,1678,1677,1676,7,8,1673
741,0,1,1680,4,6,7,1676,8,1674,1673
742,1656,1658,1681,1660,1679,1678,1677,1661,1663,1648
743,2,3,1680,7,1678,1677,1676,1675,1674,1673
744,24,32,1656,26,30,1680,1679,16,1677,1676
745,3,5,1680,1679,8,10,11,48,47,43
746,0,1,2,3,7,1677,1676,1675,8,1673
747,0,3,1680,5,1678,7,1676,1675,1674,1673
748,1659,0,1681,1663,1648,1678,1649,1676,1675,8
749,1,1681,1680,3,1678,4,1676,1675,1674,1673
750,1656,0,1681,1657,1659,1678,1663,1676,1675,1674
751,1658,1659,1681,1663,1648,1678,1650,1676,20,1
752,2,3,1680,1679,1678,5,6,7,9,47
753,3,1681,5,7,1678,1677,1676,9,1674,48
754,1666,1656,0,1681,1657,1679,1658,1659,1648,1675
755,0,2,5,6,1678,7,1676,1675,1674,1673
756,1656,1657,1681,1662,1679,1663,1648,1650,9,8
757,0,1,2,1679,6,1677,7,1675,8,1673
758,1,1681,1680,1679,1678,5,10,1675,48,47
759,1656,0,1658,1659,1679,1660,1661,1649,8,21
760,1656,1657,1662,1680,1648,1649,1650,1676,9,8
761,0,1681,4,1679,6,1677,11,50,49,48
762,2,1681,1680,1679,3,1677,1676,1675,1674,1673
763,0,1681,4,6,52,49,48,46,61,56
764,1664,0,1681,4,1679,1678,5,6,8,1674
765,1677,1676,1246,936,1244,1672,1243,1032,1669,1031
766,1,1681,1680,1679,2,1677,1676,3,5,1673
767,1261,1676,1263,1674,1262,943,1055,1054,942,1668
768,1,1681,1680,1679,2,3,5,1675,8,45
769,0,1,1680,1679,1678,2,1676,1675,7,1673
770,0,1,1680,1679,6,1677,1676,1675,1674,1673
771,0,2,3,5,1678,7,1676,1675,1674,8
772,1,2,4,1679,1678,1677,1676,1675,1674,1673
773,2,3,7,1679,1678,9,50,49,48,47
774,0,1,1680,3,1678,5,1676,1675,1674,8
775,2,3,1680,6,1678,7,50,49,48,47
776,0,1681,2,3,1678,4,5,1675,8,48
777,1657,0,1662,1663,1650,1678,9,23,90,88
778,1,3,1680,1679,5,1677,1676,8,1674,1673
779,1,3,1680,1679,1678,1677,1676,1675,1674,5
780,1656,1659,1681,1660,1679,1661,1677,1676,1648,8
781,0,1681,1680,1679,1678,1,1676,1675,1674,4
782,0,3,4,5,1678,6,1676,7,1674,47
783,1656,0,1681,1658,1659,1660,1661,1676,1648,1674
784,2,1681,4,1679,1678,5,6,1675,1674,1673
785,1657,0,1681,1658,1679,1678,1659,1662,1663,1648
786,4,5,1680,6,7,11,50,49,48,47
787,3,1681,4,1679,13,48,46,45,59,56
788,1656,1659,1681,1663,1679,1678,1648,1649,1675,20
789,1,1681,2,1679,1678,1677,5,6,7,8
790,1,2,1680,1679,3,1677,1676,6,7,1673
791,1,2,1680,1679,3,1677,1676,5,7,8
792,1656,1657,1658,1680,1660,1661,1662,1676,1648,8
793,3,5,1680,9,11,1677,1676,50,46,45
794,0,1681,1680,1679,1678,1677,2,1675,1674,1673
795,1656,1657,1681,1659,1679,1660,1677,1662,1663,1674
796,0,2,6,9,1678,10,11,50,49,48
797,1677,1269,1052,1674,841,946,945,1048,1263,1668
798,0,1681,2,4,1678,6,7,1675,1674,1673
799,1660,0,1662,1663,1648,1678,1651,9,19,1664
800,2,1681,1680,3,1678,7,9,1675,48,47
801,3,5,1680,1679,6,1677,9,10,48,47
802,0,1681,1,4,1678,5,1676,1675,1674,7
803,0,2,1680,5,1678,6,7,1675,1674,48
804,0,2,5,8,1678,9,1676,1675,1674,48
805,1660,1661,1662,1663,1648,1650,1677,23,22,19
806,2,3,1680,5,1678,10,50,49,48,47
807,2,1681,1680,4,1678,5,6,1675,1674,1673
808,56,57,24,32,60,0,61,50,1641,1640
809,0,2,6,7,1678,1677,1676,1675,1674,1673
810,1,2,1680,1679,3,1677,1676,1675,5,8
811,0,1,4,5,6,52,49,48,47,46
812,0,1681,4,1679,1678,6,11,48,45,44
813,1,1681,1680,10,4,11,1676,49,48,47
814,3,1681,1680,1679,1678,1677,5,1675,1674,7
815,1659,0,1681,1663,1679,1648,1649,1676,9,8
816,2,1681,1680,1679,1678,1677,4,5,6,1673
817,0,1681,1680,4,1678,6,7,1675,1674,48
818,0,1681,2,3,5,7,1676,9,49,48
819,1261,44,854,853,852,1672,1671,43,850,849
820,0,4,6,7,9,11,1676,50,49,48
821,4,1681,1680,1679,1678,5,6,1675,1674,1673
822,0,1681,1680,2,3,4,7,8,48,44
823,1,2,1680,3,8,12,47,46,59,57
824,1656,1660,1662,1680,1679,1678,1677,1676,1648,1674
825,0,1681,2,1679,3,5,8,9,48,45
826,1659,0,1681,1663,1679,1678,1648,1649,1675,8
827,4,1681,1680,1679,1678,1677,5,1675,1674,6
828,1656,0,1657,1658,1660,1648,1649,1650,8,21
829,1657,0,1662,1680,1650,1678,10,9,8,22
830,1,6,1680,1679,53,52,49,48,47,46
831,1657,1658,1660,1680,1679,1661,1677,1662,9,8
832,0,1681,1,2,7,1677,1676,8,48,46
833,2,3,1680,1679,1678,5,9,1675,1674,48
834,1656,1657,1658,1680,1679,1660,1661,1676,1662,1648
835,1656,0,1657,1658,1679,1659,1677,1676,1660,1661
836,4,1681,1680,1679,1678,1677,6,7,1674,1673
837,0,1681,4,7,11,52,50,48,46,45
838,1656,1657,1660,1661,1679,1662,1677,1676,1648,8
839,1663,1648,56,1650,11,9,22,5,3,15
840,2,1681,3,1679,1678,1677,4,1675,7,1673
841,0,1681,4,7,1678,8,9,1675,48,45
842,0,2,3,8,9,1677,1676,1675,48,42
843,0,1681,2,4,1678,1677,6,1675,7,1673
844,0,1681,1,4,6,11,50,49,48,47
845,0,2,1680,5,6,8,9,1675,48,45
846,0,1,1680,2,3,4,1676,8,44,42
847,0,1,1680,1679,3,10,1676,1675,48,47
848,1677,1676,39,37,1673,1672,1671,1670,1669,1668
849,25,32,1656,26,27,1680,1679,28,30,31
850,1,2,1680,3,5,7,1676,48,47,46
851,0,2,3,1679,5,1677,7,8,9,47
852,0,3,1680,13,52,48,47,46,61,60
853,1,1681,1680,1679,1678,2,8,1675,48,45
854,1656,1659,1660,1663,1679,1678,1677,1676,1648,1674
855,2,1681,4,1679,1678,1677,5,1675,1674,6
856,1471,1676,1675,1674,839,837,836,833,832,830
857,1659,0,1649,1650,1651,1678,11,10,9,8
858,1261,1676,1675,1674,1228,1227,1015,1014,843,1668
859,0,1,2,4,1678,1677,1676,1675,1674,5
860,1261,1676,952,1674,1277,1276,46,1062,1273,1668
861,1677,1676,1246,1030,849,1243,1028,1670,1669,1668
862,1656,1657,1681,1680,1679,1658,1659,1676,1662,1648
863,1656,0,1681,1660,1679,1678,1677,1661,1663,8
864,1,2,1680,1679,3,1677,1676,7,47,42
865,1656,1658,1681,1660,1679,1678,1677,1661,1648,8
866,0,1681,2,1679,1678,3,5,8,9,48
867,1,4,1680,6,11,52,48,47,46,45
868,0,2,5,1679,8,9,1676,49,46,44
869,1,3,1680,1679,1678,1677,1676,1675,1674,5
870,0,2,4,6,1678,7,51,50,49,48
871,0,1681,2,1679,1678,5,6,1675,1674,48
872,0,1681,2,4,1678,1677,6,1675,1674,1673
873,1,1681,3,5,13,52,47,46,59,56
874,25,28,1656,30,31,1680,1679,1678,41,55
875,0,5,1680,6,7,9,11,50,49,48
876,0,1681,2,1679,1678,3,7,8,9,48
877,1,1681,1680,1679,1678,1677,1676,3,1674,5
878,0,1,1680,2,1678,1677,1676,1675,1674,1673
879,3,1681,4,1679,7,1677,1676,10,44,42
880,4,6,1680,11,13,52,48,47,45,60
881,0,1681,1,4,1678,5,1676,1675,1674,1673
882,1632,1633,32,1656,1636,1681,1638,1679,17,16
883,0,1,1680,2,1678,4,6,7,8,1673
884,1,1681,1680,1679,1678,1677,5,1675,1674,1673
885,0,1681,1680,1,3,5,1676,8,1674,1673
886,1,1681,1680,1679,1678,3,4,1675,5,48
887,0,1,1680,2,1678,5,1676,1675,1674,7
888,0,2,1680,1679,6,8,1676,48,46,45
889,0,1,2,5,1678,1677,1676,1675,1674,1673
890,1665,1664,56,1632,1659,32,1660,0,1661,1663
891,0,1,4,6,7,9,1676,50,49,48
892,0,1681,6,9,11,52,50,48,47,46
893,0,1681,2,1679,1678,4,5,1675,6,48
894,2,1681,1680,3,1678,1677,5,1675,8,1673
895,2,1681,4,1679,1678,1677,5,1675,6,1673
896,0,2,4,6,7,52,51,50,49,48
897,933,1030,1240,1239,1029,1672,1671,1237,1028,1668
898,0,1681,2,1679,6,1677,48,46,45,44
899,1261,860,875,1288,1068,1672,1286,1285,959,1668
900,1656,0,1681,1658,1679,1678,1677,1660,1661,1663
901,1656,0,1657,1658,1660,1661,1677,1676,1649,8
902,1656,1657,1660,1661,1679,1662,1663,1676,1648,8
903,1657,0,1658,1663,1648,1650,11,8,22,1
904,0,1681,1680,1679,1678,1,1676,1675,1674,2
905,0,1681,2,1679,8,1677,1676,1675,48,46
906,1665,1664,56,1657,1658,1660,1661,1662,1663,1648
907,1229,1676,1228,880,923,1225,1022,1670,1669,1668
908,0,1,1680,2,3,7,1676,1675,1674,1673
909,0,1681,1680,3,4,5,6,49,47,46
910,0,2,3,7,8,1677,1676,9,43,42
911,3,4,1680,1679,1678,5,6,7,1674,47
912,0,2,1680,3,7,9,1676,1675,1674,47
913,1656,0,1681,1680,1657,1658,1660,1662,1649,8
914,1677,947,1250,1040,1673,1672,1671,1670,1669,1668
915,3,1681,5,1679,8,1677,1676,1675,1674,1673
916,0,2,3,1679,1678,1677,1676,5,6,1673
917,1,3,1680,4,1678,1677,1676,1675,1674,1673
918,1,3,1680,5,9,10,1676,1675,48,47
919,0,1681,2,4,7,1677,8,9,44,43
920,0,1681,1,4,1678,8,1676,1675,1674,1673
921,0,1681,4,8,1678,1677,1676,1675,1674,1673
922,0,1681,7,13,53,52,48,61,60,59
923,2,3,1680,5,6,7,9,10,49,48
924,1656,0,1681,1657,1658,1659,1648,1649,8,21
925,1656,1657,1681,1658,1660,1648,1650,1676,20,19
926,1658,1663,1681,1680,1679,1649,1650,10,9,8
927,0,1681,2,3,1678,4,5,1675,7,8
928,1,2,1680,1679,1678,1677,1676,1675,1674,1673
929,56,57,24,32,58,0,59,60,61,1655
930,1656,1658,1659,1660,1663,1678,1677,1676,1648,1674
931,1,2,3,1679,7,1677,1676,1675,8,1673
932,2,3,1680,7,9,1677,10,50,47,46
933,1677,1676,1675,1674,1285,852,1671,1283,1282,1668
934,1656,0,1681,1657,1679,1678,1677,1676,1658,1659
935,1656,1658,1681,1680,1679,1659,1677,1660,1662,1648
936,1,4,5,6,1678,1677,50,49,48,45
937,34,35,0,36,37,39,40,1650,1649,1658
938,1658,0,1681,1659,1663,1648,1650,20,1664,15
939,0,1681,1680,1679,1,2,11,48,47,58
940,1664,56,1632,1,2,1656,3,7,8,1679
941,1677,965,1256,1255,863,1253,1671,1252,1251,1668
942,0,1681,1680,2,1678,4,5,1675,1674,1673
