0,0,1681,2,3,1678,6,8,9,49,47
1,0,1681,5,1679,7,1677,8,9,49,47
2,1669,1657,0,1670,1661,1672,1678,1663,10,1673
3,0,1,2,3,1678,4,1676,6,1674,7
4,1670,3,8,1671,11,52,51,50,48,61
5,0,1,1680,3,5,6,1676,1675,1674,8
6,1,2,3,6,7,8,1676,9,1674,47
7,2,4,1680,1679,5,8,1676,1675,47,46
8,0,1681,5,1679,6,7,8,50,49,45
9,1,2,5,1679,8,9,1676,1675,1674,46
10,0,1,1680,3,1678,4,8,48,47,43
11,1657,0,1681,1680,1679,1660,1663,1676,1675,1648
12,839,838,835,834,833,16,13,810,824,823
13,5,6,8,10,11,12,51,50,49,47
14,0,2,1680,4,5,7,10,49,48,46
15,1261,1676,1191,1674,1190,1672,126,897,1669,1668
16,2,6,7,8,11,51,50,48,47,55
17,3,8,9,1679,51,50,61,56,69,68
18,1673,1,4,5,1679,7,10,49,48,46
19,1,1681,1680,1679,1678,1677,1676,1675,3,1673
20,1677,1676,1297,1674,987,1672,1671,1295,167,1293
21,0,1,1680,6,7,10,1676,49,48,46
22,39,1656,0,1668,1659,1679,1660,1661,1676,1675
23,1677,1676,1675,944,1673,127,1671,1670,1669,120
24,0,1,1680,3,1678,4,7,50,49,48
25,1,2,4,5,7,8,1676,9,1674,46
26,1,1681,4,6,1678,7,10,49,48,56
27,0,1,2,3,4,1677,6,7,1674,8
28,0,1,1680,2,1678,3,1676,4,1674,7
29,1666,1668,2,1669,3,4,5,6,8,1674
30,2,5,1680,1679,8,10,1676,1675,47,46
31,1668,1656,1659,1663,1648,1650,1678,1651,21,20
32,1656,0,1681,1659,1660,1678,1677,1676,1663,8
33,2,5,6,1679,7,52,50,47,45,60
34,6,7,1680,1679,11,12,51,50,48,47
35,1663,0,1681,751,766,763,762,773,770,13
36,0,1681,1,2,8,9,1676,10,49,42
37,1656,0,1681,1658,1662,1678,1677,1676,1675,1663
38,1666,1656,1661,1663,1648,1679,1670,1677,762,761
39,1658,1661,1663,1680,1648,1678,1651,10,20,19
40,1656,1659,1661,1680,1662,1678,1677,1676,1675,1663
41,0,1,2,4,1678,5,1676,1675,1674,1673
42,0,1,2,3,1678,4,6,7,1674,8
43,1656,0,1681,1657,1660,1678,1677,1676,1675,1674
44,1665,0,1,3,5,6,839,838,834,833
45,0,1681,1,2,1678,4,1676,1675,5,1673
46,0,1681,7,1679,1678,11,1676,49,48,57
47,0,1681,1,3,1678,5,6,7,8,1673
48,3,1681,7,1679,12,1677,51,50,47,44
49,1656,1661,1663,1649,1679,1678,1651,10,9,23
50,1668,2,852,851,866,865,864,863,873,870
51,1663,1665,1,1666,1679,1678,1677,3,1669,6
52,1668,1,2,1680,3,1678,4,1676,1675,1674
53,1669,1658,0,1681,1660,905,916,954,953,899
54,0,1681,7,10,1678,49,48,46,45,58
55,0,1681,2,5,6,1677,1676,1675,8,1673
56,13,15,1680,53,52,48,70,63,78,76
57,1,2,4,1679,5,6,1676,7,1674,48
58,1656,0,1681,1660,1679,1678,1677,1676,1675,1661
59,1656,0,1660,1663,1679,1648,1677,1676,1675,22
60,1,312,21,1679,3,1677,1676,1675,8,1673
61,1674,24,32,1656,27,31,17,1679,42,41
62,1,2,1680,1679,5,6,8,50,49,47
63,0,1,2,3,1678,4,8,9,1674,48
64,317,0,1681,1657,1648,1678,1651,10,9,8
65,0,1681,1680,1679,1,2,3,4,1674,7
66,1666,1,812,811,810,822,821,832,831,829
67,0,6,7,10,11,12,51,50,49,48
68,0,3,7,1679,11,1677,50,48,47,46
69,2,3,4,6,7,11,1676,50,48,47
70,1,2,1680,1679,4,8,10,46,58,56
71,0,1681,1,3,1678,4,6,7,1674,1673
72,191,199,178,407,134,588,167,261,480,1306
73,312,339,271,11,315,171,1620,514,9,21
74,49,247,720,180,301,506,171,1673,763,762
75,1,2,1680,5,6,8,10,49,46,43
76,1,2,1680,4,5,6,1676,1675,1674,7
77,274,0,1681,1657,1679,1678,1677,1676,1675,1660
78,1663,1,2,1680,3,1678,4,1676,1675,1674
79,10,126,514,1620,1200,97,1129,204,55,819
80,0,1,3,1679,5,6,1676,7,49,46
81,2,1681,1680,1679,5,7,1676,1675,8,45
82,0,1681,4,6,1678,7,9,50,49,48
83,1129,1602,1620,317,1640,1613,315,282,1550,13
84,1,1681,3,1679,8,1677,9,10,48,46
85,0,1,2,3,1678,6,1676,7,1674,8
86,2,6,1680,9,10,11,47,44,58,57
87,1666,1,2,1680,4,1678,5,1676,6,1674
88,1666,1669,2,4,5,6,8,1676,9,1674
89,6,1681,1680,1679,8,11,1676,49,55,54
90,1,3,1680,5,8,1677,10,47,46,44
91,0,1681,1,1679,3,1677,1676,5,7,1673
92,7,1681,12,1679,13,48,46,60,54,62
93,1,1681,3,1679,7,1677,51,50,48,47
94,1,3,1680,1679,5,1677,1676,6,1674,46
95,1656,268,301,294,168,188,293,149,346,8
96,1657,0,1681,1659,1662,1678,1677,1676,1675,1674
97,1,2,1680,3,4,9,1676,10,48,46
98,0,1681,3,7,1678,1677,11,50,47,46
99,1,3,1680,1679,5,1677,10,46,43,58
100,1656,1640,21,143,173,180,171,203,49,8
101,1,5,1680,1679,9,1677,1676,10,46,43
102,1663,0,1,1680,2,1678,3,4,1675,5
103,1665,2,4,5,1679,6,7,1676,699,697
104,1674,24,1676,1656,25,26,27,1679,920,871
105,3,4,5,6,7,1677,8,9,1674,47
106,1656,1658,1659,1680,1679,1660,1651,10,9,8
107,1285,188,261,343,113,407,169,506,241,1280
108,0,1681,1680,1679,1,3,4,5,6,1673
109,1673,288,281,41,1640,761,753,236,275,964
110,0,1681,1,1679,5,6,1676,7,1674,1673
111,1,4,5,6,7,9,1676,1675,49,46
112,0,4,1680,6,1678,7,10,50,49,48
113,1,3,1680,10,11,1677,51,48,46,54
114,1662,1,3,1680,1679,4,822,819,818,833
115,1,2,1680,3,4,12,48,46,44,59
116,0,1681,8,11,12,51,49,47,60,59
117,1,2,1680,3,1678,1677,1676,1675,4,1673
118,1,2,4,5,1678,6,1676,7,1674,8
119,24,32,1656,25,27,29,1679,1678,1677,1676
120,1,6,1680,7,10,11,51,50,49,47
121,1656,250,47,247,871,123,300,245,424,1663
122,1,2,4,5,1678,6,1676,7,1674,8
123,1,2,1680,1679,4,8,1676,1675,46,42
124,0,1,4,5,1678,6,1676,7,1674,1673
125,1666,172,270,182,918,1635,221,175,1064,34
126,1665,0,1681,3,1679,5,1677,6,7,8
127,1,3,4,1679,1678,1677,5,6,7,1673
128,1660,0,1663,1680,1651,1652,10,8,23,2
129,1261,1200,1640,332,219,199,96,1620,1397,392
130,0,1681,1,8,1678,9,10,49,46,56
131,1665,1,2,5,1679,6,8,1676,9,1674
132,1667,0,1681,5,1679,8,1677,1676,9,49
133,0,1681,2,3,8,11,51,49,47,59
134,1,2,5,6,9,10,1676,1675,46,45
135,1674,1656,1659,1661,1648,1652,12,10,9,8
136,1172,270,454,678,299,297,1613,1568,108,1668
137,0,1,2,3,5,6,1676,7,1674,8
138,1664,0,1,1680,4,1678,1677,1666,1670,1674
139,0,1681,1,5,1678,1677,1676,1675,9,47
140,1665,1,2,3,4,1678,6,7,1666,1674
141,1664,301,431,294,96,22,24,99,153,3
142,0,1,2,4,5,6,1676,7,1674,1673
143,1665,1,2,3,4,1678,7,8,9,1674
144,28,31,1656,17,45,44,43,42,40,34
145,2,1681,6,1679,7,11,1676,50,49,47
146,1667,1656,0,1668,1658,1679,1660,1663,1676,9
147,1656,0,1681,1657,1679,1678,1677,1659,1675,1660
148,1663,1,3,1680,1679,1678,1677,4,1675,5
149,0,1,1680,2,1678,4,1676,5,1674,1673
150,1,2,3,4,1678,7,1676,8,1674,48
151,1664,1666,1681,5,6,1667,1677,1676,1675,7
152,0,1681,3,6,1678,7,51,50,49,48
153,1666,0,1681,7,10,1678,1677,1676,1675,49
154,1,2,4,1679,5,7,1676,1675,1674,48
155,0,1,2,4,5,6,1676,7,1674,8
156,1,5,6,7,1678,1677,1676,1675,9,45
157,0,1681,1,1679,1678,1677,1676,3,6,1673
158,0,1681,1680,7,11,1677,51,50,48,47
159,0,1681,2,3,1678,6,7,8,1674,41
160,1656,476,275,315,474,314,318,301,681,1664
161,1,2,1680,4,6,7,1676,10,49,48
162,1674,301,271,317,180,268,650,96,356,1669
163,1,2,1680,1679,4,5,1676,1675,1674,48
164,1,2,1680,3,4,5,1676,6,1674,7
165,0,1681,1,7,1678,10,11,49,48,46
166,0,2,1680,4,1678,7,50,49,48,45
167,481,0,1665,1,2,1678,4,1666,676,674
168,172,1,1681,1680,1679,3,1677,51,46,44
169,125,1661,1662,1681,1650,1652,12,10,9,8
170,6,7,8,9,10,11,1676,49,45,43
171,1,2,1680,3,6,7,8,50,48,47
172,5,8,1680,1679,51,47,46,61,59,54
173,0,1,1680,1679,3,4,8,50,49,48
174,0,1681,5,1679,6,1677,1676,7,8,1673
175,24,32,1656,26,27,31,1679,17,41,40
176,1663,1,1664,1680,2,1678,1665,3,1675,1654
177,0,1681,7,8,11,49,45,60,58,57
178,1660,0,1663,1648,1679,1651,9,8,1664,6
179,1666,1656,1659,1661,1663,1679,1668,1649,1676,1675
180,0,3,6,1679,7,1677,8,50,49,43
181,0,1,1680,2,1678,4,1676,1675,1674,8
182,0,1,1680,1679,2,3,1676,6,1674,8
183,1668,1656,1659,1661,1669,1650,1678,1651,1670,9
184,7,1681,10,11,1678,1677,1676,47,46,44
185,1656,0,1657,1659,1660,1663,1651,10,9,8
186,1671,1636,1637,32,1656,1638,1641,1642,1679,17
187,0,1681,7,8,1678,11,51,49,58,57
188,0,1681,1680,6,1678,1677,7,8,49,47
189,0,1681,7,1679,1678,11,50,49,48,46
190,0,1,1680,1679,2,3,1676,1675,1674,4
191,0,1681,5,6,7,8,10,50,49,58
192,1669,1661,0,1670,1672,1648,37,38,9,8
193,2,3,6,1679,7,8,10,50,49,48
194,1657,1661,1681,1680,1662,1678,1677,1663,1675,1648
195,1261,1295,908,1293,1673,191,1671,181,1669,179
196,1,2,1680,1679,3,8,10,1675,46,43
197,0,1681,1,2,1678,5,1676,6,1674,1673
198,1,2,1680,3,1678,1677,1676,4,1674,1673
199,1,1681,3,1679,5,1677,1676,1675,7,1673
200,25,32,1656,27,16,18,42,41,40,55
201,1,3,1680,4,1678,7,48,45,44,64
202,1,2,3,1679,1678,1677,1676,1675,4,1673
203,1677,411,406,403,1673,1060,1671,1670,1669,395
204,1672,1656,0,1673,39,1662,1678,1649,10,9
205,1663,1,2,1680,1679,3,4,1676,1675,1674
206,1673,1656,39,1661,1680,1679,1678,1663,1676,1665
207,1,2,1680,3,6,8,11,50,47,44
208,0,1,2,3,1678,4,1676,5,1674,6
209,1656,0,1681,1659,1679,1678,1677,1676,1675,1648
210,7,1681,8,11,47,61,54,68,62,1614
211,0,1681,1,1679,1678,1677,1676,3,4,1673
212,1663,1,3,1664,1679,1678,1677,1676,4,5
213,5,1681,6,7,9,10,1676,49,48,45
214,1,2,1680,1679,4,5,1676,7,1674,48
215,1,2,1680,4,5,6,1676,1675,1674,46
216,37,1656,0,1681,1657,1679,1678,1677,1665,1675
217,0,1681,5,11,1678,1677,1676,49,47,45
218,1677,206,1675,1324,1673,1125,1671,1670,204,1322
219,1656,1658,1659,1680,1660,1678,1661,1676,1675,1662
220,0,1681,1680,1,1678,3,7,8,49,48
221,0,5,1680,6,8,1677,9,1675,1674,47
222,1663,0,1,2,3,1678,4,6,7,1674
223,2,5,1680,1679,8,10,1676,1675,46,44
224,1656,1657,1681,1658,1679,1659,1677,1676,1675,1660
225,2,4,1680,6,8,10,50,48,46,44
226,2,4,1680,5,6,7,8,10,49,42
227,1665,0,1,2,3,1678,4,5,8,1674
228,0,1,5,6,1678,1677,7,10,48,46
229,33,34,0,35,38,40,43,1647,1644,1643
230,0,1681,1,1679,1678,1677,3,6,7,1673
231,0,1,1680,1679,3,4,5,6,8,46
232,0,1681,1,1679,1678,2,1676,1675,1674,1673
233,0,1681,1,2,1678,1677,1676,3,1674,1673
234,0,1,3,1679,5,6,1676,7,1674,8
235,0,1681,1680,1679,1,7,1676,1675,49,46
236,1663,0,1681,1680,1679,1,1677,1676,1675,1664
237,0,1,1680,2,1678,3,1676,1675,1674,1673
238,1667,1656,0,1668,1669,34,1678,1663,1676,9
239,1656,1661,1662,1680,1679,1663,1677,1676,1675,1648
240,32,1656,0,33,35,37,1678,39,40,1643
241,1663,0,1,3,1679,1678,1664,1676,1665,5
242,3,1681,1680,1679,6,1677,7,1675,48,57
243,1656,1663,1649,1651,1679,1678,10,9,8,23
244,1667,0,1681,1,3,1674,7,1660,49,48
245,1,2,3,4,1678,5,1676,6,1674,1673
246,1663,0,1,3,5,1678,1677,6,7,1665
247,0,1681,3,1679,7,1677,11,50,47,58
248,39,1656,0,1665,1659,1666,1678,1661,672,734
249,0,1681,4,7,50,49,48,47,59,57
250,5,6,1680,1679,8,52,51,49,60,57
251,1659,1648,1650,1653,1679,21,3,1,1664,15
252,1,1681,3,4,7,11,50,47,44,59
253,1656,1658,1659,1661,1679,1648,1677,1676,1675,22
254,1657,0,1681,1680,1679,1678,1677,1660,1675,1662
255,0,1681,1680,1,4,7,11,49,48,45
256,1,2,5,6,7,8,10,50,49,47
257,1665,1662,56,1652,1653,11,8,23,21,4
258,5,6,7,1679,1678,1677,1676,9,49,47
259,1661,0,1681,1652,13,12,11,10,9,23
260,25,27,1656,28,29,1680,17,1678,1677,55
261,0,1681,1,3,1678,1677,1676,4,5,1673
262,0,1681,3,1679,1678,1677,1676,5,7,1673
263,38,1656,1658,1668,1669,1659,1678,1677,1660,1675
264,1,2,1680,3,1678,7,10,1675,48,47
265,0,1,2,1679,1678,1677,1676,3,1674,1673
266,0,1,2,3,1678,4,1676,1675,6,1673
267,0,1681,1680,1,4,7,49,48,45,56
268,1666,1656,1670,1681,1657,47,1678,1677,1661,32
269,24,25,1656,0,26,27,1679,16,41,40
270,1668,0,1669,1680,2,5,8,1676,1675,1674
271,1656,0,1681,1659,1660,1678,1663,8,14,89
272,1,4,5,1679,1678,6,1676,1675,7,1673
273,0,1681,7,12,13,49,45,59,58,57
274,0,1681,5,6,7,1677,1676,8,9,47
275,0,1681,1680,1679,1,1677,3,4,1674,7
276,2,3,4,5,6,7,8,9,1674,48
277,4,7,1680,9,1678,10,11,49,48,46
278,0,1681,1,4,1678,6,7,10,49,48
279,1656,0,1681,1680,1679,1678,1657,1676,1675,1658
280,0,1,4,5,7,8,9,10,49,46
281,1665,1666,1657,1669,47,32,1678,1677,1661,1662
282,1,3,1680,1679,4,5,8,10,46,45
283,1663,0,1,1665,3,1678,1666,1676,5,6
284,1,2,4,5,1678,6,1676,7,1674,8
285,0,1681,1,1679,4,5,7,8,1674,1673
286,1,2,1680,4,5,8,1676,1675,9,45
287,1656,1657,1681,1658,1659,1678,1677,1676,1675,1660
288,1,2,1680,1679,3,4,1676,5,1674,6
289,0,1681,1680,1679,1,2,3,1675,4,7
290,0,2,8,9,11,12,51,50,49,47
291,0,1,2,5,6,7,1676,8,1674,48
292,1663,0,1,2,1679,1678,3,1664,4,1674
293,1664,1666,1669,1680,1679,5,1677,6,1675,7
294,1656,1663,1681,1649,1679,1678,1677,1676,1675,23
295,0,1681,2,4,1678,5,1676,1675,7,1673
296,2,3,4,6,8,50,48,59,53,67
297,1666,1656,1673,1658,1680,1679,1678,1662,1663,35
298,1656,0,1657,1658,1660,1678,1663,1676,1675,1674
299,1,2,1680,1679,6,8,1676,9,46,43
300,0,1681,2,3,1678,7,8,10,49,47
301,11,1681,1680,12,53,51,47,60,58,56
302,2,204,191,274,7,8,51,50,49,47
303,1672,2,1681,3,11,1678,12,51,1673,47
304,0,1,4,5,1678,6,7,10,49,48
305,1657,0,1681,1659,1661,1678,1677,9,8,23
306,1665,1,2,5,1679,6,1677,1676,1675,8
307,0,1681,5,6,7,1677,1676,1675,9,47
308,1613,1129,1680,1679,4,7,50,49,48,45
309,1663,1,3,1680,4,1678,1677,1676,1675,5
310,0,1,3,6,1678,7,1676,8,1674,48
311,32,1656,0,38,39,40,1678,41,1676,1646
312,1669,1661,5,1680,1679,6,1677,8,50,46
313,0,1681,5,1679,6,7,1676,1675,8,1673
314,1,1681,1680,1679,5,1677,1676,1675,8,1673
315,0,1681,1,1679,5,6,1676,1675,1674,1673
316,1656,1657,1681,1659,1660,1678,1661,1676,1675,1663
317,0,1,4,1679,6,7,8,10,49,48
318,7,1681,10,11,1678,1677,51,50,49,47
319,1668,27,28,1656,29,786,781,780,778,775
320,2,1681,5,6,7,8,1676,1675,9,47
321,1,2,5,1679,6,7,1676,1675,1674,8
322,5,6,7,9,10,12,50,49,45,44
323,1672,1656,0,37,38,1663,1678,9,8,22
324,1665,1656,1666,762,761,760,711,1651,1650,1649
325,3,1681,6,7,1678,1677,10,50,47,58
326,1656,1660,1663,1651,1679,1652,10,9,8,23
327,1666,0,1681,1680,1679,5,1667,1676,1675,49
328,1656,1658,1659,1661,1679,1650,1651,10,9,8
329,1668,1672,0,1661,1680,1663,1678,1648,10,8
330,1261,1251,241,239,1673,1672,1671,237,236,1668
331,1640,762,95,9,1678,1677,1676,1675,1674,47
332,1666,1656,0,1668,1657,1659,906,905,903,901
333,1,487,222,4,1678,6,7,1675,48,47
334,1669,2,1670,998,997,1008,1007,1019,1017,1013
335,1656,0,1663,1649,1679,1678,1677,1676,1675,8
336,0,1681,1680,1679,1,1677,3,1675,7,1673
337,1656,1657,1681,1661,1663,1678,1677,1648,1649,23
338,0,1681,2,4,8,50,49,45,59,57
339,0,1620,1640,189,303,297,1676,1675,7,45
340,1,2,1680,1679,4,5,1676,1675,1674,46
341,1669,2,1670,1658,6,8,10,1659,1675,47
342,1657,1658,1681,1660,1661,1662,1663,1650,8,23
343,1,2,1680,4,6,8,11,47,45,55
344,962,169,1680,4,1678,7,9,10,48,46
345,1,1681,3,4,1678,7,10,49,48,47
346,1665,0,1681,1,1667,2,1668,1676,1669,1674
347,0,1681,1680,1,3,4,7,8,1674,1673
348,886,310,1,3,1678,6,7,8,49,48
349,1667,0,1054,1063,1062,1060,1009,1008,995,1042
350,0,1,2,3,1678,4,1676,1675,1674,1673
351,1656,1659,1660,1663,1651,10,8,4,3,2
352,0,3,4,5,8,1677,9,50,48,47
353,1676,1664,786,798,796,794,793,807,806,780
354,1668,858,857,855,854,853,852,867,866,843
355,0,1,1680,2,4,6,8,1675,1674,45
356,38,1656,942,941,987,935,1651,1650,938,937
357,3,6,1680,7,1678,1677,11,50,48,47
358,1656,0,1681,1657,1658,1659,1660,1663,8,20
359,1,2,3,4,1678,6,8,9,1674,47
360,1665,1656,1657,1659,1661,1663,1678,1677,1676,1675
361,1666,0,1668,3,4,1678,1669,7,9,49
362,1,2,3,1679,5,1677,1676,6,7,8
363,1677,532,1124,524,1673,1672,1671,520,519,518
364,1665,1656,0,1659,1663,1679,1666,1677,1676,1675
365,1,3,1680,1679,11,1677,1676,47,46,44
366,1656,1657,1658,1680,1679,1678,1677,1676,1675,1660
367,1666,0,1667,4,5,1678,1672,1661,8,9
368,1666,5,6,760,759,755,766,763,774,772
369,0,285,662,1679,5,6,1676,7,1674,8
370,1640,2,3,1679,5,1677,1676,1675,7,8
371,878,876,920,870,869,1663,875,874,872,887
372,1669,1656,864,879,877,876,920,870,869,913
373,0,1,1680,2,3,4,1676,1675,1674,8
374,1657,1659,1681,1680,1679,1660,1662,1663,1648,8
375,1663,0,1681,1664,1679,766,765,11,20,17
376,1664,0,1681,5,1679,6,1677,1676,786,784
377,2,4,1680,7,1678,11,50,48,44,57
378,1,47,1339,1679,7,10,1676,1675,48,46
379,0,1681,2,4,1678,7,8,9,1674,47
380,1658,1659,1681,1661,1662,1648,1677,1676,1675,1674
381,1665,1662,56,1663,1652,10,9,8,23,21
382,0,1,2,3,1678,4,5,6,1674,7
383,1,2,1680,3,1678,4,7,1675,48,47
384,1656,1663,1649,1652,1679,12,10,9,8,23
385,0,2,6,1679,8,52,51,50,49,47
386,1,3,1680,1679,5,1677,1676,1675,6,1673
387,5,1681,7,9,1678,1677,1676,1675,49,47
388,0,1,2,1679,1678,3,1676,5,1674,47
389,1674,1635,1640,1084,1093,1097,1096,1095,1108,1107
390,0,2,4,5,1678,8,9,10,49,48
391,12,14,1680,54,53,52,47,62,60,67
392,0,1,3,1679,1678,1677,1676,5,1674,6
393,0,1620,1129,189,274,4,1676,9,1674,46
394,407,1681,1680,1679,1,1677,1676,1675,3,48
395,0,1,1680,1679,6,1677,1676,1675,1674,46
396,1,3,1680,8,53,48,56,66,65,62
397,0,1681,1,3,1678,1677,5,6,7,1673
398,2,3,1680,4,9,11,48,47,46,44
399,1671,1657,0,1681,1672,1648,1678,1677,1673,9
400,1,735,151,4,5,6,1676,7,1674,8
401,1663,1,676,674,672,671,10,9,8,656
402,1669,899,898,956,954,924,913,896,909,908
403,1,2,3,4,1678,6,1676,1675,7,8
404,1667,1669,1671,3,1674,1659,8,9,49,48
405,1667,25,27,1656,28,1670,1680,1647,1678,31
406,1671,1657,1658,1648,1650,1679,918,915,896,907
407,1668,0,2,1659,1679,4,1660,8,1675,49
408,1677,1676,1675,120,1673,113,1671,1670,1669,1262
409,1,3,4,5,1678,6,7,8,9,47
410,1663,0,1,2,3,1678,5,1676,6,7
411,1661,1,1663,1680,1679,1664,1677,1676,1675,1674
412,1664,1665,1,1657,1679,3,1677,1676,5,6
413,1,2,5,1679,6,7,1676,1675,8,46
414,0,1681,1680,1679,2,1677,3,8,1674,1673
415,0,1,2,3,1678,7,1676,8,1674,47
416,1664,0,1681,5,1665,1678,1677,1676,1666,8
417,0,1681,1,3,1678,1677,7,50,49,48
418,1634,24,32,1656,1635,1637,1643,17,15,13
419,1665,0,1681,2,7,1678,9,1676,1675,1674
420,0,1681,5,1679,8,1677,1676,9,1674,56
421,1668,1656,1658,1659,1669,1679,1660,1661,35,912
422,1,2,3,1679,1678,4,1676,5,1674,8
423,2,4,7,1679,10,12,51,49,48,46
424,0,1681,1,1679,5,1677,1676,8,49,47
425,1666,1656,0,1658,1659,1679,871,868,867,927
426,0,1681,3,7,1678,1677,11,50,48,47
427,2,5,6,1679,8,9,1676,1675,49,46
428,0,1681,2,1679,5,6,1676,8,9,47
429,1663,0,1,2,1679,3,4,5,1665,1674
430,1656,1657,1658,1680,1679,1660,1663,1676,8,22
431,2,3,1680,1679,8,51,48,46,59,54
432,1672,1673,1665,951,949,948,961,958,957,970
433,1669,1670,10,1680,12,13,52,1073,1087,1085
434,0,1681,5,1679,6,1677,7,8,49,47
435,5,1681,1680,8,9,10,1676,1675,46,44
436,1656,0,1657,1658,1679,1660,1677,1676,1648,1674
437,1656,1657,1659,1662,1679,1663,1677,1676,9,8
438,1174,1022,356,355,351,348,1021,345,1020,1668
439,3,1681,1680,8,11,1677,51,50,47,44
440,1,2,1680,3,1678,4,7,50,49,48
441,1664,1,2,1680,1679,3,863,860,871,870
442,1,3,5,1679,6,7,1676,10,48,46
443,0,1,2,5,1678,9,1676,10,49,46
444,1660,1661,1681,1663,1,1678,2,1667,863,804
445,0,1681,1680,4,7,11,49,48,44,57
446,1639,24,918,915,914,913,912,927,907,904
447,1669,1,2,9,10,11,12,47,46,44
448,1656,0,1681,1661,1663,1678,1649,1676,9,8
449,1,3,1680,4,7,1677,1676,1675,1674,48
450,2,4,7,8,49,48,59,57,68,67
451,1,3,1680,1679,4,5,8,10,48,46
452,1668,0,2,6,7,831,830,829,828,827
453,1656,1657,1659,1680,1662,1663,1649,1650,20,19
454,1666,1656,0,1667,1660,1679,1678,1677,1676,1663
455,0,1,3,5,6,7,8,50,49,45
456,7,1681,9,1679,10,12,51,49,47,46
457,1677,1275,150,1674,147,1672,1671,1070,1069,1668
458,0,2,4,1679,5,6,7,8,1674,41
459,0,1,2,4,5,7,1676,8,1674,48
460,0,4,5,6,7,8,10,50,49,48
461,0,1681,1,1679,1678,1677,1676,1675,5,1673
462,0,1681,1680,1,1678,1677,3,4,1674,1673
463,0,1681,4,7,8,9,50,49,44,59
464,0,1681,1,1679,1678,1677,3,5,7,1673
465,1,2,1680,1679,6,8,1676,1675,1674,47
466,0,1681,1,1679,1678,2,1676,1675,5,1673
467,1,2,3,1679,5,6,1676,8,1674,47
468,1,3,1680,4,1678,6,7,10,48,46
469,1677,1676,924,1674,749,1672,1671,750,1669,751
470,1,3,6,7,1678,8,11,50,49,48
471,1656,1657,1660,1680,1679,1663,1677,1676,1675,1648
472,1,2,3,5,1678,1677,1676,1675,1674,1673
473,1656,1663,1649,1650,1679,1651,1677,10,9,22
474,1657,0,1681,1680,1659,1678,1677,1676,1675,1660
475,1670,1,3,1680,4,1678,1677,8,9,48
476,0,1681,5,7,1678,1677,1676,1675,49,47
477,1661,1662,1681,1680,1663,1678,1677,1648,1675,23
478,7,1681,8,10,13,51,49,48,46,58
479,0,1681,1680,2,3,6,8,50,47,43
480,1320,1131,1023,1317,911,1315,1671,1128,1669,1668
481,1667,0,1681,4,7,1678,9,11,49,48
482,1,3,1680,1679,5,1677,6,7,47,46
483,1656,0,1681,1657,1659,1678,1677,1676,1675,1660
484,0,1681,3,1679,6,1677,1676,7,1674,8
485,0,1681,1,1679,3,1677,1676,5,6,1673
486,1,2,4,1679,7,8,1676,1675,1674,48
487,0,1,1680,1679,3,1677,7,50,49,48
488,1665,1666,1681,1,3,1678,1677,5,15,14
489,0,1,1680,1679,3,1677,1676,4,5,1673
490,1,3,1680,1679,6,1677,1676,1675,46,43
491,2,6,7,1679,10,12,51,50,49,47
492,1,3,5,1679,6,1677,7,10,48,47
493,1471,1676,1302,1674,327,326,1671,325,1669,321
494,0,1,3,4,1678,5,1676,6,1674,1673
495,2,5,8,9,10,12,47,45,44,59
496,1668,1,983,993,992,991,990,988,987,986
497,1666,1656,1657,1667,1658,1679,1659,1677,1676,1675
498,1659,1660,1661,1680,1679,1662,1663,1676,1675,1648
499,1668,1656,1675,858,804,803,849,1654,820,819
500,2,4,5,6,8,9,1676,1675,1674,46
501,1660,0,1661,1680,1662,1678,1677,1676,1675,1663
502,1,2,5,8,9,10,1676,1675,47,46
503,1,2,3,4,1678,5,6,7,1674,8
504,1,2,4,1679,5,6,1676,1675,1674,7
505,0,2,6,8,10,11,51,49,58,57
506,1,2,4,1679,7,9,1676,1675,1674,48
507,2,6,8,14,53,51,50,49,47,59
508,944,941,953,952,950,949,960,959,1011,1022
509,0,1681,2,3,1678,4,8,1675,49,47
510,1666,0,1681,5,9,1678,1677,1676,1675,1674
511,1,2,1680,4,1678,5,1676,1675,1674,6
512,1677,209,206,1122,205,200,1671,1670,1669,1120
513,1,5,1680,1679,53,52,46,60,56,54
514,1677,873,1675,1285,1673,1284,1671,1670,1669,267
515,1,3,1680,4,1678,7,11,48,45,44
516,1669,6,1681,7,8,12,1677,51,1670,58
517,39,1666,0,1681,1658,1659,1678,803,802,862
518,1668,1656,829,825,1640,1654,1652,1651,1674,781
519,1656,0,1681,1680,1679,1657,1677,1659,1675,1660
520,1656,0,1681,1657,1659,1660,1677,1676,1675,1661
521,62,50,24,52,1645,1644,1643,1642,1641,1640
522,1664,1,3,5,1679,1678,1677,1676,6,1665
523,1657,1658,1660,1680,1679,1651,10,9,23,20
524,25,26,1656,0,29,1680,1679,1678,1677,55
525,1,2,3,1679,4,5,1676,6,1674,7
526,0,1681,3,1679,6,1677,7,8,1674,48
527,1,1681,3,1679,6,1677,7,8,49,47
528,2,5,6,7,8,9,1676,1675,1674,47
529,0,1,1680,1679,3,1677,4,5,7,1673
530,1,2,3,5,1678,1677,1676,6,1674,7
531,0,1,2,1679,3,5,1676,6,8,1673
532,0,1,1680,3,1678,1677,1676,1675,5,1673
533,1677,219,1213,217,1673,1672,212,1212,1669,1668
534,1666,1,3,946,960,959,956,966,965,963
535,1656,0,1681,1657,1663,1678,1677,1676,1675,1648
536,1656,0,1662,1663,1649,1678,1651,10,9,8
537,1668,1657,0,1681,1680,1659,1678,1660,1661,1675
538,0,1681,7,1679,12,1677,51,49,47,59
539,1663,1,1664,1680,1679,1678,4,1676,1675,5
540,0,1681,1680,1679,5,1677,1676,1675,7,1673
541,0,1681,2,5,8,9,1676,1675,49,47
542,0,1,2,4,5,6,1676,7,1674,8
543,1675,0,1681,4,5,7,49,47,45,60
544,0,1681,1,1679,1678,1677,1676,1675,2,3
545,0,1681,1680,1679,3,52,51,47,46,59
546,1,2,1680,1679,5,1677,1676,1675,6,1673
547,2,3,7,11,1678,12,51,50,47,44
548,2,5,6,1679,7,8,1676,9,47,42
549,0,1,2,4,1678,5,7,8,1674,1673
550,0,1681,1,1679,2,5,1676,1675,6,8
551,2,4,1680,5,8,9,10,1675,46,44
552,0,1681,1,2,1678,3,1676,1675,1674,1673
553,5,6,1680,1679,7,1677,1676,1675,49,47
554,0,1,5,7,1678,1677,1676,9,1674,46
555,1656,1658,1660,1680,1679,1678,1661,1663,1675,22
556,1,1681,1680,1679,3,1677,1676,1675,4,1673
557,1,2,5,1679,6,1677,1676,8,1674,47
558,0,1681,5,8,1678,1677,9,47,44,58
559,1669,0,1681,1670,8,12,1671,49,58,56
560,1656,1658,1661,1662,1663,1649,1650,9,23,22
561,0,2,5,1679,6,7,1676,8,1674,45
562,0,1,2,1679,5,6,1676,7,1674,8
563,0,1681,1,1679,2,3,1676,4,7,1673
564,1,2,1680,3,1678,4,1676,1675,5,1673
565,1206,1676,1205,1674,1000,1203,220,1670,214,213
566,1668,0,1,3,8,1678,1677,11,50,47
567,1656,0,1657,1660,1679,1663,1677,8,23,21
568,1,2,5,8,9,10,1676,47,46,44
569,1667,0,3,5,1679,6,1677,7,50,49
570,1,2,3,5,6,7,1676,8,1674,47
571,5,6,7,1679,9,1677,1676,1675,46,45
572,0,1681,1,1679,3,1677,1676,5,6,1673
573,0,1681,2,6,1678,7,8,9,1674,47
574,1675,4,5,1680,6,7,50,48,45,60
575,39,1656,1665,1657,1659,1679,1678,1677,1676,1661
576,1667,32,1656,0,34,35,38,1678,39,40
577,0,1681,1680,6,1678,1677,7,1675,49,47
578,7,1681,9,11,1678,1677,1676,48,47,46
579,1668,1656,0,1672,1660,1661,1678,1663,1676,1675
580,1,3,4,8,9,1677,45,44,59,56
581,1677,1676,116,1026,1673,1334,1671,1670,112,1333
582,2,5,6,1679,7,52,51,50,49,46
583,1665,0,921,934,931,929,878,874,873,907
584,1656,1657,1681,1660,1679,1678,1677,1676,1675,1661
585,1667,0,1681,1670,2,1678,1677,1676,1675,1656
586,1656,0,1657,1658,1679,1659,1677,1676,1660,1674
587,1,3,6,1679,7,10,11,50,49,48
588,0,1,1680,2,3,4,7,8,1674,48
589,1,1681,1680,1679,5,10,1676,1675,46,45
590,1668,1,1658,1664,1679,5,6,1676,1675,7
591,7,11,1680,1679,12,52,51,46,60,54
592,1663,0,1,1680,659,654,669,668,666,665
593,2,4,5,6,1678,7,1676,9,1674,48
594,1659,0,1660,1661,1663,1651,9,8,23,2
595,2,1681,1680,3,4,7,8,50,48,47
596,2,6,7,10,12,50,47,60,59,58
597,0,1,4,1679,5,1677,1676,6,7,1673
598,1677,1676,1675,1674,1658,1672,1671,1659,1669,885
599,0,4,5,1679,6,7,1676,1675,9,46
600,1,2,1680,3,4,6,8,50,48,44
601,39,1656,1657,1668,1658,1659,1678,1677,47,1675
602,3,11,1680,1679,53,52,51,50,48,47
603,3,6,7,1679,8,1677,50,48,53,62
604,0,1681,1,3,6,7,8,10,49,47
605,1677,217,1675,1016,1673,1672,1015,1014,1669,213
606,37,38,1040,1054,1052,1051,1025,1024,1038,1015
607,1656,1657,1658,1680,1679,1678,1677,1676,1675,1663
608,1656,1661,1649,1680,13,12,10,9,8,5
609,1,3,5,6,8,9,10,50,49,47
610,0,1681,1,1679,1678,1677,1676,3,6,1673
611,1,2,3,6,8,11,51,50,47,45
612,37,1656,0,1681,1657,1679,1678,1677,1676,1675
613,0,1681,1,1679,3,5,6,7,1674,1673
614,0,1681,2,1679,1678,5,1676,7,8,1673
615,0,1,1680,2,3,4,1676,5,1674,7
616,1667,1656,0,1681,1657,1679,1678,1677,1676,1660
617,0,2,3,1679,6,1677,8,50,49,47
618,0,1681,6,7,8,51,50,49,48,58
619,1668,1660,0,1662,1680,1679,1047,1043,1037,1036
620,1666,1,2,1680,5,1669,1677,1676,1675,1674
621,1677,1146,1675,1347,198,1145,195,191,1669,1345
622,1,2,1680,1679,3,8,51,50,47,46
623,1663,0,1681,1664,1665,1678,1666,1676,1675,5
624,1656,1658,1659,1661,1679,1663,1677,1676,1675,1648
625,0,1,1680,2,4,5,1676,7,1674,1673
626,2,3,1680,1679,6,1677,1676,1675,47,46
627,0,1681,1680,4,1678,5,1676,1675,49,46
628,1671,24,32,1656,0,1672,1674,43,42,41
629,1,2,1680,4,6,7,8,10,44,42
630,0,1681,1,1679,3,1677,1676,7,49,48
631,1677,1676,1675,1178,1177,829,1671,1670,1669,825
632,0,1681,2,7,8,11,51,49,47,59
633,0,1,1680,1679,3,10,1676,1675,46,43
634,1677,186,1346,1345,1673,1344,184,183,182,873
635,1668,926,925,924,923,937,936,935,934,900
636,1656,1661,1649,1652,1679,12,10,9,8,23
637,25,32,1656,27,16,18,19,42,41,40
638,1666,1662,0,1681,1654,9,8,1667,825,774
639,1656,0,1681,1657,1659,1660,1677,1676,1663,8
640,1656,0,1681,1658,1661,1678,1677,1676,1675,1663
641,0,1681,1,3,1678,7,8,49,48,45
642,2,4,6,7,10,12,51,50,49,48
643,1,2,1680,1679,1678,3,1676,1675,1674,4
644,38,1656,0,1658,1659,1660,39,1666,1668,727
645,1671,0,1681,1680,1,3,1672,11,48,46
646,1660,1661,1663,1680,1679,1648,1677,1676,1675,23
647,25,32,1656,27,28,1680,1679,1678,1677,1676
648,1677,1676,1675,1674,1145,1025,1671,1670,1669,1143
649,1663,0,1681,1,1679,3,1677,1676,1675,5
650,5,1681,6,7,1678,1677,1676,1675,9,47
651,1663,0,1681,3,1679,6,1677,1664,1675,7
652,1,3,1680,4,1678,1677,5,1675,47,45
653,0,1,3,4,1678,6,7,9,49,48
654,0,1681,1,5,1678,1677,1676,1675,7,1673
655,1667,1657,0,1681,1659,1660,1648,1677,1676,8
656,0,1,3,4,1678,5,7,8,1674,1673
657,0,1681,1,5,6,1677,1676,7,1674,8
658,1,3,1680,4,1678,5,6,7,8,1673
659,0,1681,2,1679,3,6,8,50,49,47
660,0,1,1680,2,4,6,1676,1675,1674,8
661,0,1,1680,1679,4,5,1676,1675,6,7
662,1666,1,854,853,852,851,862,861,835,834
663,1665,1656,0,1681,1657,1679,1659,1677,1676,1660
664,1668,2,4,1680,5,1678,6,8,1675,47
665,0,1681,7,8,1678,9,11,49,47,45
666,1664,0,2,1680,1679,4,5,1676,1675,8
667,1657,0,1681,1658,1679,1660,1677,1676,9,8
668,0,1681,1680,3,1678,4,6,7,49,48
669,0,1,1680,2,4,5,7,10,48,46
670,1656,1659,1660,1661,1679,1663,1677,1676,1675,1648
671,1,2,1680,1679,3,4,1676,5,1674,7
672,1656,1661,1663,1650,1652,1678,10,9,23,22
673,1656,1657,1659,1680,1679,1660,1677,1662,1675,1663
674,0,1681,2,7,1678,12,50,49,47,44
675,1668,0,1669,5,6,8,1661,51,49,47
676,1669,25,32,1656,27,29,31,17,1678,41
677,1661,1662,1648,1680,1679,1649,1677,1650,19,1664
678,0,1681,1,3,1678,1677,1676,1675,7,1673
679,1666,1656,1658,1659,774,831,830,829,828,1640
680,1,4,5,1679,6,1677,1676,1675,7,48
681,1669,1656,1657,1681,1659,1661,1648,1677,1676,9
682,1675,25,27,1656,1636,16,884,879,878,876
683,1,1681,2,1679,5,6,1676,1675,7,8
684,1668,1,2,1680,1679,3,4,6,960,958
685,1656,0,1663,1648,1679,1651,1677,9,8,23
686,1665,0,1681,2,1667,1678,4,1671,841,853
687,1667,1656,0,782,781,780,779,825,774,771
688,1,1681,1680,1679,5,1677,1676,1675,49,46
689,24,32,1656,26,30,16,1679,17,1677,40
690,1,2,6,7,10,12,47,46,44,59
691,1,2,1680,3,5,8,1676,1675,1674,47
692,1,6,8,1679,11,1677,1676,43,58,56
693,0,1681,5,7,8,9,1676,10,49,47
694,1663,1,1664,3,730,729,727,742,741,739
695,1656,1657,1681,1659,1679,1678,1677,1661,1675,1648
696,1674,1657,1658,1675,1678,1661,961,1019,1002,1000
697,1656,1659,1660,1661,1679,1648,1677,1676,1675,21
698,0,1681,1,2,1678,5,1676,6,1674,1673
699,4,5,6,7,8,9,10,50,49,44
700,1663,0,1664,1680,4,1678,1666,1662,1675,5
701,0,2,3,1679,6,8,9,50,49,48
702,1668,2,4,1680,6,8,11,51,996,1011
703,1656,1658,1681,1660,1679,1678,1677,1676,1675,1661
704,1,2,1680,3,4,6,1676,7,1674,48
705,1,2,4,5,7,1676,10,49,48,6
706,1,3,1680,1679,1678,1677,1676,5,7,1673
707,1657,1658,1681,1659,1679,1661,1677,1662,1648,1674
708,1667,0,1681,1,3,1678,7,8,47,45
709,1663,3,1681,5,1679,1664,1677,1676,1665,6
710,7,1681,10,1679,11,12,51,47,46,58
711,0,1681,1,1679,1678,1677,1676,1675,1674,1673
712,0,1681,1,1679,1678,1677,1676,3,1674,1673
713,39,1656,0,1681,1660,1679,1678,1677,1665,1662
714,0,1681,1680,1,3,7,1676,1675,49,57
715,1,2,5,1679,6,1677,1676,7,1674,8
716,4,7,1680,1679,9,10,50,49,48,46
717,0,1,1680,1679,2,1677,1676,1675,3,8
718,0,1,3,1679,5,1677,7,50,49,48
719,4,5,1680,1679,6,7,1676,1675,46,45
720,1666,1667,1656,0,33,34,1668,1678,21,1676
721,5,1681,6,1679,7,1677,1676,1675,9,46
722,1663,0,1681,921,919,932,931,929,928,927
723,1668,0,1681,6,7,8,1669,754,752,751
724,1,2,1680,3,1678,10,11,48,46,43
725,1671,25,26,1672,17,18,1680,1679,41,52
726,1,2,1680,4,1678,5,7,1675,49,46
727,1666,1656,1659,1661,1680,1662,1648,1677,1649,1675
728,1669,0,1681,5,7,8,9,49,45,44
729,0,1,1680,1679,2,3,5,7,8,1673
730,1665,1,2,3,4,1678,740,739,738,737
731,1666,1656,1658,1659,1661,1662,913,911,909,908
732,0,1681,1,1679,1678,1677,3,7,49,48
733,1662,1663,1649,1680,1679,1650,1677,1676,19,1
734,2,1681,1680,5,8,1677,1676,1675,1674,1673
735,0,1681,1,7,8,10,11,49,48,46
736,2,5,6,1679,8,51,50,47,45,60
737,1,3,1680,4,1678,7,11,48,46,45
738,1677,984,1675,334,1673,1310,1671,333,1309,885
739,0,1681,1,3,1678,1677,7,49,48,43
740,1639,24,25,1656,26,27,28,1679,31,1677
741,0,1681,2,4,5,7,1676,8,1674,46
742,1669,909,908,906,900,899,912,918,896,877
743,1656,0,1681,1680,1679,1678,1677,1676,1675,1660
744,1,2,1680,1679,3,52,51,50,47,46
745,1471,698,405,1674,701,1672,1178,706,707,406
746,1668,25,26,1656,27,908,905,904,902,901
747,1,2,3,1679,5,6,1676,7,1674,8
748,1669,1657,1659,1671,32,1662,34,1663,1648,1675
749,0,1681,1680,1679,1,1677,3,5,8,1673
750,0,1,2,1679,1678,3,1676,4,1674,1673
751,1666,0,1681,3,6,1678,1677,8,9,1669
752,1,2,1680,4,5,6,8,10,46,45
753,24,32,1656,17,20,44,43,42,40,35
754,6,7,10,11,13,52,51,50,49,48
755,0,3,1680,1679,11,52,51,50,48,46
756,0,1681,1,5,1678,1677,1676,6,9,46
757,0,1681,6,1679,7,49,48,45,60,58
758,1656,0,1681,1660,1663,1678,1677,1676,1675,21
759,1665,1,2,1680,1679,3,5,6,8,1674
760,0,1681,1680,1,2,3,4,8,1674,48
761,1677,995,325,1309,322,1111,1671,1670,1669,1307
762,1660,0,1681,1663,1679,1652,10,23,1664,14
763,1663,0,1664,2,1679,4,5,1676,1675,1666
764,2,5,6,1679,8,1676,1675,49,47,9
765,1665,1,2,1680,3,1678,4,1666,7,1674
766,2,3,5,1679,8,1677,1676,9,1674,47
767,1669,5,1674,1661,8,9,1662,51,47,44
768,0,1681,2,3,1678,7,11,50,49,48
769,4,6,1680,7,13,52,51,50,48,58
770,11,13,1680,51,49,48,61,56,78,77
771,0,1681,3,1679,5,1677,1676,6,1674,7
772,1669,1671,1646,1647,1637,26,1680,946,938,928
773,1667,1657,0,1681,1660,1679,1648,1677,1676,1669
774,1656,1657,1659,1661,1679,1663,1677,1676,1648,8
775,0,1681,1,1679,1678,1677,3,4,5,1673
776,1,2,4,5,6,7,1676,8,1674,48
777,2,5,1680,1679,53,52,51,50,47,46
778,1,2,3,1679,6,7,8,10,49,48
779,1660,0,1681,1661,1679,1662,1677,1676,1675,1648
780,1656,0,1657,1663,1679,1678,1677,1676,1648,1674
781,0,1681,7,8,1678,9,11,50,49,47
782,1666,0,1681,5,6,8,1677,1676,9,47
783,0,1681,2,1679,6,7,1676,1675,49,47
784,0,1,4,5,7,8,1676,9,1674,48
785,0,2,4,6,1678,7,8,50,49,48
786,1,2,1680,3,1678,4,5,6,1674,7
787,1,2,1680,3,1678,4,5,8,1674,1673
788,1668,0,1,1672,2,1678,3,8,4,47
789,0,1681,3,1679,5,1677,7,8,47,44
790,1,5,1680,1679,7,1677,1676,1675,1674,48
791,1656,0,1681,1649,1679,1651,10,9,8,23
792,1665,1,2,3,1679,6,1677,771,770,769
793,1,3,1680,1679,4,8,51,44,59,56
794,794,793,792,804,803,801,800,778,777,786
795,1671,1674,1657,36,879,875,920,866,905,904
796,1656,1657,1681,1680,1679,1659,1677,1660,1675,1663
797,1664,1669,2,1659,1679,1661,1677,1676,1675,1646
798,1677,1676,315,310,1673,1263,1671,1055,1669,869
799,0,1681,1680,1679,1,2,1676,1675,1674,4
800,0,1681,5,1679,7,8,1676,9,47,55
801,0,1,2,1679,3,1677,1676,5,1674,6
802,1,5,6,1679,7,8,1676,9,47,46
803,1668,2,3,1680,8,11,12,51,50,47
804,0,1,1680,1679,2,3,1676,4,5,1673
805,1662,1,3,1680,1679,5,1677,6,8,46
806,0,1681,1,1679,2,5,1676,1675,6,1673
807,1665,861,858,857,870,868,867,865,14,855
808,1656,1662,1681,1649,1650,1678,1677,1676,9,23
809,1667,34,1656,0,1681,37,38,1678,1677,1676
810,1664,1665,1,5,6,1678,1677,1676,1675,1674
811,1657,1662,1663,1680,1679,1648,1651,8,21,19
812,1,1681,1680,2,3,8,47,44,59,58
813,1658,1659,1660,1648,1679,1651,1677,1664,15,89
814,0,1,2,4,5,6,1676,8,1674,46
815,1,5,1680,7,10,12,46,56,55,54
816,0,1681,1,2,1678,5,1676,6,1674,7
817,0,1681,4,7,1678,9,50,49,45,59
818,1656,1660,1661,1663,1679,1651,1677,10,9,8
819,1677,203,200,197,1673,1672,195,194,192,1668
820,0,1681,1,1679,1678,1677,1676,1675,3,1673
821,11,1681,1680,1679,12,1677,51,48,47,46
822,2,5,1680,1679,6,8,1676,1675,1674,46
823,1671,57,58,1672,32,59,1675,49,50,1678
824,0,1,2,3,1678,4,1676,1675,5,1673
825,0,1681,6,1679,1678,1677,7,50,49,47
826,0,1681,3,1679,1678,7,11,50,48,47
827,0,1,2,4,5,7,1676,8,1674,48
828,1668,0,2,5,6,8,9,1676,1675,1674
829,0,1681,6,8,1678,11,49,47,45,57
830,5,1681,1680,1679,10,1677,51,46,58,56
831,4,6,7,9,13,52,50,48,60,57
832,1,3,1680,4,1678,6,7,50,49,48
833,0,1,2,1679,3,5,1676,7,1674,8
834,1,1681,3,1679,1678,7,1676,10,49,48
835,0,1,2,1679,5,6,1676,7,8,1673
836,0,1681,1,2,1678,3,1676,5,8,1673
837,0,1681,1,2,1678,3,7,8,1674,1673
838,0,3,5,1679,6,1677,7,8,1674,47
839,1633,24,32,1656,1634,1637,1639,1641,17,15
840,1664,1,1681,4,5,1678,1677,1676,1666,7
841,0,1681,1680,1679,1,1677,3,1675,7,1673
842,24,32,1656,27,29,31,17,42,40,55
843,0,1681,1,2,4,5,1676,1675,8,1673
844,0,1681,1,1679,1678,1677,1676,3,4,1673
845,1656,0,1681,1680,1679,1659,1677,1676,1675,1660
846,0,1681,1,5,7,1677,8,10,46,44
847,1675,1661,5,1680,1679,12,1677,51,46,44
848,1656,1658,1661,1663,1649,1651,10,9,23,21
849,1,1681,3,7,8,1677,1676,1675,1674,47
850,0,1681,3,4,7,8,50,49,48,45
851,1,2,5,1679,6,7,1676,8,9,46
852,0,1681,1,3,1678,4,1676,7,1674,8
853,1668,1656,0,1657,1663,1679,1678,1677,1676,1648
854,0,1,1680,1679,2,5,1676,1675,1674,8
855,0,1681,1,1679,3,1677,5,7,49,47
856,6,1681,7,8,10,1677,51,50,49,47
857,0,1681,2,5,1678,6,8,1676,7,1673
858,4,7,1680,1679,13,52,50,49,48,46
859,1677,180,1675,1124,1673,175,1318,1122,1669,1668
860,1,2,4,9,10,48,46,45,67,62
861,2,6,7,9,1678,10,50,48,47,44
862,1657,1659,1681,1648,1649,1678,1677,1676,8,21
863,0,1681,3,1679,11,1677,51,50,47,58
864,0,3,4,1679,6,7,51,50,49,48
865,0,1681,1,4,1678,5,1676,1675,7,1673
866,2,11,1680,12,53,52,51,47,60,57
867,1656,0,1681,1657,1679,1658,1677,1676,1675,1660
868,1,3,1680,6,1678,1677,8,50,48,44
869,0,2,4,7,8,50,49,45,59,57
870,0,1681,1680,10,11,12,51,49,46,58
871,1,2,1680,3,4,8,47,46,45,44
872,1657,0,1681,1680,1659,1678,1660,1662,1675,1663
873,0,1,2,3,1678,4,5,6,7,1673
874,2,5,6,1679,7,9,1676,1675,49,47
875,1661,1664,56,1662,21,1648,1652,10,22,3
876,1656,1658,1659,1680,1679,1660,1663,1676,1675,20
877,0,1681,5,1679,6,7,1676,1675,9,46
878,1658,1659,1660,1680,1662,1663,1651,8,2,89
879,1667,1659,1668,1681,1680,1660,1661,1662,1648,1675
880,1671,3,11,1672,1673,1678,1677,51,50,48
881,1663,0,1681,1,1679,1678,1677,1676,1675,1664
882,0,1681,5,1679,1678,1677,1676,1675,6,1673
883,1022,1020,1019,10,9,8,23,20,975,1018
884,25,27,1656,0,29,1680,16,1678,41,40
885,1656,0,1681,1680,1657,1678,1677,1676,1675,1659
886,0,1681,2,4,1678,5,1676,1675,1674,7
887,1663,0,1681,1,1679,1678,1677,1676,1664,5
888,1658,1650,1651,1652,1679,10,9,8,23,2
889,1656,1657,1681,1659,1661,1663,1677,1648,1675,8
890,1675,1656,1658,1659,1660,1679,819,829,1643,1641
891,1666,0,1681,1,4,1678,5,1676,7,9
892,1656,0,1660,1661,1679,1663,1677,1676,1675,17
893,1656,1661,1663,1648,1679,1652,10,9,8,22
894,0,3,1680,8,12,51,50,48,59,58
895,0,1,3,1679,4,5,1676,6,1674,7
896,0,1681,2,1679,6,1677,1676,1675,7,1673
897,0,1,1680,1679,1678,1677,1676,3,4,5
898,1,4,5,6,1678,1677,1676,7,9,47
899,0,1,2,3,4,5,1676,8,1674,47
900,24,32,1656,25,27,28,17,1678,1677,40
901,1656,0,1657,1680,1679,1660,1677,1676,1663,1648
902,25,26,1656,27,29,18,1679,1678,41,55
903,1663,1665,1,1680,1679,1668,1677,3,1675,6
904,0,1681,6,7,11,1677,51,50,47,58
905,1671,24,26,1656,27,28,17,1679,42,41
906,1666,1656,1661,1663,1649,1679,1678,1677,1676,1675
907,1667,1656,1657,1671,1659,1679,1660,1648,1676,1675
908,1668,0,1681,1,3,1678,1677,7,8,49
909,0,2,3,5,1678,1677,1676,1675,1674,1673
910,0,1681,1,2,1678,1677,1676,3,1674,1673
911,2,4,5,6,1678,7,1676,8,9,47
912,1,3,5,1679,8,6,1677,50,47,44
913,0,1,2,1679,1678,3,1676,4,1674,5
914,1660,1661,1662,1680,1679,1663,1677,1676,1675,1648
915,0,1681,1,1679,2,3,1676,7,1674,8
916,1,2,3,1679,5,6,1676,1675,7,47
917,1,2,3,4,1678,6,8,9,1674,48
918,0,1681,2,1679,3,7,8,50,49,48
919,1668,1669,1672,0,37,38,39,1678,40,1673
920,1,3,1680,6,1678,1677,7,49,10,47
921,1668,1,2,5,1679,6,8,1676,9,1674
922,1,2,3,4,1678,6,1676,7,1674,48
923,1,4,5,1680,1679,6,1676,1675,7,46
924,0,1681,7,8,11,12,51,50,49,48
925,1,2,1680,3,1678,4,1676,5,1674,6
926,1657,1659,1681,1680,1679,1660,1677,1676,1675,1661
927,0,1681,3,1679,6,7,10,50,49,48
928,1,3,1680,4,1678,6,7,10,49,48
929,4,7,5,1679,9,12,51,50,49,48
930,0,1681,2,1679,5,6,8,50,49,58
931,1,2,3,4,1678,7,11,50,48,47
932,8,0,1681,2,4,7,50,49,45,59
933,1656,1659,1661,1680,1662,1678,1677,1676,1675,1663
934,1669,1656,0,1681,1658,1650,1651,1677,9,1673
935,1658,1662,1649,1650,1651,1678,10,9,21,3
936,1,6,7,1679,8,10,1676,49,46,58
937,930,928,927,926,933,932,902,899,914,913
938,1662,0,1681,1,3,1678,4,1676,5,6
939,0,1,2,6,7,8,1676,10,49,46
940,1669,1656,1661,1648,802,858,807,806,805,861
941,1227,1676,228,1273,1272,227,223,1670,1669,1668
942,0,1681,1680,1,1678,4,1676,1675,5,1673