0,323,136,99,168,407,113,646,126,662,49
1,56,126,97,431,734,196,275,1678,58,301
2,901,346,314,339,342,293,315,1460,708,249
3,1376,1566,271,353,1558,206,662,495,1678,1460
4,174,579,429,407,113,674,640,178,653,324
5,1021,492,191,473,749,482,602,47,134,656
6,288,298,261,343,1678,1062,418,291,305,968
7,179,1348,150,704,134,968,257,654,734,153
8,318,178,47,271,407,168,172,267,55,245
9,1678,1566,1376,312,1558,1625,126,1348,523,196
10,325,314,315,317,462,528,844,302,1558,708
11,257,314,317,325,1583,312,315,203,21,207
12,325,513,469,152,639,610,124,205,922,579
13,747,325,1348,234,108,684,46,291,9,205
14,704,431,49,244,291,180,422,749,1125,1129
15,143,204,173,514,191,525,11,63,172,356
16,168,49,172,55,249,171,318,180,47,18
17,285,211,1376,514,310,271,206,1501,13,99
18,115,528,63,271,407,113,515,735,602,315
19,689,288,299,923,688,312,70,691,219,471
20,150,152,1141,186,11,191,22,153,126,503
21,285,312,24,1583,267,745,245,275,195,271
22,285,407,168,125,172,167,812,510,854,88
23,126,55,312,186,275,97,285,204,297,503
24,257,271,168,206,325,407,1583,1376,315,268
25,312,126,49,97,495,204,47,173,171,482
26,126,271,315,63,520,886,99,332,301,309
27,41,149,301,49,346,6,247,189,409,514
28,271,317,315,1583,312,1660,55,514,126,204
29,284,85,482,169,22,662,495,1376,271,126
30,178,653,58,473,431,174,516,59,1021,54
31,55,186,126,245,1566,155,267,63,1376,271
32,312,1566,297,95,270,55,1558,194,1376,1678
33,345,747,310,306,301,339,1583,222,241,457
34,293,315,117,1460,989,251,353,328,1583,332
35,749,244,881,343,431,205,1239,357,133,291
36,270,681,1566,287,259,1558,762,200,324,186
37,282,236,142,303,410,895,1059,691,274,243
38,305,304,339,288,537,301,739,297,248,149
39,704,317,63,271,1678,428,300,172,115,528
40,301,149,326,6,380,11,170,113,345,174
41,173,312,180,49,171,232,143,142,317,1625
42,312,271,1583,317,1678,495,49,315,96,14
43,189,735,326,128,194,749,338,314,276,317
44,315,314,271,528,1376,520,99,113,708,168
45,301,291,886,1678,1376,1348,222,250,63,189
46,301,305,8,1678,149,1566,1348,339,115,304
47,198,100,640,178,430,429,134,49,479,155
48,58,220,380,343,59,344,241,92,521,261
49,257,218,420,714,41,249,959,170,287,346
50,312,172,49,175,204,21,171,173,95,180
51,1678,1376,257,63,189,271,317,115,477,1566
52,271,332,312,126,63,68,1660,309,1583,204
53,315,346,901,218,314,108,293,41,530,249
54,126,191,155,179,749,187,181,202,178,199
55,180,173,49,171,95,1566,1598,21,63,194
56,325,315,271,314,520,206,257,1566,1376,63
57,285,879,743,55,257,186,172,514,476,267
58,474,55,315,155,275,41,178,126,356,213
59,1558,1678,315,113,1566,1376,189,305,317,515
60,346,325,315,314,309,41,272,748,63,327
61,55,18,174,1348,285,257,172,108,49,420
62,8,18,1348,506,1376,714,1239,812,168,133
63,172,204,82,407,317,514,178,168,271,208
64,315,370,317,314,254,1678,271,482,749,63
65,346,257,63,688,49,194,173,21,81,243
66,1566,252,1376,1678,269,662,297,1558,1460,126
67,704,284,506,8,168,318,49,47,1348,18
68,150,431,245,261,267,1678,153,1064,1566,49
69,312,173,49,55,632,97,126,204,482,171
70,318,285,178,99,407,47,13,473,306,271
71,315,886,332,314,505,1558,370,271,338,303
72,178,473,343,189,223,208,517,126,749,241
73,315,314,312,901,55,271,1583,317,96,95
74,126,301,6,170,257,323,149,297,153,269
75,431,275,503,153,179,22,653,134,49,1348
76,115,326,428,11,174,149,113,108,529,528
77,275,284,1348,55,631,885,895,1128,605,318
78,174,407,59,646,473,58,113,220,515,651
79,236,513,1660,514,68,186,211,99,206,63
80,312,332,126,175,285,204,202,514,68,21
81,482,191,63,602,47,704,134,49,198,434
82,173,567,143,264,312,21,214,142,738,68
83,1678,632,317,131,749,130,602,8,125,132
84,47,1678,704,1348,482,653,407,284,168,133
85,301,431,261,662,895,1136,282,1566,22,345
86,288,1678,124,173,312,317,968,254,240,195
87,476,284,747,684,302,1376,168,481,39,1583
88,1583,285,312,55,178,332,8,627,222,297
89,168,407,132,482,1376,123,496,478,1625,481
90,299,525,96,68,21,312,49,182,495,117
91,55,126,179,1348,275,301,97,356,222,63
92,302,125,1583,1558,268,9,897,168,353,317
93,1376,241,343,708,473,126,8,407,99,602
94,257,125,271,268,428,49,247,18,325,309
95,275,431,284,1348,407,133,1583,88,5,479
96,747,301,291,1348,684,248,159,325,149,205
97,302,1583,284,415,315,271,495,85,260,250
98,218,301,149,874,95,41,346,761,409,297
99,108,49,180,305,168,172,901,268,537,18
100,312,173,68,96,143,180,171,95,49,203
101,49,1678,1348,133,407,431,704,205,479,198
102,55,271,49,315,172,11,194,168,314,249
103,49,171,180,305,173,18,177,530,901,301
104,257,126,301,186,1566,97,21,297,63,274
105,317,514,314,315,1678,526,356,305,271,312
106,346,315,314,708,41,1239,12,113,18,901
107,1376,136,168,1566,514,318,206,708,302,1558
108,312,270,249,95,750,297,55,173,236,180
109,288,923,689,277,706,936,1678,317,305,739
110,301,1583,268,271,315,314,339,305,297,312
111,96,244,1583,312,275,291,14,315,881,749
112,318,172,696,300,885,716,1376,726,82,958
113,49,407,88,178,791,462,343,171,431,18
114,174,55,178,511,474,323,155,1239,249,113
115,275,5,653,431,503,178,134,516,126,513
116,315,95,55,314,327,271,281,245,332,116
117,41,267,170,149,1566,301,11,651,245,115
118,257,1566,1376,325,252,245,476,885,420,1678
119,257,285,317,1678,734,659,420,58,271,60
120,318,47,495,1021,1678,482,505,130,704,484
121,480,431,56,1376,1159,130,871,581,714,632
122,130,126,285,135,178,473,47,196,615,241
123,54,1011,301,261,1558,324,136,651,6,1566
124,142,172,418,98,150,417,495,49,704,1021
125,291,330,1348,581,704,131,418,715,288,871
126,249,2,194,81,747,227,384,681,95,66
127,257,495,125,271,243,206,287,1566,514,1376
128,285,241,689,268,632,274,220,345,310,407
129,1566,297,287,312,1558,1678,301,936,236,495
130,315,314,339,271,1583,275,345,96,268,293
131,99,267,651,55,1566,126,136,168,1558,922
132,428,49,267,1141,180,245,165,325,63,168
133,173,168,312,325,172,229,747,203,180,95
134,1566,346,514,41,651,63,1376,315,11,126
135,513,922,520,115,250,284,99,58,59,211
136,750,95,269,1460,664,173,901,297,180,96
137,312,99,204,275,55,126,97,173,168,95
138,55,1460,1376,168,271,879,323,708,315,9
139,317,271,302,285,1583,1678,1558,514,1660,195
140,299,312,281,257,68,309,21,160,923,24
141,271,257,284,300,662,275,126,1583,250,962
142,267,1558,245,1678,41,315,430,1566,332,272
143,482,317,602,514,173,142,206,510,1660,131
144,346,901,182,49,314,41,530,127,514,173
145,749,704,18,161,49,131,602,134,581,1008
146,8,1678,271,317,1583,222,115,824,125,291
147,151,318,47,24,344,337,168,245,195,275
148,285,268,1583,304,537,305,301,689,659,312
149,55,271,49,474,1348,8,1583,11,300,247
150,125,18,268,257,241,123,428,407,206,510
151,325,257,968,236,211,691,21,654,1062,206
152,339,159,211,511,189,8,886,202,179,649
153,191,134,179,126,653,527,199,178,473,602
154,317,1583,305,302,267,301,250,1678,245,268
155,126,482,191,602,184,22,426,179,510,478
156,514,314,1558,267,315,325,317,1011,99,204
157,1678,130,1376,480,1159,1021,47,261,1566,431
158,96,299,105,662,312,294,269,923,471,936
159,126,41,99,345,301,181,346,22,155,640
160,275,315,211,520,99,513,12,886,314,345
161,271,332,63,315,1678,309,68,312,1583,96
162,271,514,68,314,126,99,1660,63,315,281
163,96,309,299,244,315,117,688,271,312,689
164,113,1678,407,305,1376,267,428,245,168,18
165,525,596,384,430,322,677,327,748,225,299
166,220,276,1062,683,689,162,968,189,649,46
167,204,264,154,325,1129,1660,309,195,317,206
168,125,49,312,21,8,495,251,63,1678,632
169,309,331,315,327,321,272,299,748,332,271
170,169,271,662,1376,126,482,99,1501,47,250
171,174,407,339,178,1583,314,113,305,315,1348
172,315,314,317,271,407,113,1583,305,1678,222
173,301,305,288,1008,689,749,96,291,241,244
174,495,63,173,21,49,403,704,422,1678,97
175,301,345,58,59,275,60,174,646,474,1348
176,55,1348,474,133,155,275,178,49,1460,126
177,257,21,63,1566,173,968,312,299,27,172
178,332,293,234,520,271,315,297,218,314,287
179,285,268,345,241,306,125,250,897,1583,99
180,312,21,297,236,68,204,287,299,173,175
181,49,180,171,173,1678,495,482,317,198,312
182,968,513,325,689,659,142,317,1558,523,162
183,1678,58,8,284,302,506,56,250,130,59
184,513,495,168,482,206,284,1566,1535,169,274
185,322,689,270,325,863,1072,968,240,1558,226
186,261,495,241,320,343,223,514,492,204,125
187,1583,301,1678,288,312,275,291,431,245,305
188,150,614,208,46,131,304,9,1566,142,918
189,180,49,312,173,171,271,1583,68,21,95
190,275,317,55,1583,312,1348,271,422,8,315
191,267,287,41,245,409,115,320,218,1678,1566
192,136,169,494,1376,196,886,649,1202,426,482
193,271,126,63,1660,495,204,514,99,356,97
194,301,317,426,63,49,315,173,356,1348,495
195,284,282,150,1064,142,698,450,56,1566,274
196,173,96,49,21,171,510,482,68,97,495
197,47,49,482,198,918,193,431,602,177,172
198,344,285,305,58,150,241,304,317,153,274
199,1678,49,194,1566,180,430,173,171,1460,431
200,55,615,1064,319,339,832,181,1072,1367,1558
201,325,689,301,520,684,159,747,346,922,326
202,1678,431,261,343,495,49,188,305,287,704
203,85,284,275,581,422,339,241,291,305,132
204,305,301,315,244,317,747,428,327,314,271
205,126,267,204,99,514,10,1011,1660,271,332
206,1558,317,1678,1566,303,495,302,63,68,271
207,318,484,482,136,132,47,918,675,198,193
208,431,205,133,479,188,640,491,495,429,49
209,1678,133,271,482,63,1583,495,1566,126,49
210,337,407,168,47,178,172,256,219,312,422
211,1376,318,325,1678,302,206,257,300,24,142
212,1678,240,1566,1376,55,530,1072,923,1680,288
213,1566,176,184,651,346,179,128,1376,11,496
214,1678,1021,418,704,142,1625,484,131,431,317
215,126,63,155,186,271,202,514,97,41,175
216,747,333,274,227,285,282,464,2,142,330
217,689,220,184,189,1566,514,179,182,21,510
218,285,18,174,59,407,58,511,92,546,646
219,312,49,495,172,168,271,21,317,173,171
220,315,1308,178,346,41,1558,99,210,155,901
221,312,95,309,281,173,116,21,126,332,68
222,143,204,191,567,1011,156,214,173,836,232
223,312,173,288,203,14,180,317,49,142,422
224,99,126,514,186,510,520,271,315,173,97
225,271,168,315,514,268,317,49,222,314,172
226,241,261,136,99,606,343,268,615,169,1308
227,689,301,96,285,268,241,495,14,1583,312
228,8,282,897,241,274,310,339,1136,343,506
229,257,691,300,271,244,325,169,1376,96,1678
230,315,901,346,311,96,688,314,271,244,125
231,275,1348,284,653,47,662,407,631,168,133
232,301,96,284,426,169,275,85,662,1501,495
233,431,482,261,132,1021,47,492,426,177,1678
234,261,178,653,54,58,204,150,208,407,473
235,714,871,8,251,632,275,771,56,1308,959
236,602,99,527,191,603,123,749,512,315,356
237,312,285,1583,297,684,168,268,95,627,271
238,323,18,1239,1460,853,581,249,951,708,855
239,1583,271,312,267,301,24,250,268,285,305
240,55,8,63,191,178,126,271,156,222,186
241,317,8,1583,1678,288,315,271,314,305,302
242,275,284,1348,407,581,123,473,133,315,99
243,318,1678,895,261,56,130,47,431,1376,1159
244,269,1376,431,1027,679,252,1159,56,1678,688
245,115,170,241,268,41,149,326,188,380,428
246,1566,495,1678,1376,63,477,274,21,428,257
247,218,41,155,267,651,326,346,197,149,582
248,267,250,514,1678,271,1566,1376,126,317,8
249,1678,199,130,1159,505,1021,126,1566,135,647
250,301,305,495,426,149,1678,49,356,63,97
251,271,317,63,55,407,222,172,204,11,514
252,689,261,495,1678,135,1376,21,269,299,1566
253,173,96,81,180,312,49,171,330,21,251
254,55,1072,186,143,762,2,879,779,218,843
255,301,1558,325,1678,428,1566,305,689,250,1583
256,18,431,1348,249,506,275,343,1239,261,49
257,407,168,481,331,198,123,188,88,256,113
258,55,178,1348,134,174,11,194,407,186,126
259,1460,191,156,143,422,479,315,291,173,133
260,1678,49,1625,288,171,261,1348,317,173,180
261,318,267,300,1678,1583,245,250,8,317,305
262,749,8,317,189,602,241,130,656,204,632
263,704,305,49,150,304,1348,1678,428,11,133
264,332,301,315,116,303,297,281,272,886,672
265,268,241,301,204,356,514,285,317,99,689
266,126,1566,55,186,88,653,178,1678,167,1376
267,275,55,178,99,126,204,407,513,10,653
268,9,318,324,41,31,100,13,1058,1202,921
269,1678,505,261,431,1159,343,1021,517,935,320
270,191,97,317,356,63,68,482,99,1660,514
271,11,63,520,191,186,55,22,1566,126,179
272,268,250,530,301,245,315,1376,314,267,302
273,285,168,271,407,268,125,241,222,312,514
274,1625,173,49,180,1460,171,1678,312,1376,479
275,49,55,11,178,172,407,126,194,168,171
276,8,886,271,63,871,1678,317,115,130,250
277,204,514,172,168,312,495,188,175,342,178
278,270,267,337,324,322,245,344,669,219,1558
279,267,476,245,1583,300,302,1558,318,250,9
280,297,689,684,312,475,457,464,1583,282,747
281,172,49,11,168,271,55,171,175,167,407
282,1566,1376,662,136,530,1064,325,1011,113,176
283,267,315,314,1558,115,1566,1376,250,325,9
284,49,312,168,171,301,1583,305,180,55,173
285,343,1008,305,115,291,945,1678,428,897,735
286,55,314,315,514,99,356,339,511,211,123
287,301,495,126,97,513,169,662,426,282,268
288,293,256,312,1015,1583,901,530,95,315,270
289,180,312,49,173,865,68,168,171,21,96
290,317,267,55,1583,305,339,315,474,245,1678
291,55,514,191,126,186,602,1566,99,356,190
292,126,191,134,431,179,275,749,47,97,22
293,55,312,49,1566,11,1348,1678,172,249,287
294,885,1376,300,245,1159,1566,318,476,325,696
295,275,285,407,196,5,99,653,47,151,88
296,285,268,241,506,312,168,18,169,1501,55
297,317,1678,315,271,312,1583,482,479,495,422
298,639,115,63,320,1566,189,267,517,245,1678
299,696,1159,1376,2,958,1566,771,252,55,873
300,346,530,901,315,1376,1558,314,1566,708,168
301,267,245,24,180,1678,312,1583,49,270,67
302,55,356,317,514,237,8,186,526,312,204
303,312,173,21,299,143,95,233,236,525,78
304,241,188,495,115,428,268,282,274,301,704
305,407,178,305,473,343,113,241,315,49,708
306,318,47,49,168,172,180,407,431,245,171
307,1566,55,252,1376,1678,1348,186,1159,885,696
308,1376,325,257,1566,696,330,420,142,81,747
309,241,495,317,285,189,343,204,125,132,407
310,312,1583,55,96,317,95,285,275,173,204
311,343,241,305,301,495,1308,897,1678,881,250
312,491,640,345,479,198,301,1308,512,99,610
313,303,325,735,1558,346,243,314,895,741,353
314,268,153,136,301,646,168,237,267,99,241
315,285,257,125,60,752,649,220,268,115,325
316,747,194,16,1583,332,315,1678,300,1460,357
317,303,271,415,495,1660,315,68,422,302,1583
318,63,315,271,1678,1376,222,317,1566,190,189
319,267,245,1678,1566,301,1558,1018,149,325,116
320,132,632,496,204,317,689,407,514,131,319
321,55,191,275,179,126,356,654,63,186,134
322,191,126,63,179,186,11,97,22,520,1141
323,55,315,1376,1583,1566,901,1678,312,317,271
324,345,431,579,640,646,99,5,512,473,610
325,346,735,308,314,689,277,132,740,844,326
326,261,1678,1021,895,1566,150,605,1064,142,8
327,125,514,257,602,317,82,632,1376,189,271
328,99,126,345,301,271,96,97,268,315,510
329,1376,1566,1678,325,885,1583,1558,257,1159,1348
330,346,257,1009,60,651,901,136,323,92,58
331,1566,2,1376,1678,1680,95,194,257,762,55
332,180,173,325,312,271,1583,885,68,195,865
333,126,252,1566,1376,179,55,323,284,22,1348
334,301,345,305,241,343,1583,1558,712,689,315
335,287,126,297,894,186,97,301,21,68,312
336,968,317,172,189,63,254,683,21,704,1062
337,431,284,310,345,56,487,693,646,22,133
338,126,1376,318,47,136,99,407,186,653,178
339,154,299,689,484,82,377,495,965,683,331
340,1558,1678,1566,291,288,886,142,698,1376,968
341,339,9,304,115,8,513,476,1535,473,13
342,18,1348,49,1128,257,1239,704,108,427,55
343,473,704,301,134,653,133,640,1348,305,1678
344,168,268,285,257,97,169,514,274,356,206
345,49,180,173,171,143,134,749,191,198,194
346,639,63,287,124,272,143,332,67,391,974
347,1678,1376,1566,312,271,1558,315,1598,1583,299
348,886,300,59,267,58,245,291,339,315,115
349,581,407,284,123,168,1348,241,473,275,133
350,125,689,1376,132,1678,317,495,164,165,241
351,275,126,96,312,156,191,97,173,55,179
352,271,285,126,63,1660,312,309,96,68,520
353,515,407,241,897,646,115,188,431,345,310
354,1376,1678,271,168,1566,812,222,407,172,7
355,257,332,63,309,21,244,189,247,95,271
356,173,49,180,171,312,482,168,21,1678,317
357,18,511,298,174,343,1008,715,128,1009,80
358,49,168,407,312,180,88,285,6,171,173
359,126,196,99,275,1501,1376,510,285,512,482
360,482,191,602,510,126,130,492,196,478,13
361,1308,323,251,294,688,117,345,311,126,948
362,344,380,285,189,844,174,326,305,304,241
363,55,259,514,319,1460,1072,23,615,1308,339
364,115,8,320,250,285,517,189,274,1678,63
365,879,128,315,271,1239,1460,1376,318,461,155
366,1376,1460,1566,346,921,530,126,1678,49,41
367,342,178,1583,343,474,8,188,168,241,47
368,168,256,49,407,180,1460,315,173,113,99
369,689,343,241,261,301,184,706,923,749,132
370,312,68,236,96,173,317,97,204,1072,514
371,179,159,1566,886,189,199,202,63,252,1004
372,305,689,428,261,537,188,1678,301,343,288
373,1072,211,673,159,120,257,156,96,1089,330
374,312,204,525,1678,317,495,173,49,143,519
375,21,204,514,97,126,189,63,312,510,222
376,704,49,172,55,312,8,11,1348,194,173
377,1678,317,1376,482,131,495,1348,497,602,312
378,356,55,1348,99,315,113,237,173,314,514
379,125,689,241,268,18,343,632,285,132,220
380,735,1128,150,614,704,131,46,1348,191,602
381,9,649,211,895,879,511,1376,1566,651,1202
382,895,282,274,115,1566,513,922,58,199,150
383,1678,1583,305,317,1348,288,312,49,8,301
384,9,211,323,123,581,614,407,879,853,921
385,204,312,514,317,95,202,222,326,285,189
386,674,54,178,791,249,174,208,182,6,170
387,1678,49,149,194,299,1566,180,688,346,182
388,431,487,133,640,479,473,1678,483,653,660
389,271,250,495,1376,115,257,1678,63,169,294
390,513,301,339,356,520,304,123,314,922,237
391,495,317,1021,482,356,132,749,519,492,426
392,325,1678,735,1558,1566,338,327,346,317,430
393,1583,284,1348,301,407,275,133,271,1566,1558
394,407,49,178,168,134,172,171,1348,194,173
395,312,1678,219,1625,1583,251,142,254,384,14
396,431,150,513,653,153,49,126,503,152,284
397,495,317,312,271,422,602,63,1660,482,704
398,1678,1376,288,1583,298,18,305,901,315,878
399,312,420,1376,257,1566,514,271,23,168,24
400,370,1062,254,749,871,314,696,288,315,317
401,312,168,204,186,55,482,1660,236,156,97
402,747,257,420,8,18,271,244,55,285,222
403,173,180,49,325,171,96,662,269,203,256
404,704,254,248,288,150,236,203,108,152,304
405,18,1239,878,343,688,747,881,159,249,345
406,49,168,1678,1376,1566,177,172,171,261,113
407,275,662,1348,168,1460,1583,284,49,300,133
408,345,241,268,301,339,220,123,380,305,689
409,312,168,268,204,96,256,132,689,99,173
410,49,1678,318,180,482,47,171,173,317,1376
411,55,312,301,1583,49,204,317,173,168,95
412,704,142,168,407,482,172,418,274,130,312
413,126,301,63,1566,179,11,97,186,22,115
414,315,1348,49,1460,271,314,275,1583,133,180
415,63,257,189,1678,21,320,172,299,82,115
416,254,696,288,968,1678,240,55,189,276,317
417,312,236,68,271,332,285,287,514,420,257
418,241,268,495,305,506,85,168,302,1583,301
419,513,274,602,473,123,1535,220,241,407,656
420,126,346,182,176,41,1460,155,692,179,272
421,126,186,55,323,879,1376,771,97,1566,257
422,284,1501,169,302,1376,85,506,310,1583,250
423,339,301,305,345,1558,250,267,241,897,706
424,275,174,5,10,653,431,284,503,640,152
425,513,603,610,123,1558,922,99,1202,614,426
426,1583,1678,747,300,291,1376,1348,885,1159,349
427,96,312,1460,251,1348,49,173,1376,296,1583
428,301,49,315,530,356,41,662,314,173,99
429,204,514,656,208,602,189,191,172,82,317
430,312,1583,315,271,332,95,314,747,317,96
431,63,143,191,332,272,315,126,654,271,11
432,126,97,186,55,47,49,510,196,482,1348
433,865,992,681,303,160,68,762,236,1129,894
434,172,267,55,200,249,183,155,245,287,197
435,315,1583,332,300,747,627,271,267,886,1566
436,18,131,581,314,1348,521,330,370,305,1128
437,63,317,495,1678,271,303,68,312,315,254
438,312,1583,506,1064,85,1376,1625,1121,168,1678
439,662,301,22,1136,895,346,672,41,126,179
440,1376,168,49,173,257,1566,180,1460,271,172
441,55,91,54,178,174,143,503,134,179,155
442,301,257,297,271,63,520,332,274,21,10
443,301,1678,63,1558,315,41,272,662,505,317
444,191,55,156,8,871,581,130,958,704,254
445,431,275,291,5,49,56,1348,653,171,133
446,49,180,126,662,171,431,198,41,301,1141
447,689,261,282,220,739,968,142,150,954,288
448,179,191,126,184,134,97,527,199,749,196
449,1376,1566,1678,1558,481,482,610,523,63,1583
450,156,55,143,293,95,236,384,762,879,186
451,299,632,132,125,615,251,525,135,689,342
452,55,271,49,155,186,126,172,175,180,287
453,303,251,96,747,117,865,330,125,81,312
454,126,632,312,285,222,97,510,175,88,407
455,136,41,651,521,80,261,530,58,267,54
456,1678,189,63,49,317,222,134,11,749,190
457,270,1011,324,513,1558,1566,1064,31,162,922
458,312,251,299,173,1625,49,180,495,117,525
459,301,345,60,58,462,305,136,646,99,241
460,8,714,249,959,771,55,126,287,474,175
461,254,63,312,1129,68,303,332,124,143,567
462,285,257,734,96,275,58,179,420,19,237
463,271,1583,317,315,1678,495,8,241,250,528
464,407,1376,168,172,227,285,222,632,1566,7
465,288,874,409,346,298,923,572,41,305,1678
466,168,267,284,275,662,55,1348,506,245,1583
467,49,150,171,704,1678,47,261,173,172,312
468,602,482,302,1376,123,426,477,13,115,735
469,179,96,301,233,312,184,97,55,236,356
470,747,342,327,581,119,684,194,330,234,407
471,696,55,879,885,275,958,178,1460,156,635
472,150,63,1678,704,152,11,317,287,245,49
473,749,315,356,271,99,126,317,96,63,97
474,49,1239,113,18,315,901,99,462,407,171
475,312,204,49,1678,171,317,143,525,180,173
476,1678,1376,1566,325,1159,257,142,885,269,463
477,1021,142,130,317,484,495,485,154,344,288
478,879,191,186,918,743,172,510,211,407,156
479,188,407,198,135,473,656,164,495,640,178
480,431,227,88,49,126,56,171,269,299,6
481,1583,312,627,96,684,95,331,26,271,315
482,918,325,125,168,1376,318,407,172,136,18
483,173,171,180,49,482,201,750,1625,227,325
484,431,495,135,294,301,261,56,188,633,662
485,191,211,22,520,115,126,303,63,602,895
486,191,126,1011,156,186,63,162,992,143,1566
487,309,824,632,125,81,299,117,193,63,271
488,49,431,171,180,188,479,173,177,198,205
489,249,1460,1239,55,239,474,1348,901,339,18
490,301,428,113,189,305,11,174,515,491,512
491,345,267,301,315,55,474,10,99,314,237
492,346,41,172,180,49,918,514,185,136,173
493,312,530,901,49,317,514,55,175,171,180
494,345,747,301,684,1583,315,306,627,305,331
495,318,155,918,178,843,696,879,639,91,80
496,300,885,252,180,662,257,1376,309,315,245
497,174,640,639,651,178,134,473,429,653,512
498,318,267,315,317,285,24,1308,271,195,99
499,315,1239,275,1348,886,901,267,662,300,651
500,1566,639,126,1376,252,651,41,22,63,520
501,342,259,430,872,270,384,194,287,146,178
502,1064,664,270,261,6,322,351,750,142,269
503,1678,1558,886,1566,923,301,1376,320,252,250
504,689,312,495,317,132,204,14,299,125,277
505,143,301,173,479,21,156,684,689,299,95
506,1678,324,430,1159,100,1566,1558,298,1376,1625
507,704,431,241,274,343,495,188,261,473,282
508,150,301,152,153,149,11,89,49,1566,282
509,312,299,95,21,689,116,173,96,204,143
510,126,285,156,85,284,186,476,274,1566,55
511,315,271,314,99,275,1660,528,407,317,63
512,312,689,299,96,21,173,95,317,1625,78
513,312,172,285,55,317,1678,1583,167,63,245
514,1566,156,992,1460,269,186,297,126,194,181
515,285,55,268,1348,407,18,275,581,1583,168
516,189,326,343,128,333,187,182,1009,227,261
517,1583,300,271,245,315,317,309,1678,180,195
518,282,8,274,56,130,1121,18,257,895,1008
519,125,285,689,241,312,897,317,1583,268,305
520,172,41,11,49,194,918,180,189,1018,63
521,55,1460,602,191,11,126,271,315,22,133
522,1376,1678,495,1566,689,135,482,426,269,282
523,315,55,275,339,370,332,1308,306,886,285
524,312,172,317,168,49,204,495,271,173,21
525,317,495,8,704,241,485,130,204,305,312
526,301,345,662,426,672,305,530,22,149,126
527,11,63,326,172,143,1141,325,257,189,21
528,312,1678,195,1566,514,1376,240,68,126,245
529,1678,305,317,343,689,301,189,241,1008,1558
530,268,901,125,315,96,345,748,314,301,689
531,1678,288,63,1566,21,968,923,189,320,142
532,689,96,312,132,21,299,173,317,301,632
533,258,430,256,180,1583,315,271,384,267,1598
534,1376,1678,1566,1348,1159,298,1460,9,131,302
535,325,428,689,113,515,189,317,407,735,844
536,126,99,241,13,356,178,473,514,191,47
537,275,126,156,204,99,97,510,312,191,284
538,136,169,494,132,521,482,693,206,513,19
539,1678,317,312,55,47,126,482,1583,1376,1566
540,189,188,484,1678,656,125,1021,82,689,135
541,150,1064,1566,186,503,513,55,482,653,284
542,1566,1678,1376,1558,523,135,274,602,479,184
543,689,96,312,301,285,268,21,1583,317,241
544,1583,1678,312,219,180,49,300,172,317,194
545,639,244,357,582,309,988,205,213,688,272
546,189,202,514,317,344,1072,222,356,178,315
547,173,180,171,176,143,126,49,95,275,194
548,271,173,156,63,126,21,49,602,520,186
549,301,689,95,1558,116,143,10,684,204,325
550,276,1072,189,240,202,683,843,511,514,128
551,63,1678,301,1566,271,1376,315,1583,602,886
552,220,510,523,184,227,257,602,1376,1072,179
553,173,312,233,96,299,21,49,209,78,171
554,1460,315,1376,901,708,168,293,314,346,1239
555,495,426,284,513,602,482,22,126,85,479
556,55,178,174,696,227,172,285,511,1072,221
557,1376,126,250,47,662,653,275,59,1348,284
558,338,572,41,1678,430,288,923,505,298,301
559,275,126,186,55,1348,49,97,503,63,179
560,241,220,431,615,345,343,646,92,473,285
561,8,130,199,191,704,517,254,1021,287,499
562,312,1678,317,195,288,245,21,63,1583,172
563,285,88,222,407,6,1678,1376,312,221,49
564,126,55,1376,1566,1678,271,1583,1460,8,332
565,211,126,879,1566,1376,115,250,99,514,1558
566,639,431,324,812,199,517,274,115,90,261
567,260,1460,284,85,133,345,296,495,275,310
568,317,271,495,704,482,168,268,312,49,169
569,268,168,188,241,407,537,305,506,304,285
570,49,407,241,177,749,473,602,1348,428,113
571,271,495,302,268,1583,8,168,241,317,85
572,8,271,115,63,315,339,314,301,11,520
573,24,1583,662,49,675,180,47,294,105,169
574,204,208,689,189,344,178,220,241,276,1062
575,689,299,312,21,96,1129,68,495,301,97
576,1376,257,1678,325,271,309,878,675,1566,735
577,95,312,116,301,297,299,684,96,173,689
578,271,477,257,172,704,63,495,206,274,7
579,318,24,267,420,245,300,312,271,200,1583
580,318,879,1376,55,323,1460,155,480,47,126
581,178,285,343,407,473,241,189,174,588,134
582,301,1566,356,126,1348,179,11,1558,1678,513
583,407,168,1566,1348,227,150,95,152,173,1583
584,301,426,184,649,220,179,689,356,96,643
585,252,1159,1566,696,1043,1678,2,885,332,880
586,1558,287,204,495,317,1566,519,1021,587,1678
587,288,298,147,305,1678,338,254,247,343,8
588,430,312,332,287,180,384,117,68,173,865
589,267,250,241,268,345,60,646,58,59,115
590,301,345,241,275,1501,356,250,8,126,268
591,514,204,287,55,186,126,356,13,97,317
592,285,312,21,257,82,195,204,514,271,68
593,301,317,315,314,514,356,63,189,204,11
594,261,92,56,506,275,714,1064,18,662,58
595,312,204,270,495,168,49,135,317,188,525
596,287,312,1583,297,8,332,194,317,1678,495
597,271,1376,1583,257,125,285,8,315,300,1678
598,325,124,741,116,627,968,245,94,21,1015
599,126,1376,275,252,323,1566,99,662,301,1501
600,80,136,318,261,170,223,431,18,918,47
601,315,314,317,271,1678,325,1583,63,185,1558
602,305,108,18,901,537,304,268,248,301,288
603,267,245,708,250,59,324,60,58,651,305
604,271,1660,528,315,126,191,602,482,495,13
605,1678,312,1159,1583,1566,270,1018,1376,222,317
606,126,514,204,178,55,99,168,356,241,186
607,1072,649,779,1010,243,40,288,762,236,320
608,96,275,291,303,871,244,8,422,312,886
609,191,1021,199,184,602,179,63,426,126,519
610,49,180,172,407,171,168,11,221,326,108
611,288,689,1678,305,495,317,428,301,142,735
612,407,189,241,49,222,113,63,656,1376,125
613,315,314,747,339,581,271,528,1348,1239,1460
614,602,482,495,191,704,656,63,13,473,510
615,49,1678,171,180,495,431,177,168,173,261
616,615,324,220,179,639,159,176,184,276,202
617,312,495,173,156,422,49,97,126,191,68
618,299,21,227,173,923,171,688,143,312,229
619,747,257,300,1376,410,1583,684,1566,349,293
620,639,186,155,245,63,1018,55,174,152,172
621,178,172,155,204,167,54,126,41,181,55
622,704,581,49,495,602,749,131,482,18,422
623,63,55,97,1678,257,126,186,189,179,11
624,1376,1348,168,1460,55,49,407,47,133,1678
625,168,268,204,407,206,123,13,285,172,510
626,285,812,476,854,82,189,632,130,222,125
627,1583,301,1558,315,96,312,314,936,695,901
628,63,97,317,126,1678,271,173,68,312,356
629,747,684,339,1583,627,234,301,315,741,116
630,315,271,1583,275,300,332,345,314,250,267
631,735,346,49,314,193,918,315,63,128,173
632,1566,1558,325,1376,143,1678,78,832,173,1024
633,275,55,1583,315,901,312,96,271,323,662
634,285,8,317,302,1678,125,130,1583,1376,506
635,315,309,1583,312,271,96,222,901,116,332
636,325,407,689,428,285,731,1129,836,125,659
637,327,325,326,95,683,346,143,735,146,194
638,735,1008,115,495,954,895,1021,484,1083,606
639,49,171,180,1625,1678,198,47,178,173,88
640,174,339,55,178,59,407,511,473,1348,653
641,318,325,885,168,1376,341,293,300,743,716
642,55,1566,11,1460,1348,133,479,9,181,1678
643,747,156,407,168,325,0,398,1376,1656,173
644,191,179,473,602,134,653,184,527,356,749
645,312,317,1678,14,254,1583,195,204,288,94
646,173,1460,156,1376,312,482,256,180,1566,186
647,747,172,0,735,325,205,49,180,326,7
648,315,271,314,1583,312,256,332,1660,168,317
649,407,172,49,168,188,167,343,178,193,326
650,345,301,268,241,6,297,1583,312,49,285
651,285,689,125,312,632,96,317,189,659,8
652,309,156,326,747,194,221,331,407,222,172
653,689,227,968,162,683,523,1062,143,189,204
654,936,615,1064,1558,1058,319,832,1308,1130,1047
655,495,261,895,506,1678,1083,302,708,605,431
656,317,302,204,312,514,1660,1558,142,609,85
657,126,204,301,495,287,186,97,63,55,181
658,1376,1460,1064,1566,662,482,269,426,169,296
659,168,407,49,188,172,180,47,113,171,428
660,49,171,173,180,172,168,704,177,131,482
661,513,922,1558,1566,267,1011,610,655,301,245
662,63,143,126,1678,519,173,97,204,301,202
663,407,431,473,47,653,134,198,178,88,482
664,1678,1159,1376,1566,8,2,298,696,958,432
665,886,59,1376,250,315,511,99,222,126,211
666,241,495,204,13,514,317,602,8,356,268
667,326,188,1566,11,149,515,115,407,428,113
668,431,639,126,198,47,517,524,178,223,493
669,0,684,603,704,407,479,1129,168,72,422
670,1027,325,662,1566,1013,269,150,1064,248,1040
671,318,136,267,1376,245,24,530,1566,206,651
672,8,303,130,602,581,415,271,317,749,495
673,281,309,332,68,1011,116,271,160,272,315
674,136,521,261,614,169,318,492,426,643,637
675,152,173,1348,203,143,134,171,747,95,291
676,332,430,155,259,67,309,287,100,1460,872
677,99,126,345,275,1011,301,204,96,88,202
678,343,312,189,247,285,202,222,49,178,204
679,1348,168,55,49,267,108,113,407,1128,284
680,314,370,317,132,305,315,96,268,14,422
681,431,67,245,252,180,49,639,126,186,63
682,356,317,495,301,426,492,1678,749,482,177
683,312,1583,271,317,14,168,285,704,1660,659
684,41,301,126,346,179,1308,345,184,660,99
685,704,8,1678,150,115,274,189,473,174,653
686,1558,317,1583,312,271,315,1678,267,514,204
687,312,173,68,256,495,180,49,96,171,271
688,747,221,95,312,172,270,194,342,327,227
689,312,514,68,332,281,126,271,21,257,204
690,55,514,356,312,1072,237,317,1566,97,901
691,271,49,495,180,315,1583,314,63,171,173
692,275,284,1348,1583,301,345,662,291,300,96
693,1376,1678,312,632,1308,132,482,1625,1566,240
694,708,343,324,267,319,474,298,674,100,178
695,8,285,126,250,59,241,473,202,301,345
696,257,113,325,108,520,651,1566,901,922,1376
697,172,342,125,537,168,108,844,747,407,285
698,1376,252,261,6,1566,901,346,92,1136,18
699,49,180,171,173,312,495,203,177,1678,317
700,305,317,241,268,314,301,428,315,1348,271
701,227,221,229,172,153,379,150,108,180,174
702,21,299,312,173,204,126,186,175,97,68
703,47,473,178,241,422,704,407,749,495,130
704,325,257,300,747,391,1129,945,741,124,299
705,288,49,173,142,209,171,180,203,312,330
706,18,715,305,60,302,58,288,886,339,739
707,172,21,264,63,68,82,173,180,193,185
708,287,332,126,312,186,762,297,68,894,156
709,126,653,191,602,482,479,513,133,99,284
710,130,18,318,302,581,8,704,1376,698,484
711,325,747,327,288,1032,691,716,719,254,65
712,315,901,314,271,1583,1239,708,311,300,318
713,249,747,688,194,297,299,95,342,312,257
714,63,271,126,186,514,1660,520,1141,115,11
715,285,274,282,56,312,659,506,169,495,268
716,301,689,305,345,250,1061,706,1558,325,897
717,312,116,327,95,96,325,309,1583,281,299
718,191,513,211,156,1660,63,1129,154,466,317
719,252,250,1376,886,310,1136,1566,301,1501,284
720,312,270,168,1583,285,173,219,95,180,256
721,257,63,271,317,1678,1566,21,222,1583,315
722,747,49,1348,108,55,249,194,168,173,180
723,314,315,271,325,185,346,514,218,281,332
724,285,271,315,309,306,332,222,1583,312,55
725,318,370,256,258,315,879,1460,293,716,353
726,172,82,63,257,918,21,514,185,173,325
727,315,314,271,268,317,514,241,125,689,312
728,1376,257,1566,309,299,992,325,117,303,252
729,514,206,127,312,168,55,1072,285,236,204
730,318,675,68,865,130,505,482,254,422,495
731,312,132,824,632,271,495,204,178,647,317
732,169,136,662,267,318,47,24,245,275,58
733,288,923,495,261,282,142,1678,739,1121,1008
734,312,271,495,49,285,168,8,422,407,317
735,323,115,1566,250,520,1136,126,252,267,287
736,136,651,879,323,285,511,514,126,99,843
737,49,171,173,180,172,227,194,143,312,21
738,314,327,315,309,384,117,120,281,173,293
739,301,241,305,317,1583,250,271,8,285,268
740,495,482,126,97,426,177,479,191,602,68
741,126,13,514,510,99,271,186,206,520,97
742,1376,323,252,1566,18,901,257,6,662,651
743,126,514,510,63,271,602,186,97,257,99
744,314,339,346,315,326,218,174,304,462,543
745,312,430,180,384,49,172,287,317,495,204
746,100,1460,640,133,479,1308,1625,482,184,487
747,271,315,1583,222,49,332,63,11,168,314
748,431,49,180,1678,171,173,312,777,968,21
749,312,55,271,315,317,1583,204,168,514,314
750,318,80,918,47,172,136,1678,180,726,49
751,249,49,1460,239,431,180,149,108,1348,171
752,318,484,302,142,1021,132,513,482,206,603
753,1583,312,24,267,245,271,317,256,495,1558
754,1376,257,168,269,743,125,325,206,901,268
755,136,267,165,492,245,462,41,1678,317,318
756,301,305,1678,317,312,1583,95,49,194,11
757,1566,267,200,9,1558,1376,186,514,879,762
758,312,95,172,1015,537,325,327,317,185,116
759,639,1566,252,150,1159,885,324,366,895,696
760,312,299,688,297,95,221,288,251,21,116
761,55,312,49,249,204,268,171,6,175,237
762,275,284,407,653,1348,47,480,285,1583,168
763,1678,21,923,288,96,689,968,312,691,257
764,58,513,1501,59,250,649,136,922,60,220
765,339,314,315,1460,9,1348,528,271,55,407
766,482,431,47,662,168,1376,610,1678,407,135
767,156,191,126,303,285,271,186,204,1660,602
768,271,1583,495,250,169,126,68,96,1501,85
769,285,420,1376,1566,82,514,189,257,125,2
770,302,735,115,528,353,1083,9,484,708,495
771,317,315,314,514,689,63,189,271,1678,683
772,318,47,1128,80,136,18,55,275,168,631
773,54,171,49,41,143,1141,180,126,176,173
774,317,189,326,178,314,749,315,339,194,602
775,747,684,116,95,627,689,270,234,297,457
776,346,314,735,315,901,740,305,128,1680,277
777,639,54,176,227,276,651,918,1011,187,86
778,1678,681,1566,1583,142,353,293,312,0,258
779,173,422,312,49,180,96,482,171,156,68
780,431,49,126,134,171,88,640,97,660,177
781,747,326,194,189,7,11,156,174,172,221
782,1583,430,1308,306,178,315,198,155,1558,332
783,1376,1566,126,99,97,510,184,602,514,1460
784,168,271,268,312,173,180,172,1583,171,49
785,63,189,274,21,317,204,1678,968,602,656
786,125,21,510,173,96,602,257,271,309,689
787,1072,514,649,125,315,211,632,504,285,99
788,1460,315,179,346,159,133,1308,184,100,749
789,923,346,257,261,41,240,189,761,243,288
790,495,428,299,188,49,1678,317,271,63,689
791,49,918,113,172,346,180,171,173,11,314
792,315,49,530,314,271,346,317,901,173,514
793,407,168,267,99,55,47,473,317,514,178
794,1376,168,407,743,136,1566,318,879,651,113
795,142,312,81,330,143,227,95,172,173,78
796,49,173,171,1141,97,47,662,214,143,180
797,325,341,716,430,172,180,327,735,101,1678
798,275,482,284,196,1348,99,169,510,356,97
799,312,317,168,21,95,204,173,1376,514,1678
800,95,312,194,332,287,172,116,297,271,204
801,346,41,901,149,257,218,1376,530,247,301
802,58,267,59,60,250,301,344,285,356,241
803,325,315,113,1376,901,314,346,743,1598,1566
804,6,92,323,333,220,380,615,1009,18,261
805,267,317,245,47,1678,178,407,172,653,151
806,1678,1376,923,1024,1566,324,1625,430,132,735
807,55,275,1348,173,312,315,49,96,356,1460
808,314,315,268,271,345,113,407,241,462,301
809,1678,317,1376,125,315,271,1583,305,314,495
810,271,1376,256,168,1583,206,1558,743,312,353
811,116,747,332,326,194,95,297,299,259,146
812,312,180,171,49,227,173,21,221,54,204
813,297,126,301,252,1566,503,186,6,97,275
814,49,288,317,428,1678,305,495,301,195,261
815,173,143,204,194,95,312,384,525,78,172
816,1558,267,627,1566,325,1018,315,245,113,10
817,245,267,1583,300,885,24,325,662,168,1376
818,306,241,1308,342,271,178,99,407,164,708
819,8,301,241,339,202,332,615,343,474,287
820,142,274,495,704,1678,317,485,282,418,131
821,407,172,168,227,221,113,174,88,49,167
822,8,275,55,317,356,474,1348,704,301,1583
823,1558,1583,324,315,267,491,258,505,353,1308
824,309,331,299,321,430,747,117,398,256,312
825,95,1678,1583,1348,49,315,178,305,901,55
826,1583,168,108,268,234,901,315,314,305,1348
827,323,346,901,259,257,311,243,615,218,125
828,126,407,47,178,186,49,653,134,482,97
829,689,132,495,241,317,125,482,603,749,510
830,173,49,275,171,312,55,97,143,180,95
831,315,314,271,901,1376,113,99,309,743,708
832,640,326,339,156,457,615,491,9,345,487
833,312,55,95,194,49,173,11,172,1348,178
834,298,1678,1159,288,1308,923,291,1376,881,886
835,186,126,99,510,1011,97,513,514,191,206
836,305,288,689,684,704,301,739,282,428,291
837,288,1678,261,318,47,317,142,245,172,195
838,227,747,174,407,326,11,88,194,220,221
839,319,1558,343,1678,305,339,1308,298,1680,1625
840,189,689,29,222,202,21,312,683,632,276
841,1583,275,457,1558,85,267,270,345,284,301
842,249,342,6,322,227,182,326,88,189,333
843,1678,261,47,318,195,142,317,169,1376,482
844,25,227,299,6,257,689,126,21,269,270
845,55,178,314,143,315,99,1558,514,501,356
846,189,357,1018,223,247,213,1678,582,338,50
847,325,113,314,407,168,1656,315,267,337,370
848,1678,312,271,1376,257,63,21,1566,317,495
849,317,747,325,689,327,142,377,125,735,209
850,275,301,345,55,96,315,312,95,1583,901
851,696,63,1566,186,879,1376,156,1678,86,55
852,923,1047,299,1678,936,1566,287,903,1043,1680
853,178,126,181,640,55,186,47,287,204,495
854,113,315,314,407,515,708,462,529,528,128
855,204,407,99,123,312,268,156,315,241,314
856,300,1583,704,305,8,271,301,428,495,267
857,271,257,495,49,312,21,126,63,8,299
858,300,252,1678,1583,298,1376,18,244,988,257
859,179,196,654,97,184,510,527,1072,1062,968
860,1678,495,261,305,169,317,1583,658,428,302
861,1376,252,1678,222,1566,1159,309,285,812,88
862,55,95,172,178,155,175,701,312,174,221
863,55,315,314,168,271,1583,1460,312,514,317
864,339,18,268,305,241,345,380,304,901,125
865,318,267,115,708,302,895,735,300,1083,346
866,407,113,735,515,343,1566,1376,188,11,261
867,431,674,261,1020,49,170,521,18,660,791
868,55,186,323,174,879,126,156,191,11,1011
869,55,186,156,126,191,181,503,274,199,1566
870,227,1566,95,270,149,269,194,6,229,1018
871,312,254,332,14,68,251,96,865,1583,117
872,747,684,291,327,95,194,156,159,116,627
873,301,58,356,179,1348,237,59,305,653,473
874,55,275,1460,1348,315,1376,126,179,133,1308
875,271,317,168,1660,314,482,315,407,268,302
876,136,318,24,530,169,514,99,267,420,245
877,318,271,528,300,307,302,704,115,47,1660
878,271,63,332,309,257,300,315,281,1660,1129
879,301,662,346,41,1678,198,426,133,1558,479
880,272,469,309,63,331,198,126,1011,610,86
881,156,173,479,49,171,191,704,180,602,422
882,252,1159,324,245,885,873,267,1566,1376,886
883,285,407,174,168,511,55,318,18,178,113
884,495,271,312,49,294,287,299,21,68,188
885,41,346,261,1566,954,164,519,530,1558,165
886,346,664,901,530,269,149,257,750,6,261
887,257,21,312,271,63,1376,514,173,1566,317
888,55,514,312,530,317,1678,49,172,346,175
889,241,123,268,510,284,407,126,191,168,85
890,130,698,1376,312,871,1678,8,142,632,302
891,301,126,479,63,11,1566,602,491,520,97
892,173,312,1460,49,156,1566,171,180,21,269
893,179,126,199,191,184,159,63,190,527,356
894,63,704,49,271,173,482,21,152,1678,495
895,257,49,21,63,171,172,173,495,510,180
896,1566,269,252,282,1376,299,664,257,923,688
897,275,300,1583,168,1348,49,662,1460,271,180
898,257,21,96,282,125,274,689,18,268,312
899,275,55,1348,178,345,174,134,49,474,339
900,689,325,132,327,232,142,1062,683,322,467
901,131,172,208,656,189,193,7,602,407,1062
902,22,191,179,126,133,186,63,639,895,181
903,312,142,285,288,130,154,659,317,204,632
904,301,305,241,317,689,356,1558,706,1678,495
905,1566,267,245,250,1376,301,1583,1558,252,520
906,1566,1376,1558,1678,312,1680,923,936,322,270
907,1678,343,305,8,288,495,261,317,301,241
908,495,135,482,1376,1678,602,479,177,478,407
909,220,184,274,179,602,63,189,426,968,649
910,747,174,285,189,407,115,222,257,7,511
911,581,130,274,704,85,142,302,284,285,8
912,208,150,220,968,189,285,1072,344,153,734
913,1021,418,1062,968,150,1125,199,54,191,142
914,514,204,41,267,317,136,712,210,519,82
915,126,186,55,323,97,47,318,275,136,1376
916,1583,339,301,284,85,8,275,287,297,304
917,125,18,257,546,323,1376,92,1083,420,1009
918,8,130,1678,312,135,1566,480,156,1376,632
919,126,1566,520,315,1460,22,1376,179,271,186
920,288,312,142,1625,180,219,337,595,173,317
921,318,180,47,136,325,245,49,168,165,267
922,1376,1566,126,1583,1460,1678,1308,1558,662,271
923,704,150,1678,168,172,142,1566,477,407,482
924,1566,332,67,301,1460,1598,269,662,353,287
925,271,28,31,241,315,250,520,314,1583,317
926,747,684,297,627,476,475,234,1568,1583,270
927,1376,1678,1566,1558,1159,1583,431,324,480,407
928,220,257,510,184,126,179,189,21,191,186
929,689,303,748,603,649,125,706,1558,515,325
930,315,1678,886,1308,505,271,1558,250,63,8
931,241,473,689,132,407,268,285,123,343,632
932,191,126,513,527,1049,602,510,99,473,63
933,885,325,252,873,1376,886,300,1159,275,715
934,312,325,1376,691,96,68,160,689,21,281
935,55,1064,1566,261,1678,1376,199,1348,150,714
936,204,495,126,135,191,525,199,97,519,181
937,299,67,431,126,135,269,270,56,812,1216
938,1583,312,271,317,1558,1678,627,315,332,245
939,299,1566,1376,312,269,257,21,168,0,206
940,172,173,49,194,55,11,95,407,204,171
941,1678,495,63,505,1566,1021,482,426,735,519
942,287,430,332,256,271,1660,762,872,879,155
