0,99,428,521,134,515,511,49,660,662,58
1,97,189,165,210,113,356,168,510,63,99
2,249,357,239,200,100,346,67,431,41,84
3,312,275,314,457,301,18,1504,296,734,128
4,326,301,174,183,127,663,750,90,639,651
5,212,510,614,602,473,1141,177,653,660,178
6,1649,1328,357,237,345,339,581,346,270,179
7,312,520,63,126,97,210,196,662,257,1570
8,1504,1328,126,142,13,287,49,1562,343,1649
9,1328,1504,1649,317,126,1562,168,482,1372,190
10,285,1328,343,346,318,739,13,19,1504,581
11,1328,300,63,271,315,734,314,21,312,305
12,897,19,49,510,18,105,918,180,1020,429
13,431,298,357,895,84,174,205,639,1649,249
14,14,897,675,513,125,734,282,420,18,899
15,1328,315,1372,356,1129,150,300,1562,135,168
16,49,301,11,55,171,180,172,204,474,113
17,339,55,343,267,245,268,1129,13,317,169
18,428,1328,515,1372,511,610,134,434,186,649
19,257,219,353,689,739,1159,125,364,747,254
20,184,692,204,749,126,22,178,135,179,431
21,115,305,1372,901,55,44,651,314,462,113
22,49,245,708,1328,268,918,302,9,257,174
23,197,55,268,1328,271,1129,514,515,356,1372
24,1328,49,420,1372,1021,305,962,935,301,515
25,49,177,126,301,97,63,88,602,210,1504
26,1328,1504,1649,1562,312,346,317,194,1560,131
27,275,301,189,1372,345,99,6,134,1328,168
28,1504,13,1328,55,284,1021,511,126,1372,285
29,1328,428,8,1562,514,696,316,317,422,1504
30,918,168,126,188,88,113,133,249,1021,1504
31,126,155,55,1504,149,186,49,175,267,517
32,1328,1649,312,1504,346,1560,1509,1372,1562,1570
33,58,873,284,696,59,627,1021,511,318,310
34,1328,299,293,312,1509,287,142,1011,1504,537
35,1328,300,1649,330,346,290,1615,567,142,844
36,287,1372,149,1328,55,345,168,143,1509,1662
37,842,844,302,300,1059,968,903,285,346,581
38,457,1509,275,740,918,18,49,1372,895,248
39,186,681,897,267,291,47,55,662,520,149
40,49,1328,1504,168,473,407,237,11,113,512
41,1328,193,747,173,704,606,21,49,327,171
42,1328,271,21,63,514,97,317,312,495,356
43,194,49,1328,747,173,120,309,6,172,0
44,99,1504,312,47,1328,285,13,346,1649,128
45,245,257,267,517,420,675,271,284,125,1129
46,314,339,1129,315,1328,55,901,749,317,1372
47,454,1328,407,606,1011,167,637,610,356,944
48,339,275,261,92,771,178,59,480,343,220
49,288,874,249,155,323,126,664,55,66,740
50,1328,95,49,204,11,194,180,173,171,21
51,1328,13,343,1372,1504,271,935,962,8,317
52,515,47,63,186,169,696,196,156,428,886
53,55,267,149,323,681,520,245,332,1570,662
54,320,268,525,272,177,198,204,181,640,653
55,194,1328,249,49,180,171,327,173,67,257
56,312,1328,299,172,63,0,271,1011,476,285
57,431,275,268,301,56,189,135,250,506,183
58,275,99,55,1504,1570,18,339,314,179,692
59,1504,1328,511,1021,1649,420,1509,55,168,1570
60,346,49,299,254,180,257,1011,312,325,120
61,380,237,343,164,49,749,1328,257,7,271
62,339,237,1328,8,346,1372,432,1562,1006,7
63,49,1328,285,204,356,514,11,126,191,588
64,1328,315,291,897,467,173,391,203,21,1372
65,312,1328,254,325,346,1504,317,1649,143,209
66,1328,1504,431,1649,49,1509,168,429,133,249
67,312,172,257,271,189,49,726,250,63,734
68,55,249,179,237,1504,126,49,1328,343,614
69,1328,49,749,257,171,317,189,312,180,510
70,314,285,339,99,315,19,13,581,1328,901
71,300,268,303,142,285,241,156,13,886,25
72,528,275,511,918,88,178,473,257,49,134
73,312,271,1328,314,10,315,63,1372,11,317
74,99,323,8,134,511,428,1328,6,356,194
75,99,55,356,178,113,126,179,19,301,136
76,320,689,306,1011,268,610,454,430,606,198
77,495,749,513,315,1128,1141,426,482,356,63
78,1328,663,343,920,247,174,480,249,462,54
79,314,1328,18,285,315,495,312,68,317,85
80,175,312,301,299,878,182,88,49,297,172
81,886,510,426,131,315,603,1129,18,193,173
82,279,1328,923,219,312,288,96,97,587,236
83,1328,407,49,656,482,188,343,935,918,125
84,1328,49,168,407,1504,704,918,133,895,113
85,1328,49,1372,115,7,407,180,171,301,305
86,1328,173,1372,229,168,1062,68,195,21,944
87,1328,142,989,1649,1372,9,343,903,318,13
88,689,252,271,878,353,175,257,220,662,284
89,602,1328,482,285,606,473,1011,131,184,206
90,1328,189,257,97,175,116,271,88,824,182
91,1328,1504,126,49,168,356,11,55,99,178
92,312,293,258,1328,142,704,49,495,407,476
93,126,275,1504,343,918,284,602,178,482,656
94,747,1328,257,21,515,247,1546,173,172,11
95,270,1328,297,1504,207,213,1372,1562,126,314
96,431,1649,457,873,322,249,1328,1504,429,357
97,301,305,298,515,513,268,704,1662,60,149
98,194,1328,95,155,954,204,874,10,182,218
99,1328,285,21,95,1175,1015,1372,314,327,305
100,1328,49,180,305,21,68,143,204,173,171
101,1328,189,257,222,1372,6,99,317,512,315
102,1328,312,271,317,288,339,314,749,1129,204
103,301,49,171,180,55,429,149,268,901,84
104,301,275,303,55,268,1021,18,734,271,312
105,1328,484,1064,135,317,142,1504,602,1129,658
106,339,55,474,345,275,115,220,959,651,921
107,1328,1504,428,8,142,1562,150,13,1372,514
108,270,299,1328,404,312,936,49,227,297,108
109,1328,346,68,696,297,1649,288,314,317,344
110,301,268,275,125,689,314,128,271,305,99
111,513,1328,897,315,968,675,219,450,1159,1166
112,268,312,476,271,56,331,708,734,250,689
113,178,473,99,182,285,660,184,1011,155,588
114,324,259,511,134,155,320,99,639,855,323
115,288,126,204,525,749,344,320,132,55,640
116,1328,314,1372,113,1129,407,514,261,315,288
117,189,301,261,113,268,1328,168,407,1372,271
118,1328,1372,314,113,310,168,675,1072,662,220
119,257,1328,659,865,734,1546,420,63,21,745
120,704,1141,476,312,318,80,49,481,422,510
121,918,739,343,318,630,212,302,188,1021,284
122,178,237,343,511,164,480,462,649,473,150
123,189,97,345,210,178,167,356,168,165,315
124,1328,49,171,173,525,180,95,495,598,587
125,1328,7,346,345,1372,1649,142,270,49,95
126,120,379,354,1328,391,229,299,279,221,270
127,312,288,285,258,325,204,330,1328,749,1504
128,285,237,250,7,82,164,241,11,1128,301
129,1504,1328,287,142,1562,312,1649,126,519,317
130,241,312,879,250,99,314,13,285,136,482
131,113,55,513,651,356,168,178,921,301,510
132,312,132,125,257,426,510,317,86,49,749
133,1328,1011,454,325,346,1649,0,750,747,320
134,99,63,1328,314,315,196,356,317,1504,184
135,58,462,44,220,305,169,99,515,1328,123
136,1328,95,1649,1372,194,270,173,1562,229,342
137,49,173,1328,177,515,301,11,63,186,171
138,339,314,55,300,18,511,1372,1129,304,474
139,1328,285,317,1504,47,314,482,312,13,526
140,240,245,331,420,1649,627,2,332,267,257
141,275,126,918,149,49,516,55,88,287,133
142,1328,1649,330,312,300,1504,1560,1064,346,1509
143,317,495,312,1328,426,131,315,482,510,314
144,525,1328,204,167,749,135,901,194,95,202
145,420,220,899,267,245,627,743,1021,689,314
146,1328,343,305,169,302,935,13,285,897,291
147,298,261,708,407,60,1021,115,1372,80,528
148,99,749,317,426,285,495,482,314,204,312
149,288,200,339,132,204,1504,612,740,749,261
150,123,512,58,510,193,1328,169,212,603,501
151,1328,288,897,343,462,291,21,370,169,68
152,314,300,315,886,55,301,143,692,1129,181
153,320,653,91,524,186,174,179,55,520,126
154,268,55,169,1328,241,13,267,305,126,656
155,186,133,126,481,653,704,22,479,510,431
156,314,315,1328,204,495,356,526,317,1129,879
157,1504,9,131,1328,302,484,1011,431,318,177
158,301,431,189,168,704,227,429,353,127,595
159,268,55,237,91,1504,41,204,179,11,99
160,300,301,275,314,10,315,97,143,189,1100
161,1328,878,312,689,86,1570,1504,47,320,332
162,63,312,21,97,317,271,126,520,356,257
163,1328,257,120,734,299,1649,659,302,331,240
164,312,189,257,49,1328,125,275,172,431,353
165,312,364,353,431,327,257,322,254,269,747
166,285,409,346,47,13,318,267,1011,696,461
167,244,689,606,683,515,469,525,63,1141,21
168,125,301,689,353,49,188,269,264,128,88
169,1328,1011,302,312,256,32,47,1649,303,1504
170,431,1328,301,189,167,315,1129,56,602,135
171,1328,739,189,168,1128,274,19,134,229,1062
172,314,312,1328,1129,1372,315,47,14,696,1562
173,305,287,420,300,2,657,462,257,959,335
174,49,495,704,171,173,274,1328,214,650,418
175,462,1064,343,333,1328,1129,55,220,954,197
176,126,150,155,275,639,55,168,97,191,210
177,257,49,180,1328,171,173,125,21,312,327
178,8,323,275,681,734,10,428,511,332,259
179,511,324,854,58,275,287,581,178,88,276
180,229,681,210,124,332,391,227,97,236,662
181,1328,274,739,704,168,212,482,125,1159,49
182,649,178,287,274,210,428,501,191,126,97
183,343,480,284,771,169,85,8,339,513,1129
184,284,291,426,85,886,267,245,312,481,1129
185,229,315,300,863,467,1328,189,968,314,1372
186,285,1328,189,343,514,1128,178,250,82,164
187,1328,1372,189,8,314,659,1649,315,285,58
188,1328,343,1504,493,126,480,496,249,204,178
189,49,143,301,171,88,525,180,97,210,429
190,314,312,315,1328,317,495,1562,63,85,426
191,1129,1372,1328,315,316,271,314,675,11,477
192,1328,482,739,706,693,1128,609,212,302,527
193,99,879,356,315,314,268,63,11,241,317
194,55,345,126,288,204,1328,236,513,749,125
195,696,1328,370,1372,169,1072,197,462,1649,415
196,422,1328,495,312,1011,482,49,173,251,944
197,704,177,49,510,653,210,165,602,135,1141
198,99,314,237,339,123,44,268,510,285,315
199,1328,1504,1649,1509,431,312,287,49,1560,1570
200,323,1504,339,184,314,1562,446,22,315,178
201,49,180,301,171,305,173,51,84,268,750
202,188,349,287,1509,90,1328,41,269,268,261
203,513,1128,305,113,18,339,212,345,115,282
204,312,314,326,315,300,185,301,1129,256,1372
205,520,431,275,639,210,8,135,287,233,56
206,291,284,704,169,605,481,480,135,897,1129
207,428,1328,8,422,126,169,196,317,356,662
208,428,704,150,167,186,135,480,431,80,356
209,1504,312,133,1328,126,918,49,132,284,317
210,312,495,317,132,482,1011,85,525,325,190
211,689,747,311,989,708,312,476,1328,844,675
212,1328,1372,1649,1504,1129,1662,168,1509,305,55
213,178,306,1328,511,514,206,1504,197,649,1372
214,704,133,252,428,168,284,407,153,167,431
215,55,99,155,520,268,515,197,271,63,267
216,314,339,308,364,342,315,878,594,288,71
217,285,198,1011,656,47,482,514,126,588,1328
218,689,285,220,58,528,515,473,512,511,268
219,1328,312,285,962,1504,13,935,303,63,55
220,55,305,1328,268,200,204,41,901,269,301
221,315,257,314,332,312,63,10,194,356,300
222,303,300,683,264,312,241,142,832,285,302
223,312,1328,484,495,254,325,21,567,317,81
224,431,749,132,510,525,135,426,482,167,171
225,257,49,1328,312,297,175,271,182,63,299
226,285,189,473,514,407,482,113,178,602,478
227,285,689,271,257,312,343,21,154,317,514
228,1021,60,918,298,90,1083,846,935,318,188
229,312,734,475,1159,422,274,14,865,681,273
230,257,1328,327,254,125,346,923,61,330,688
231,1328,1372,1129,480,237,174,7,131,708,512
232,886,291,315,513,897,426,314,1129,300,85
233,513,168,212,1128,704,113,614,496,345,407
234,301,513,113,168,510,99,516,49,407,1141
235,245,240,346,302,161,254,291,267,748,349
236,189,168,134,88,49,482,97,113,510,1328
237,312,299,285,189,297,1328,878,514,222,63
238,91,174,320,267,318,517,245,249,855,524
239,55,99,515,420,734,886,18,314,63,267
240,1328,346,317,285,409,1504,99,11,237,55
241,257,1328,14,935,420,1021,312,125,318,346
242,886,314,241,58,315,169,85,284,99,521
243,150,298,343,8,318,1021,249,80,1008,918
244,1328,288,1649,1613,1372,753,285,688,335,899
245,178,134,189,182,511,162,588,172,88,187
246,49,63,1328,169,1129,8,510,704,477,257
247,301,275,268,127,10,41,271,55,183,149
248,339,268,1328,1504,55,271,343,474,1064,1129
249,1064,431,1504,320,487,1328,177,602,484,212
250,1328,204,749,317,495,126,312,1504,97,356
251,1328,339,271,317,314,1129,315,63,343,268
252,257,1328,422,317,249,632,49,1653,135,21
253,897,291,68,1328,251,21,173,422,214,27
254,275,339,18,55,314,301,296,457,516,125
255,1328,270,297,314,285,330,1649,935,116,1504
256,1328,407,108,1372,428,189,113,1504,49,123
257,1011,9,1328,142,172,704,484,1504,407,200
258,1328,1372,1504,1562,1649,1129,317,339,315,167
259,346,291,339,901,1649,267,885,314,245,1328
260,1328,285,1649,314,1504,13,297,270,696,1372
261,343,339,1328,288,698,581,271,317,130,8
262,285,1328,606,164,250,193,1141,206,82,169
263,275,431,49,301,171,345,135,55,133,84
264,689,320,525,878,312,198,116,430,519,268
265,55,879,126,99,356,314,317,339,1141,495
266,301,55,1328,113,1372,168,1504,1129,268,407
267,55,113,126,356,168,204,510,198,1328,514
268,339,480,91,320,886,267,245,174,864,59
269,275,287,90,1504,269,1021,1509,301,349,935
270,1062,1141,495,126,68,191,510,356,962,1128
271,301,515,168,99,1328,191,356,113,429,522
272,886,245,267,901,18,47,1129,510,284,291
273,301,515,63,734,99,704,241,303,49,173
274,1328,173,49,171,21,177,186,429,194,519
275,1504,1328,49,11,126,55,275,99,237,301
276,314,271,312,315,300,1129,63,514,285,268
277,1328,1011,317,47,1504,271,514,11,656,602
278,929,992,872,846,188,1047,159,90,67,496
279,150,343,1328,514,779,178,954,771,752,1008
280,689,1021,244,761,476,515,303,331,747,326
281,49,171,180,312,275,301,431,84,885,918
282,1129,1372,315,314,1328,301,284,300,326,113
283,1328,1372,55,1129,314,11,1649,99,339,1504
284,293,55,1372,11,1328,1504,66,194,1509,1562
285,1013,698,330,339,346,343,1328,254,1615,824
286,1328,1372,314,315,95,55,1129,11,194,300
287,287,55,1062,962,297,149,520,305,68,126
288,1328,95,325,314,312,293,346,1649,1562,68
289,747,704,257,312,1011,309,49,180,1328,21
290,1328,1504,339,343,204,55,317,13,962,285
291,1504,268,126,184,135,317,190,479,55,204
292,126,510,656,1141,481,482,133,602,640,177
293,1328,1504,126,1562,11,297,155,287,49,317
294,1328,1649,1372,302,284,1129,1509,1504,291,331
295,210,515,99,510,97,426,196,63,886,88
296,189,314,339,271,285,312,749,275,56,220
297,1328,173,131,495,317,426,482,193,315,49
298,268,113,656,689,82,168,514,188,513,1128
299,293,258,1021,740,318,1509,1504,989,1372,735
300,1328,1372,1649,95,750,194,1129,454,901,327
301,1328,297,116,270,300,314,68,923,96,315
302,126,135,55,520,186,356,179,150,513,22
303,312,236,297,68,97,1328,143,567,78,96
304,285,13,1011,318,473,1328,343,514,454,407
305,55,315,356,314,513,178,113,97,301,886
306,167,189,261,1328,646,165,274,257,168,407
307,1504,1328,1649,1509,90,1372,645,895,133,432
308,288,312,132,258,422,317,749,254,1328,495
309,301,302,305,268,18,285,407,1328,241,689
310,1328,288,1372,1649,229,168,1653,270,1613,1562
311,1328,581,343,632,749,526,482,317,346,693
312,256,184,189,320,429,1328,431,128,509,606
313,748,291,880,484,142,300,1328,1649,161,93
314,323,8,428,771,80,316,284,59,511,1021
315,314,315,300,339,220,85,115,1128,130,959
316,257,747,1328,49,180,1509,326,287,120,1372
317,1064,312,315,989,300,1129,286,317,968,484
318,1328,314,312,1649,1372,1504,1509,330,269,1129
319,1328,1649,306,1372,1504,194,1509,1562,519,252
320,602,343,482,480,1328,656,135,212,164,130
321,126,520,510,1141,99,191,97,186,196,426
322,268,271,126,63,97,135,656,275,520,1064
323,1328,1372,312,1562,326,314,271,1649,11,95
324,918,19,739,275,88,1202,473,614,640,510
325,285,299,1011,189,325,1328,312,303,465,1198
326,895,431,8,480,1504,339,22,249,581,131
327,285,1328,312,13,317,962,422,299,297,47
328,1504,1328,962,126,99,88,285,1570,63,935
329,1328,897,1372,14,284,291,1129,1021,86,312
330,420,1372,515,18,627,149,662,886,1072,298
331,1328,194,431,143,312,1064,173,1649,78,269
332,312,734,189,428,659,56,315,1159,989,1328
333,275,58,431,646,134,662,168,918,427,189
334,1328,1649,330,18,300,314,302,269,1509,465
335,312,288,175,257,126,525,517,749,132,431
336,1328,315,1372,1562,306,300,189,1653,428,56
337,58,275,528,59,854,516,734,189,427,284
338,1504,473,1328,602,480,178,343,656,482,126
339,1328,293,1649,312,327,325,1562,66,925,142
340,302,318,734,989,735,303,659,897,142,704
341,275,1504,557,287,46,237,302,136,339,301
342,288,749,261,546,125,339,1136,49,918,167
343,178,237,345,208,189,301,135,168,602,165
344,126,113,513,55,97,63,301,510,426,749
345,1328,47,409,320,204,525,1011,290,68,198
346,100,320,520,430,1064,143,194,661,525,519
347,269,1328,1509,1372,1649,14,61,1662,747,457
348,298,245,339,41,287,200,357,1504,1509,880
349,1504,1328,131,133,11,126,204,473,237,317
350,1328,1649,1504,1613,312,353,1509,935,331,1024
351,297,126,1570,236,312,294,68,97,962,270
352,189,271,514,689,726,82,285,250,56,489
353,115,708,1328,261,901,339,920,7,305,311
354,1328,696,343,1372,1613,1653,632,317,314,47
355,257,271,515,332,100,268,10,63,1064,99
356,1328,21,317,63,312,271,285,1562,1372,1649
357,343,288,339,1328,249,462,1008,581,380,345
358,1328,49,88,407,168,1504,171,189,172,180
359,271,656,126,482,317,602,343,514,268,130
360,126,482,602,495,481,1141,426,510,473,479
361,275,689,299,353,10,332,287,268,301,271
362,285,511,1175,1083,1328,1128,113,13,49,588
363,1328,1509,293,1504,285,287,1372,297,1649,935
364,1064,1328,581,343,8,462,649,196,169,317
365,878,288,297,175,10,204,271,689,285,333
366,1504,1328,1509,275,326,49,155,172,301,432
367,320,326,245,41,1239,747,47,309,267,194
368,1328,1504,49,126,168,962,13,173,1649,317
369,501,177,515,302,189,484,210,50,431,854
370,1328,312,116,297,143,299,78,97,332,68
371,572,297,1328,923,270,312,274,1504,1615,97
372,1328,305,343,249,288,1372,462,247,82,1653
373,1570,332,297,294,878,299,303,312,301,256
374,1328,49,173,312,171,97,177,519,143,172
375,271,1328,514,656,268,82,63,113,168,88
376,126,1328,168,49,150,135,97,704,1504,171
377,1328,317,132,245,49,312,749,1504,482,1129
378,1328,131,99,237,315,886,426,250,633,473
379,285,454,1011,47,1328,311,689,879,632,696
380,168,513,901,113,1202,186,345,126,407,55
381,243,771,631,480,323,339,220,85,523,752
382,886,649,178,191,206,211,315,356,606,473
383,1328,1372,312,1562,21,317,63,1649,1129,495
384,465,901,19,320,1020,473,645,284,178,31
385,1328,312,204,97,514,297,317,63,288,495
386,174,134,178,6,473,301,182,588,275,237
387,1328,249,49,194,1649,173,171,1504,180,377
388,431,918,133,291,245,481,480,524,482,131
389,312,704,422,49,865,734,962,897,63,126
390,55,169,886,1129,241,267,197,316,13,1372
391,886,237,653,268,431,177,135,520,660,426
392,1328,269,305,1372,327,1649,1615,264,1509,598
393,1328,1504,1649,99,1562,173,194,1372,8,49
394,312,428,167,356,1328,189,495,182,1562,317
395,1328,312,120,422,309,257,299,471,81,221
396,126,88,49,510,177,640,660,1141,97,186
397,312,21,317,63,173,426,422,704,214,495
398,1328,343,1372,288,935,270,1649,113,1128,195
399,312,271,275,63,10,257,97,99,734,55
400,161,254,291,96,698,312,317,68,154,1277
401,312,317,189,481,482,1504,479,602,422,133
402,1328,124,257,1372,1662,229,201,173,227,61
403,704,172,312,1011,537,303,142,726,689,250
404,8,142,312,293,287,885,832,121,122,278
405,257,245,249,1239,431,312,517,422,747,49
406,1328,1504,49,1649,339,317,1372,11,167,204
407,1372,1509,1504,1021,326,1129,284,1649,740,873
408,189,99,275,301,134,473,123,136,1100,315
409,301,515,143,303,268,332,1570,63,429,185
410,1328,49,704,407,918,133,171,180,284,1372
411,312,275,271,257,10,63,49,301,11,1328
412,343,1328,739,918,482,132,318,483,1504,291
413,55,515,271,268,149,301,275,63,99,305
414,1328,1372,1129,305,315,1649,7,237,11,1653
415,1328,49,1062,21,63,257,173,82,962,180
416,1328,271,514,954,197,150,21,317,135,172
417,287,275,268,240,257,1021,517,812,898,271
418,250,142,8,1328,189,131,658,172,49,602
419,58,220,189,310,284,59,693,285,1100,85
420,143,519,173,194,204,525,49,1328,182,198
421,126,1504,749,640,275,204,312,132,155,288
422,125,918,407,113,284,312,49,513,482,69
423,270,297,897,314,681,1328,110,315,738,722
424,639,149,55,168,662,1662,345,1372,213,651
425,318,481,284,656,602,482,169,58,285,241
426,897,1328,513,85,284,168,662,273,315,113
427,49,704,180,245,1328,200,171,41,747,1509
428,268,55,271,204,11,301,1141,63,510,305
429,749,132,85,482,314,317,510,426,1328,495
430,1328,312,1372,293,314,18,21,1129,173,315
431,268,305,14,269,125,245,761,267,32,156
432,49,136,476,123,318,528,708,99,80,918
433,320,515,681,156,704,309,897,186,291,303
434,55,261,1372,113,288,305,149,474,1328,339
435,333,288,297,55,314,10,271,1328,1372,332
436,298,8,895,428,142,123,370,150,80,659
437,210,332,312,257,86,287,309,1570,97,63
438,1328,1504,407,1372,284,133,200,1649,1562,1129
439,55,339,651,1372,301,269,275,18,314,1129
440,1328,173,194,747,0,454,610,1562,704,49
441,345,55,179,520,662,921,126,356,1064,178
442,95,312,1328,271,204,293,288,11,342,314
443,301,300,275,185,143,63,97,168,99,501
444,513,301,411,345,300,55,339,315,1129,143
445,1328,429,181,143,168,1570,173,68,186,291
446,49,204,1328,171,588,88,180,182,749,529
447,918,188,49,431,249,433,275,276,712,88
448,261,113,168,546,1021,1083,517,918,88,288
449,1328,514,343,519,1064,305,317,195,430,82
450,312,332,353,299,14,681,894,248,293,287
451,288,257,422,251,263,343,739,579,944,279
452,55,194,155,11,474,41,49,10,271,95
453,293,1328,312,495,325,885,95,1562,317,346
454,1328,189,1504,482,317,602,407,97,168,184
455,343,1328,126,462,249,496,199,1504,511,155
456,1328,1504,49,317,602,482,88,177,168,126
457,301,200,1504,901,407,55,465,513,113,918
458,1328,279,249,173,229,180,171,49,194,327
459,339,474,55,285,268,314,99,511,13,220
460,287,178,285,1504,511,275,191,155,99,237
461,689,271,21,268,312,14,515,156,240,761
462,165,56,662,513,646,431,167,168,210,524
463,271,135,63,312,268,56,317,1328,97,514
464,275,257,189,49,1328,708,301,1129,431,271
465,346,237,285,99,13,275,18,339,530,123
466,99,55,191,126,186,520,1504,237,22,886
467,49,186,126,171,1328,173,133,704,1129,135
468,318,482,1328,123,602,169,656,131,478,510
469,312,297,236,10,97,749,317,314,126,63
470,1328,454,314,696,747,844,346,1649,285,989
471,1649,248,1509,1504,1328,326,331,1021,269,353
472,125,271,305,268,130,1129,63,749,44,506
473,1328,49,179,1504,55,173,317,99,1649,237
474,339,1372,55,1129,150,1328,261,293,345,204
475,204,1328,525,143,749,97,198,202,95,519
476,1328,285,343,514,317,271,1562,1504,312,1372
477,268,271,241,300,250,63,315,514,886,1129
478,429,704,515,193,522,510,168,165,477,301
479,1328,164,305,82,512,7,237,658,1128,529
480,689,407,1328,189,49,606,168,482,704,512
481,1328,21,315,1372,173,495,1129,1562,78,317
482,1328,897,168,739,1128,19,407,944,496,598
483,1328,173,49,171,180,429,168,193,704,177
484,704,431,301,407,133,189,1011,200,177,479
485,312,428,56,8,422,356,189,317,184,602
486,515,21,63,97,271,356,173,197,210,191
487,21,173,257,63,312,219,1328,49,227,171
488,1328,189,6,431,49,1504,1649,227,88,134
489,55,885,901,12,95,66,339,194,249,293
490,301,305,268,113,513,689,651,60,125,115
491,901,510,7,314,886,1328,237,315,879,11
492,689,305,301,268,256,128,269,314,115,429
493,287,1328,332,143,1504,297,312,299,275,63
494,194,762,323,326,342,56,306,252,197,368
495,268,689,305,1239,41,128,330,248,245,9
496,1328,1372,257,245,261,342,688,288,1649,269
497,178,320,511,88,649,168,155,210,473,653
498,314,315,879,1328,495,310,356,1372,1175,1129
499,323,511,285,342,1328,474,855,696,1504,155
500,1328,1504,249,1649,245,55,740,47,49,126
501,249,270,1649,66,1504,323,740,410,1328,52
502,189,275,643,1013,749,301,128,834,125,630
503,1328,1649,331,1504,1509,745,1662,324,854,1560
504,254,325,1328,312,1013,343,749,587,346,330
505,1328,97,126,173,519,143,177,431,525,49
506,1328,1372,1509,1649,269,252,1504,1613,168,261
507,343,480,918,602,656,1504,318,524,482,126
508,275,312,189,49,301,172,250,171,185,257
509,312,299,256,128,49,303,301,734,18,27
510,126,13,285,1504,297,314,99,312,196,507
511,204,1328,525,317,749,271,198,97,11,514
512,1328,299,312,1011,1649,173,49,27,47,317
513,1328,1504,189,1372,271,1509,274,312,301,150
514,301,275,457,1570,1504,1509,936,326,1372,168
515,1328,1649,13,1504,123,346,922,285,1372,18
516,189,431,1011,331,726,1328,324,167,1013,606
517,257,88,332,420,175,240,120,1570,86,689
518,46,612,603,643,630,113,477,513,483,1083
519,303,689,312,241,734,285,169,156,897,268
520,268,515,305,41,627,1662,306,100,1328,320
521,320,184,660,155,182,126,134,99,178,191
522,1328,318,704,142,484,291,131,9,1504,1649
523,18,314,302,85,339,901,32,873,13,886
524,168,301,88,126,210,113,704,49,97,513
525,178,250,8,514,356,428,191,189,285,495
526,135,315,167,56,1129,886,431,879,631,356
527,301,185,515,168,49,55,113,11,268,143
528,1328,1504,1649,1562,312,519,415,173,78,306
529,1328,1064,317,135,484,602,482,426,210,343
530,314,315,18,844,1328,285,1129,675,897,734
531,1328,345,287,97,923,274,587,168,210,49
532,1328,897,422,312,173,68,317,691,606,96
533,1011,1328,878,320,175,430,188,689,299,525
534,431,131,8,1504,1064,1328,484,245,422,704
535,1328,305,49,7,173,290,477,603,1372,193
536,275,99,473,886,482,510,136,521,339,184
537,191,126,356,97,204,178,1141,495,182,186
538,302,734,886,58,515,318,476,708,633,268
539,1328,1504,1372,1562,317,514,602,126,407,1649
540,189,1328,301,82,305,689,302,706,282,250
541,1504,1328,1011,133,479,482,407,190,204,184
542,1328,1504,315,189,1372,1649,314,602,514,178
543,346,1328,312,68,317,254,49,132,495,1504
544,1328,747,1372,1649,454,326,1613,252,1509,750
545,1328,357,249,67,100,1064,277,1649,496,320
546,1328,245,662,267,55,901,19,1372,510,284
547,320,429,431,430,181,194,525,176,143,184
548,312,1328,63,317,49,21,271,173,422,172
549,257,747,309,326,312,431,704,120,14,734
550,10,100,315,300,324,1064,649,56,178,954
551,1328,312,317,422,1562,1504,21,47,63,257
552,1504,177,191,126,614,656,602,492,1328,484
553,1328,312,317,495,68,315,1562,96,1649,749
554,1328,1504,1372,1509,1562,271,1649,312,1021,150
555,268,271,204,135,41,11,312,317,55,525
556,285,1328,696,13,343,462,581,47,514,632
557,55,662,149,1372,1328,1504,301,113,1570,126
558,878,824,270,1328,595,664,493,288,739,588
559,918,275,49,125,88,301,712,1504,168,128
560,220,284,113,59,58,662,516,513,168,473
561,1011,992,287,872,832,303,324,177,50,671
562,1328,317,288,47,132,312,1562,749,495,525
563,1328,47,320,309,49,1011,180,173,86,429
564,268,301,284,55,1504,113,1021,653,515,241
565,178,886,649,315,55,191,1328,237,356,211
566,150,252,812,261,90,852,200,178,1064,41
567,918,49,749,171,125,612,301,407,204,132
568,426,482,495,603,602,317,510,315,1328,212
569,302,432,18,1649,123,1328,58,275,1021,1372
570,271,285,49,11,172,476,407,250,656,528
571,8,659,428,250,58,734,476,528,310,316
572,886,515,315,1129,426,63,662,314,301,305
573,49,420,298,180,515,1021,149,169,168,659
574,189,315,1038,167,525,606,202,314,1328,509
575,1328,189,168,113,407,63,49,301,689,165
576,689,1328,1021,935,285,407,878,188,318,897
577,1328,143,312,78,68,264,173,293,598,236
578,704,312,142,250,63,318,422,8,172,131
579,276,288,1328,287,712,344,149,249,49,188
580,133,323,428,481,1504,186,126,480,284,318
581,275,88,189,188,1504,588,49,431,276,918
582,1504,1328,126,480,133,8,581,196,473,602
583,312,256,301,275,326,332,49,1570,128,227
584,514,297,97,513,273,126,169,606,198,415
585,287,149,55,269,1509,681,293,1133,420,18
586,275,323,1504,189,274,92,8,812,178,1100
587,9,1021,268,245,200,311,735,708,689,298
588,704,865,1021,303,49,897,180,287,293,1133
589,918,1021,284,60,407,59,420,528,301,427
590,58,8,339,886,99,267,314,1504,1129,196
591,55,275,99,268,204,11,126,301,474,191
592,21,1062,462,68,285,63,495,1328,169,962
593,63,271,1328,312,428,514,315,197,356,317
594,126,191,178,1328,1504,660,49,155,179,356
595,1328,314,63,18,312,301,305,1372,21,515
596,689,252,165,175,271,257,1166,168,113,167
597,1328,317,343,312,495,989,131,257,346,254
598,1328,288,314,315,300,1615,330,312,675,1129
599,1570,257,297,267,662,332,263,126,312,96
600,588,285,189,175,257,271,1011,178,517,656
601,1328,1372,1129,1562,173,495,142,407,49,1649
602,1328,8,346,747,131,422,1562,581,632,1546
603,1372,1649,432,1504,1509,326,1328,270,323,457
604,126,284,267,186,55,481,85,196,886,344
605,1328,287,1504,271,1064,257,519,63,172,745
606,126,1504,113,168,513,275,178,514,97,284
607,370,270,649,178,511,1072,465,514,863,297
608,513,125,886,897,516,301,14,314,18,85
609,484,135,1064,602,204,431,177,525,268,492
610,1328,204,288,339,55,345,297,314,113,901
611,1328,343,698,1615,330,288,195,1159,317,274
612,49,257,171,1328,271,180,477,656,510,165
613,312,346,747,325,844,254,330,1013,750,256
614,510,653,1141,886,126,186,284,241,426,522
615,1328,189,1504,312,407,257,49,317,222,478
616,178,465,184,1191,134,270,649,176,615,324
617,422,126,312,184,186,320,317,525,431,481
618,279,525,429,86,125,210,143,225,264,236
619,254,325,312,249,422,1328,288,337,401,346
620,1328,49,55,11,515,301,168,88,173,149
621,345,135,97,204,709,301,10,271,178,168
622,1328,632,482,49,312,510,132,495,317,407
623,1328,1504,126,317,63,271,656,11,97,962
624,1328,49,168,88,19,1504,662,113,512,407
625,99,8,178,136,285,191,250,511,275,428
626,252,323,337,428,514,812,258,178,187,579
627,312,1504,330,331,317,240,1328,1560,254,267
628,1328,1504,1062,99,962,126,173,49,177,63
629,312,10,332,330,300,269,560,325,299,1615
630,1328,312,49,317,495,749,125,63,171,173
631,172,312,250,1328,11,1011,204,173,49,21
632,312,325,1328,256,78,81,143,315,293,317
633,323,342,312,314,10,317,1328,297,1562,315
634,268,41,200,320,269,245,326,689,271,248
635,689,245,332,1570,1328,240,128,515,268,331
636,318,476,80,285,257,1159,659,726,689,704
637,305,1328,269,301,143,146,549,300,18,116
638,465,897,944,1011,496,318,290,706,1128,614
639,1328,49,88,167,171,198,610,175,431,182
640,480,135,178,174,200,339,167,284,602,473
641,288,878,308,258,1328,689,407,454,983,612
642,1504,1328,126,1562,155,133,55,186,1649,184
643,1328,1504,1649,142,189,312,0,331,131,484
644,126,113,168,513,55,662,178,510,284,473
645,312,257,125,14,245,267,734,420,314,271
646,1328,1504,431,1649,1372,1562,1653,249,1064,1509
647,189,299,1011,162,312,227,992,172,1328,537
648,1328,204,314,495,317,525,312,47,901,749
649,1328,49,407,188,285,1504,1011,918,172,88
650,301,268,191,150,11,241,168,177,113,515
651,1328,257,1653,116,675,195,21,1372,271,315
652,515,244,301,303,49,1062,173,769,299,2
653,1328,82,189,172,537,689,264,1038,301,250
654,513,200,1504,487,366,431,605,968,361,181
655,287,1504,895,142,8,126,196,318,291,274
656,343,514,268,288,178,271,462,333,954,204
657,1328,315,1129,1372,55,97,63,300,356,135
658,186,431,126,704,320,520,524,291,135,605
659,1328,167,189,407,172,250,7,477,512,49
660,1328,407,49,495,173,356,7,167,482,317
661,1372,1129,315,8,339,314,1328,747,316,675
662,301,143,181,269,55,1328,268,1570,429,1504
663,49,510,407,168,1141,133,113,704,653,918
664,1328,150,331,41,1064,1372,1509,1649,1504,249
665,511,284,1504,58,1328,59,99,473,285,662
666,1141,510,113,1128,407,285,656,483,204,482
667,1328,1509,1504,330,142,172,301,82,1649,9
668,318,285,13,473,1011,1141,656,80,660,528
669,1011,318,312,49,748,309,173,346,171,422
670,346,1328,739,377,923,254,251,291,49,277
671,511,1504,1328,8,1372,235,287,1649,58,323
672,1328,407,49,142,1504,168,188,171,612,431
673,21,515,281,327,312,14,63,160,309,124
674,886,18,169,58,8,136,123,13,211,298
675,1328,407,7,290,477,968,49,587,282,603
676,320,41,332,326,1064,67,324,306,239,155
677,312,326,1504,99,275,194,184,346,325,633
678,257,49,88,271,517,515,189,99,1328,268
679,1504,1328,1372,55,49,168,1509,113,407,1021
680,495,1328,343,415,68,317,377,204,142,285
681,1064,431,320,41,249,135,252,150,257,762
682,431,174,167,249,133,49,134,6,194,660
683,1328,312,49,314,495,346,317,844,407,125
684,639,174,155,150,178,41,511,200,653,320
685,150,1129,135,268,1372,653,55,506,704,41
686,1328,291,1504,1649,245,18,267,346,55,47
687,1328,1504,312,47,1562,1649,293,1011,740,1509
688,747,326,1372,257,6,221,269,342,327,61
689,581,1328,178,315,314,1562,317,356,206,526
690,315,1129,8,886,1372,631,356,339,55,314
691,301,1372,300,326,1662,227,6,201,1328,315
692,1129,267,886,631,315,245,675,314,1372,55
693,1328,312,317,49,495,749,482,422,97,63
694,90,431,9,895,706,918,319,200,1328,1504
695,178,514,511,356,191,1328,169,285,99,241
696,1328,474,339,345,314,315,901,1129,237,55
697,258,537,172,142,726,189,250,162,108,49
698,339,1504,330,1560,346,275,1649,343,1328,248
699,49,171,180,1328,173,312,11,172,257,21
700,301,113,1328,315,1372,168,63,513,1129,356
701,257,189,227,49,312,749,167,171,56,165
702,312,143,49,431,173,426,429,233,177,520
703,749,257,189,510,482,646,509,167,165,132
704,675,747,300,1372,1328,327,14,989,844,537
705,1328,288,343,305,587,125,142,254,327,450
706,300,357,302,1649,886,58,298,205,315,1372
707,320,1011,257,525,431,309,422,704,377,177
708,320,520,409,41,91,194,245,186,100,874
709,1504,1328,133,126,602,168,431,482,407,478
710,343,58,123,427,274,513,212,708,918,60
711,747,897,327,1328,1649,357,346,291,290,1372
712,1328,343,462,318,249,632,257,169,477,49
713,1328,1372,327,1509,1649,747,95,61,326,116
714,268,301,143,293,271,55,204,312,63,525
715,312,125,132,482,749,274,317,704,422,426
716,314,675,315,85,1129,14,284,689,897,1372
717,1328,327,844,1372,1649,747,300,346,305,330
718,606,273,206,219,169,428,968,649,514,1159
719,99,515,58,134,1328,511,473,123,301,428
720,1328,606,172,965,189,142,0,173,637,514
721,257,1328,312,63,734,515,317,21,49,173
722,49,747,180,1328,171,257,1372,173,11,95
723,312,832,332,325,143,287,156,1064,10,560
724,287,18,1509,515,1328,1649,303,558,2,734
725,293,704,312,142,537,428,422,894,162,992
726,168,305,1328,113,513,525,180,407,689,1372
727,312,301,63,271,268,55,1328,11,1129,317
728,257,326,342,353,688,330,299,128,331,364
729,428,318,704,476,734,126,481,196,521,478
730,659,1159,274,428,734,273,110,513,1191,300
731,689,188,268,1021,285,303,331,301,935,90
732,59,58,310,99,136,473,528,123,284,314
733,897,1328,290,739,282,302,1159,291,1059,706
734,49,734,287,126,63,515,428,659,865,704
735,178,150,237,206,208,241,268,191,197,250
736,511,191,99,178,55,155,323,126,59,356
737,1328,49,171,173,407,1504,172,249,180,167
738,18,314,32,302,312,290,303,886,282,567
739,1328,11,1372,237,301,1129,250,268,1006,271
740,126,204,113,168,1141,1128,513,962,495,1328
741,8,271,312,317,126,656,267,422,343,130
742,314,457,301,275,675,1372,257,312,734,315
743,191,126,97,514,63,204,1141,356,271,178
744,300,515,305,197,462,44,315,356,271,54
745,1328,305,268,204,49,11,172,143,173,82
746,1504,126,918,133,481,22,186,275,184,190
747,49,55,1328,11,1239,171,180,245,175,194
748,1328,189,168,431,210,165,135,167,173,97
749,297,1328,314,55,312,1570,332,21,68,63
750,305,1328,477,150,603,268,82,212,484,605
751,150,41,237,142,200,268,183,247,90,67
752,125,513,241,689,85,749,132,482,130,288
753,49,301,287,180,515,734,303,171,275,1328
754,689,312,189,257,271,172,256,125,56,301
755,188,1328,1504,285,268,1021,935,82,90,276
756,1328,1372,1504,49,6,1562,168,194,356,317
757,1328,168,407,113,1372,1618,1504,645,213,301
758,1328,312,537,21,1562,315,299,317,95,173
759,431,357,923,959,100,1064,84,300,587,1162
760,229,279,168,124,297,1662,1570,549,270,160
761,113,178,204,356,514,191,168,213,301,55
762,1372,284,663,1328,60,1129,58,512,59,113
763,1328,1649,1372,1615,317,189,330,495,1562,315
764,886,268,58,267,339,284,59,241,13,55
765,287,1504,511,275,13,126,962,99,895,1021
766,1328,1372,315,1649,189,1129,1504,6,317,1562
767,312,422,99,126,191,8,97,317,581,63
768,285,581,317,99,196,734,58,514,169,63
769,1328,428,696,1504,8,422,1562,317,323,47
770,142,450,258,418,274,704,1159,298,603,348
771,1328,312,689,314,271,63,317,525,21,198
772,80,318,918,704,528,133,284,150,480,407
773,345,1128,204,493,277,614,7,1202,496,588
774,155,55,474,126,323,317,1504,339,1328,333
775,285,1328,407,293,258,1504,314,514,204,13
776,300,100,305,1129,1372,315,1328,357,327,515
777,252,301,429,324,127,878,181,187,326,155
778,1328,312,288,21,317,1562,135,495,1653,422
779,1328,897,47,291,1011,747,173,327,318,290
780,167,182,168,126,431,134,97,189,429,153
781,762,1064,409,41,954,320,21,525,543,100
782,1372,1328,8,315,428,1562,662,1129,207,1649
783,312,1504,1328,317,133,704,1562,479,482,481
784,1328,305,1372,301,11,21,1129,63,204,271
785,1328,495,317,1562,97,356,514,312,195,315
786,312,1011,132,689,325,125,128,256,749,254
787,285,1328,962,13,294,312,297,222,47,935
788,55,275,901,339,149,49,520,1504,179,126
789,149,168,639,345,1662,513,662,55,199,1004
790,175,271,97,63,356,1328,182,257,514,197
791,454,1372,326,256,301,747,750,1328,407,108
792,1328,1504,407,49,204,126,11,612,1011,656
793,55,113,1328,1372,1129,301,168,11,339,513
794,115,113,305,261,301,651,407,268,284,1328
795,1328,293,66,1372,21,95,173,1015,288,495
796,49,171,180,125,168,301,88,312,486,664
797,747,983,318,327,248,677,1011,760,180,1328
798,210,97,63,135,165,257,126,431,177,426
799,1328,1372,314,312,168,315,189,317,113,1649
800,297,332,55,1328,1504,1649,1570,314,312,1509
801,1328,168,279,229,249,221,227,180,49,194
802,314,268,99,55,178,474,271,339,315,514
803,1328,407,878,189,1372,454,306,1649,95,172
804,301,275,901,457,1020,326,873,256,651,314
805,150,704,135,431,1328,133,1504,1129,1372,126
806,1328,689,407,1011,290,264,598,305,49,168
807,55,288,271,323,314,1372,312,474,356,149
808,11,1328,1372,1129,315,301,515,173,63,314
809,1328,1649,47,317,312,1562,1504,1372,95,173
810,1328,537,312,704,303,726,734,274,745,189
811,747,326,299,312,120,332,1649,346,1560,1509
812,364,353,342,220,595,457,572,314,312,189
813,1328,1504,297,270,88,168,126,182,175,49
814,513,125,1136,312,14,675,1129,288,450,315
815,312,1328,288,330,878,293,325,299,269,1509
816,1328,1129,1372,300,11,237,305,268,100,1064
817,1328,49,301,1372,18,123,1649,298,168,1509
818,55,511,268,113,237,178,13,60,285,1328
819,312,275,10,325,299,297,332,287,507,1504
820,1328,513,495,1129,426,291,315,603,168,1372
821,1328,1372,1504,457,168,407,133,189,662,284
822,126,356,514,191,317,178,97,63,99,602
823,1372,1129,269,1509,326,1328,301,200,41,55
824,1328,299,120,194,1011,173,519,116,306,95
825,1328,1649,95,194,47,346,1570,55,1504,901
826,55,41,474,268,10,271,11,326,1372,339
827,300,1372,314,339,315,829,18,1129,237,651
828,189,99,602,473,660,510,356,126,184,479
829,305,689,82,285,1128,290,125,489,515,1019
830,204,525,749,126,182,97,317,135,495,175
831,312,1328,1562,325,317,315,0,1504,95,81
832,178,176,179,237,320,465,184,22,674,645
833,55,149,301,1328,305,10,271,1372,268,269
834,8,275,300,1064,287,1328,1504,1129,959,1372
835,356,510,165,1141,660,522,515,97,520,193
836,1328,450,897,1128,1136,495,1372,195,513,87
837,1328,1372,1504,1129,135,343,150,1562,317,271
838,189,342,310,314,312,261,878,56,1328,514
839,501,345,1328,274,581,1504,739,706,212,178
840,689,1328,271,189,257,312,299,537,172,1372
841,275,200,326,301,248,245,268,46,269,55
842,88,249,1328,188,1649,824,942,6,1216,635
843,1328,82,305,268,7,343,271,603,49,247
844,285,514,606,1328,465,1011,482,602,478,189
845,1328,285,1504,1011,1649,9,13,346,465,204
846,189,125,257,450,537,709,172,271,56,312
847,689,303,301,407,285,189,310,244,250,659
848,1328,1504,1649,1562,1372,312,317,63,1509,1653
849,1328,312,747,325,254,844,142,989,346,327
850,179,1328,520,194,55,173,49,168,1649,345
851,1328,320,47,1011,454,610,285,944,1649,306
852,1021,897,918,420,935,188,865,180,49,899
853,126,275,178,345,1504,287,431,237,22,179
854,1328,189,49,6,172,88,182,167,257,11
855,312,189,301,315,314,185,63,1328,256,78
856,284,704,734,125,271,918,126,63,1021,516
857,257,1064,8,271,581,343,517,1504,812,275
858,689,330,285,331,271,288,240,343,1328,268
859,918,284,1328,133,428,407,49,318,478,1504
860,513,274,125,165,271,113,63,69,168,97
861,1328,331,1662,515,1649,1509,1504,745,88,306
862,95,194,55,1328,155,11,197,409,116,16
863,11,312,1328,49,301,1504,128,55,1649,326
864,49,918,149,55,180,474,261,171,12,113
865,897,311,302,32,899,689,305,18,285,627
866,1372,1328,113,1072,168,310,356,407,662,261
867,174,639,149,55,268,663,653,49,510,305
868,178,194,237,6,167,179,134,182,176,615
869,191,126,428,356,514,178,150,186,495,1328
870,1328,293,1649,143,1504,270,66,1509,95,194
871,865,299,287,332,120,303,309,160,240,124
872,1328,312,885,1372,315,14,203,1129,18,1562
873,356,126,55,1141,169,428,63,510,1129,186
874,275,1504,126,55,339,474,345,113,99,178
875,314,241,1328,317,426,315,99,482,63,13
876,1021,1328,258,1372,284,407,323,13,55,1504
877,428,704,258,481,80,284,133,318,273,422
878,21,1328,63,515,287,1062,126,297,97,317
879,1504,1328,287,346,126,1649,275,317,339,1562
880,88,97,210,189,182,299,227,175,519,177
881,1328,422,431,312,1562,1504,317,1649,132,885
882,252,249,323,431,662,639,6,261,1613,284
883,285,189,99,271,250,268,44,56,58,521
884,317,312,236,126,1328,525,97,21,422,377
885,204,172,525,135,312,49,271,171,11,175
886,1649,84,747,1129,901,897,885,715,200,291
887,1328,312,63,271,317,21,962,97,86,656
888,1021,49,1504,245,268,1328,517,41,188,55
889,339,7,237,343,480,13,249,901,179,164
890,1159,734,274,271,1328,331,312,656,240,58
891,177,1328,198,1504,320,519,518,47,1011,126
892,1328,21,63,173,293,317,312,495,68,1562
893,1328,1504,602,168,1649,126,482,177,431,480
894,1328,8,49,495,63,1372,356,1136,11,317
895,49,171,180,172,173,1141,704,477,193,257
896,431,1504,1328,249,1562,1649,6,422,500,194
897,1372,1129,8,1504,315,326,431,275,1509,1562
898,314,675,85,125,315,288,749,1136,1129,897
899,49,285,1175,612,749,204,12,13,407,918
900,1328,1062,21,537,173,142,659,965,467,299
901,525,204,135,1328,167,189,1038,430,172,484
902,126,184,186,1504,704,481,133,191,22,177
903,343,297,126,422,288,1328,273,1008,344,370
904,301,1328,55,1504,126,1570,426,181,143,429
905,1328,245,1129,291,47,267,284,169,897,305
906,1328,1649,897,935,689,1509,878,598,899,1504
907,312,257,125,254,317,749,271,132,426,130
908,1328,317,312,189,482,315,602,426,63,131
909,312,293,63,495,317,21,1562,191,204,356
910,318,428,528,80,659,58,1021,511,285,298
911,428,8,274,968,495,989,273,422,142,704
912,293,1141,49,258,204,171,271,126,180,172
913,343,288,409,462,377,543,254,923,1328,344
914,339,346,267,314,47,1504,285,13,312,317
915,55,126,267,275,149,245,517,662,99,918
916,513,345,959,274,210,516,220,662,97,315
917,318,58,854,285,331,302,1021,528,9,918
918,287,312,275,1504,274,1064,189,734,475,271
919,275,1504,312,342,1328,49,6,457,296,189
920,1328,293,142,885,288,598,877,327,1040,49
921,704,301,168,49,407,180,188,171,264,172
922,1504,1328,1649,1509,126,1570,55,1372,1562,47
923,1328,1649,131,346,1372,1562,1129,1504,7,173
924,537,312,659,734,428,300,1328,293,63,110
925,268,271,55,63,11,305,1141,312,21,241
926,14,269,747,353,312,402,257,675,125,457
927,1328,339,1504,346,1649,131,132,317,1562,482
928,97,428,126,356,186,191,1141,662,63,196
929,314,115,339,291,220,899,85,305,886,18
930,1328,97,519,317,68,465,198,294,482,526
931,478,126,524,257,88,662,918,428,196,517
932,99,191,126,211,196,356,886,97,184,515
933,270,895,1328,897,168,1649,1504,1372,19,207
934,297,288,689,878,1328,116,299,68,598,160
935,1504,343,1328,188,9,142,90,431,319,1560
936,189,274,407,726,1328,82,489,49,1128,164
937,431,210,704,429,88,168,252,229,134,606
938,1328,1372,300,315,312,514,189,314,271,63
939,268,312,271,275,761,332,41,734,156,14
940,1328,285,13,1504,962,49,11,317,407,99
941,944,1328,343,68,495,317,598,377,142,1504
942,287,303,268,832,872,143,41,142,297,55
